0 1 1000
1 2 1000
2 3 1000
3 4 1000
4 5 1000
5 6 1000
6 7 1000
7 8 1000
8 9 1000
9 10 1000
10 11 1000
11 12 1000
12 13 1000
13 14 1000
14 15 1000
15 16 1000
16 17 1000
17 18 1000
18 19 1000
19 20 1000
20 21 1000
21 22 1000
22 23 1000
23 24 1000
24 25 1000
25 26 1000
26 27 1000
27 28 1000
28 29 1000
29 30 1000
30 31 1000
31 32 1000
32 33 1000
33 34 1000
34 35 1000
35 36 1000
36 37 1000
37 38 1000
38 39 1000
39 40 1000
40 41 1000
41 42 1000
42 43 1000
43 44 1000
44 45 1000
45 46 1000
46 47 1000
47 48 1000
48 49 1000
49 50 1000
50 51 1000
51 52 1000
52 53 1000
53 54 1000
54 55 1000
55 56 1000
56 57 1000
57 58 1000
58 59 1000
59 60 1000
60 61 1000
61 62 1000
62 63 1000
63 64 1000
64 65 1000
65 66 1000
66 67 1000
67 68 1000
68 69 1000
69 70 1000
70 71 1000
71 72 1000
72 73 1000
73 74 1000
74 75 1000
75 76 1000
76 77 1000
77 78 1000
78 79 1000
79 80 1000
80 81 1000
81 82 1000
82 83 1000
83 84 1000
84 85 1000
85 86 1000
86 87 1000
87 88 1000
88 89 1000
89 90 1000
90 91 1000
91 92 1000
92 93 1000
93 94 1000
94 95 1000
95 96 1000
96 97 1000
97 98 1000
98 99 1000
11 22 1000
29 79 1000
23 52 1000
0 90 1000
46 95 1000
25 94 1000
45 80 1000
50 60 1000
40 57 1000
1 94 1000
31 82 1000
11 67 1000
16 72 1000
47 58 1000
39 69 1000
1 34 1000
33 61 1000
1 93 1000
6 9 1000
14 48 1000
29 33 1000
40 60 1000
20 26 1000
35 52 1000
38 91 1000
38 82 1000
2 65 1000
39 89 1000
50 67 1000
33 69 1000
21 92 1000
44 86 1000
6 45 1000
44 62 1000
25 57 1000
36 87 1000
20 85 1000
32 94 1000
18 88 1000
40 72 1000
8 31 1000
17 29 1000
35 43 1000
2 30 1000
6 41 1000
13 62 1000
6 77 1000
50 59 1000
45 79 1000
30 35 1000
15 98 1000
4 15 1000
6 59 1000
37 43 1000
3 27 1000
6 56 1000
16 46 1000
14 35 1000
44 59 1000
42 85 1000
39 48 1000
42 94 1000
43 53 1000
46 63 1000
39 52 1000
35 78 1000
1 87 1000
24 62 1000
36 84 1000
20 39 1000
34 81 1000
37 90 1000
32 65 1000
18 25 1000
12 45 1000
48 71 1000
8 95 1000
3 36 1000
20 24 1000
24 86 1000
21 64 1000
34 59 1000
41 59 1000
41 66 1000
34 61 1000
9 54 1000
6 55 1000
27 40 1000
22 51 1000
44 77 1000
4 75 1000
7 39 1000
11 40 1000
48 71 1000
5 95 1000
20 48 1000
46 54 1000
16 96 1000
19 96 1000
