0 1 1040
1 2 1040
2 3 1040
3 4 1040
4 5 1040
5 6 1040
6 7 1040
7 8 1040
8 9 1040
9 10 1040
10 11 1040
11 12 1040
12 13 1040
13 14 1040
14 15 1040
15 16 1040
16 17 1040
17 18 1040
18 19 1040
19 20 1040
20 21 1040
21 22 1040
22 23 1040
23 24 1040
24 25 1040
25 26 1040
26 27 1040
27 28 1040
28 29 1040
29 30 1040
30 31 1040
31 32 1040
32 33 1040
33 34 1040
34 35 1040
35 36 1040
36 37 1040
37 38 1040
38 39 1040
39 40 1040
40 41 1040
41 42 1040
42 43 1040
43 44 1040
44 45 1040
45 46 1040
46 47 1040
47 48 1040
48 49 1040
49 50 1040
50 51 1040
51 52 1040
52 53 1040
53 54 1040
54 55 1040
55 56 1040
56 57 1040
57 58 1040
58 59 1040
59 60 1040
60 61 1040
61 62 1040
62 63 1040
63 64 1040
64 65 1040
65 66 1040
66 67 1040
67 68 1040
68 69 1040
69 70 1040
70 71 1040
71 72 1040
72 73 1040
73 74 1040
74 75 1040
75 76 1040
76 77 1040
77 78 1040
78 79 1040
79 80 1040
80 81 1040
81 82 1040
82 83 1040
83 84 1040
84 85 1040
85 86 1040
86 87 1040
87 88 1040
88 89 1040
89 90 1040
90 91 1040
91 92 1040
92 93 1040
93 94 1040
94 95 1040
95 96 1040
96 97 1040
97 98 1040
98 99 1040
99 100 1040
100 101 1040
101 102 1040
102 103 1040
1 81 1040
37 87 1040
39 94 1040
46 60 1040
50 97 1040
23 70 1040
5 36 1040
21 54 1040
34 92 1040
19 58 1040
51 78 1040
24 58 1040
4 27 1040
14 53 1040
18 47 1040
42 55 1040
36 93 1040
19 30 1040
31 56 1040
8 31 1040
48 56 1040
20 103 1040
14 29 1040
0 40 1040
31 50 1040
48 59 1040
32 95 1040
11 62 1040
39 90 1040
45 54 1040
49 80 1040
21 78 1040
36 54 1040
37 95 1040
36 57 1040
8 82 1040
41 56 1040
39 61 1040
18 103 1040
50 71 1040
33 85 1040
21 47 1040
39 96 1040
15 80 1040
11 35 1040
41 99 1040
31 87 1040
50 92 1040
32 82 1040
24 83 1040
13 101 1040
4 48 1040
47 52 1040
34 102 1040
21 25 1040
10 97 1040
5 17 1040
19 78 1040
1 93 1040
15 72 1040
22 96 1040
37 65 1040
1 30 1040
13 73 1040
6 55 1040
31 83 1040
45 78 1040
46 100 1040
44 48 1040
30 83 1040
24 65 1040
37 71 1040
44 64 1040
30 49 1040
20 97 1040
45 84 1040
45 66 1040
17 94 1040
16 49 1040
40 80 1040
21 102 1040
5 70 1040
16 46 1040
35 58 1040
1 94 1040
4 74 1040
48 66 1040
16 60 1040
14 66 1040
10 89 1040
23 69 1040
51 53 1040
40 85 1040
13 74 1040
22 88 1040
19 50 1040
36 55 1040
46 49 1040
50 62 1040
38 52 1040
40 58 1040
33 36 1040
