0 1 1080
1 2 1080
2 3 1080
3 4 1080
4 5 1080
5 6 1080
6 7 1080
7 8 1080
8 9 1080
9 10 1080
10 11 1080
11 12 1080
12 13 1080
13 14 1080
14 15 1080
15 16 1080
16 17 1080
17 18 1080
18 19 1080
19 20 1080
20 21 1080
21 22 1080
22 23 1080
23 24 1080
24 25 1080
25 26 1080
26 27 1080
27 28 1080
28 29 1080
29 30 1080
30 31 1080
31 32 1080
32 33 1080
33 34 1080
34 35 1080
35 36 1080
36 37 1080
37 38 1080
38 39 1080
39 40 1080
40 41 1080
41 42 1080
42 43 1080
43 44 1080
44 45 1080
45 46 1080
46 47 1080
47 48 1080
48 49 1080
49 50 1080
50 51 1080
51 52 1080
52 53 1080
53 54 1080
54 55 1080
55 56 1080
56 57 1080
57 58 1080
58 59 1080
59 60 1080
60 61 1080
61 62 1080
62 63 1080
63 64 1080
64 65 1080
65 66 1080
66 67 1080
67 68 1080
68 69 1080
69 70 1080
70 71 1080
71 72 1080
72 73 1080
73 74 1080
74 75 1080
75 76 1080
76 77 1080
77 78 1080
78 79 1080
79 80 1080
80 81 1080
81 82 1080
82 83 1080
83 84 1080
84 85 1080
85 86 1080
86 87 1080
87 88 1080
88 89 1080
89 90 1080
90 91 1080
91 92 1080
92 93 1080
93 94 1080
94 95 1080
95 96 1080
96 97 1080
97 98 1080
98 99 1080
99 100 1080
100 101 1080
101 102 1080
102 103 1080
103 104 1080
104 105 1080
105 106 1080
106 107 1080
13 65 1080
7 101 1080
34 57 1080
5 105 1080
25 91 1080
10 94 1080
8 102 1080
1 60 1080
54 69 1080
11 13 1080
46 90 1080
54 61 1080
41 98 1080
20 96 1080
30 63 1080
26 107 1080
53 104 1080
9 19 1080
6 71 1080
42 77 1080
8 59 1080
33 102 1080
21 57 1080
28 41 1080
10 59 1080
21 45 1080
18 97 1080
35 86 1080
32 65 1080
10 42 1080
7 74 1080
17 39 1080
34 36 1080
21 49 1080
11 91 1080
29 74 1080
20 34 1080
12 74 1080
43 98 1080
22 107 1080
45 57 1080
19 95 1080
37 69 1080
27 81 1080
3 7 1080
11 19 1080
19 99 1080
18 42 1080
39 86 1080
52 105 1080
41 104 1080
31 66 1080
8 64 1080
10 65 1080
26 72 1080
28 96 1080
29 57 1080
12 49 1080
27 83 1080
18 98 1080
2 28 1080
21 74 1080
14 28 1080
45 60 1080
31 38 1080
52 106 1080
25 45 1080
52 83 1080
16 51 1080
29 34 1080
11 33 1080
54 71 1080
19 75 1080
53 80 1080
23 85 1080
40 60 1080
18 72 1080
23 53 1080
22 64 1080
33 100 1080
46 86 1080
30 74 1080
38 73 1080
0 2 1080
11 37 1080
13 87 1080
14 91 1080
38 97 1080
12 49 1080
2 80 1080
25 83 1080
12 106 1080
17 31 1080
46 73 1080
15 79 1080
50 67 1080
1 7 1080
46 89 1080
45 66 1080
41 60 1080
43 101 1080
35 50 1080
14 94 1080
18 31 1080
18 71 1080
18 56 1080
