0 1 1120
1 2 1120
2 3 1120
3 4 1120
4 5 1120
5 6 1120
6 7 1120
7 8 1120
8 9 1120
9 10 1120
10 11 1120
11 12 1120
12 13 1120
13 14 1120
14 15 1120
15 16 1120
16 17 1120
17 18 1120
18 19 1120
19 20 1120
20 21 1120
21 22 1120
22 23 1120
23 24 1120
24 25 1120
25 26 1120
26 27 1120
27 28 1120
28 29 1120
29 30 1120
30 31 1120
31 32 1120
32 33 1120
33 34 1120
34 35 1120
35 36 1120
36 37 1120
37 38 1120
38 39 1120
39 40 1120
40 41 1120
41 42 1120
42 43 1120
43 44 1120
44 45 1120
45 46 1120
46 47 1120
47 48 1120
48 49 1120
49 50 1120
50 51 1120
51 52 1120
52 53 1120
53 54 1120
54 55 1120
55 56 1120
56 57 1120
57 58 1120
58 59 1120
59 60 1120
60 61 1120
61 62 1120
62 63 1120
63 64 1120
64 65 1120
65 66 1120
66 67 1120
67 68 1120
68 69 1120
69 70 1120
70 71 1120
71 72 1120
72 73 1120
73 74 1120
74 75 1120
75 76 1120
76 77 1120
77 78 1120
78 79 1120
79 80 1120
80 81 1120
81 82 1120
82 83 1120
83 84 1120
84 85 1120
85 86 1120
86 87 1120
87 88 1120
88 89 1120
89 90 1120
90 91 1120
91 92 1120
92 93 1120
93 94 1120
94 95 1120
95 96 1120
96 97 1120
97 98 1120
98 99 1120
99 100 1120
100 101 1120
101 102 1120
102 103 1120
103 104 1120
104 105 1120
105 106 1120
106 107 1120
107 108 1120
108 109 1120
109 110 1120
110 111 1120
42 71 1120
20 26 1120
2 32 1120
14 63 1120
10 38 1120
56 95 1120
53 109 1120
45 108 1120
3 20 1120
18 95 1120
42 94 1120
5 96 1120
45 69 1120
24 73 1120
2 90 1120
21 42 1120
10 98 1120
2 94 1120
1 86 1120
31 69 1120
3 22 1120
10 89 1120
11 14 1120
26 29 1120
12 77 1120
37 48 1120
10 105 1120
10 111 1120
36 101 1120
36 61 1120
35 40 1120
48 107 1120
49 107 1120
52 93 1120
29 87 1120
32 80 1120
38 54 1120
46 52 1120
29 37 1120
27 88 1120
23 100 1120
28 57 1120
0 62 1120
48 61 1120
44 104 1120
1 111 1120
45 108 1120
22 82 1120
33 78 1120
44 84 1120
18 80 1120
0 5 1120
24 94 1120
13 74 1120
23 109 1120
32 74 1120
44 92 1120
12 86 1120
11 109 1120
22 106 1120
49 90 1120
48 68 1120
39 58 1120
52 88 1120
23 36 1120
27 53 1120
27 58 1120
44 108 1120
30 50 1120
21 55 1120
50 99 1120
52 86 1120
22 87 1120
55 76 1120
14 43 1120
45 59 1120
46 85 1120
47 64 1120
17 108 1120
41 109 1120
31 88 1120
39 64 1120
46 110 1120
23 28 1120
20 64 1120
48 75 1120
52 69 1120
34 89 1120
37 40 1120
27 51 1120
15 86 1120
30 90 1120
37 102 1120
12 23 1120
13 30 1120
54 104 1120
16 69 1120
48 106 1120
2 58 1120
28 49 1120
29 111 1120
0 42 1120
48 72 1120
20 56 1120
39 71 1120
23 101 1120
3 8 1120
52 65 1120
47 77 1120
34 87 1120
