0 1 1160
1 2 1160
2 3 1160
3 4 1160
4 5 1160
5 6 1160
6 7 1160
7 8 1160
8 9 1160
9 10 1160
10 11 1160
11 12 1160
12 13 1160
13 14 1160
14 15 1160
15 16 1160
16 17 1160
17 18 1160
18 19 1160
19 20 1160
20 21 1160
21 22 1160
22 23 1160
23 24 1160
24 25 1160
25 26 1160
26 27 1160
27 28 1160
28 29 1160
29 30 1160
30 31 1160
31 32 1160
32 33 1160
33 34 1160
34 35 1160
35 36 1160
36 37 1160
37 38 1160
38 39 1160
39 40 1160
40 41 1160
41 42 1160
42 43 1160
43 44 1160
44 45 1160
45 46 1160
46 47 1160
47 48 1160
48 49 1160
49 50 1160
50 51 1160
51 52 1160
52 53 1160
53 54 1160
54 55 1160
55 56 1160
56 57 1160
57 58 1160
58 59 1160
59 60 1160
60 61 1160
61 62 1160
62 63 1160
63 64 1160
64 65 1160
65 66 1160
66 67 1160
67 68 1160
68 69 1160
69 70 1160
70 71 1160
71 72 1160
72 73 1160
73 74 1160
74 75 1160
75 76 1160
76 77 1160
77 78 1160
78 79 1160
79 80 1160
80 81 1160
81 82 1160
82 83 1160
83 84 1160
84 85 1160
85 86 1160
86 87 1160
87 88 1160
88 89 1160
89 90 1160
90 91 1160
91 92 1160
92 93 1160
93 94 1160
94 95 1160
95 96 1160
96 97 1160
97 98 1160
98 99 1160
99 100 1160
100 101 1160
101 102 1160
102 103 1160
103 104 1160
104 105 1160
105 106 1160
106 107 1160
107 108 1160
108 109 1160
109 110 1160
110 111 1160
111 112 1160
112 113 1160
113 114 1160
114 115 1160
41 59 1160
38 49 1160
34 106 1160
42 99 1160
49 75 1160
54 91 1160
36 72 1160
28 95 1160
37 74 1160
24 96 1160
12 57 1160
47 96 1160
41 46 1160
15 109 1160
48 68 1160
52 60 1160
25 80 1160
58 96 1160
23 86 1160
8 37 1160
10 105 1160
31 74 1160
7 18 1160
37 105 1160
10 27 1160
0 95 1160
49 95 1160
1 9 1160
36 69 1160
9 82 1160
44 75 1160
17 21 1160
37 81 1160
0 61 1160
22 93 1160
31 75 1160
1 109 1160
21 31 1160
11 62 1160
34 45 1160
15 77 1160
5 19 1160
34 41 1160
17 31 1160
45 58 1160
52 106 1160
12 41 1160
36 56 1160
38 113 1160
2 76 1160
17 25 1160
39 72 1160
11 101 1160
39 45 1160
19 115 1160
44 85 1160
50 90 1160
54 73 1160
2 94 1160
43 62 1160
6 91 1160
0 45 1160
55 72 1160
18 107 1160
29 94 1160
57 89 1160
2 11 1160
9 97 1160
25 43 1160
19 69 1160
55 69 1160
19 98 1160
43 85 1160
1 74 1160
46 61 1160
31 34 1160
24 98 1160
32 69 1160
39 108 1160
40 62 1160
15 34 1160
45 113 1160
27 48 1160
32 43 1160
0 62 1160
19 93 1160
22 115 1160
47 82 1160
26 80 1160
7 43 1160
58 101 1160
51 66 1160
17 27 1160
38 89 1160
41 66 1160
41 105 1160
7 59 1160
5 82 1160
33 82 1160
37 59 1160
16 96 1160
25 49 1160
58 102 1160
12 58 1160
7 101 1160
47 102 1160
42 95 1160
36 102 1160
1 65 1160
42 58 1160
25 89 1160
16 59 1160
13 57 1160
57 96 1160
