0 1 1200
1 2 1200
2 3 1200
3 4 1200
4 5 1200
5 6 1200
6 7 1200
7 8 1200
8 9 1200
9 10 1200
10 11 1200
11 12 1200
12 13 1200
13 14 1200
14 15 1200
15 16 1200
16 17 1200
17 18 1200
18 19 1200
19 20 1200
20 21 1200
21 22 1200
22 23 1200
23 24 1200
24 25 1200
25 26 1200
26 27 1200
27 28 1200
28 29 1200
29 30 1200
30 31 1200
31 32 1200
32 33 1200
33 34 1200
34 35 1200
35 36 1200
36 37 1200
37 38 1200
38 39 1200
39 40 1200
40 41 1200
41 42 1200
42 43 1200
43 44 1200
44 45 1200
45 46 1200
46 47 1200
47 48 1200
48 49 1200
49 50 1200
50 51 1200
51 52 1200
52 53 1200
53 54 1200
54 55 1200
55 56 1200
56 57 1200
57 58 1200
58 59 1200
59 60 1200
60 61 1200
61 62 1200
62 63 1200
63 64 1200
64 65 1200
65 66 1200
66 67 1200
67 68 1200
68 69 1200
69 70 1200
70 71 1200
71 72 1200
72 73 1200
73 74 1200
74 75 1200
75 76 1200
76 77 1200
77 78 1200
78 79 1200
79 80 1200
80 81 1200
81 82 1200
82 83 1200
83 84 1200
84 85 1200
85 86 1200
86 87 1200
87 88 1200
88 89 1200
89 90 1200
90 91 1200
91 92 1200
92 93 1200
93 94 1200
94 95 1200
95 96 1200
96 97 1200
97 98 1200
98 99 1200
99 100 1200
100 101 1200
101 102 1200
102 103 1200
103 104 1200
104 105 1200
105 106 1200
106 107 1200
107 108 1200
108 109 1200
109 110 1200
110 111 1200
111 112 1200
112 113 1200
113 114 1200
114 115 1200
115 116 1200
116 117 1200
117 118 1200
118 119 1200
58 69 1200
49 113 1200
59 67 1200
4 119 1200
51 65 1200
60 66 1200
25 58 1200
6 33 1200
60 87 1200
30 72 1200
36 91 1200
56 75 1200
27 102 1200
4 81 1200
8 116 1200
57 99 1200
34 77 1200
18 73 1200
23 37 1200
36 91 1200
32 66 1200
10 92 1200
3 7 1200
46 116 1200
21 58 1200
45 85 1200
60 111 1200
60 119 1200
20 35 1200
26 33 1200
26 65 1200
40 84 1200
21 71 1200
43 57 1200
14 67 1200
58 89 1200
8 53 1200
19 89 1200
34 106 1200
30 118 1200
27 44 1200
57 89 1200
35 63 1200
16 70 1200
34 61 1200
24 119 1200
24 45 1200
32 94 1200
6 14 1200
6 90 1200
52 71 1200
54 101 1200
9 26 1200
31 34 1200
28 51 1200
54 112 1200
21 110 1200
11 107 1200
22 78 1200
2 92 1200
37 96 1200
38 78 1200
45 94 1200
14 88 1200
25 50 1200
48 76 1200
27 116 1200
12 89 1200
54 76 1200
32 79 1200
52 95 1200
0 33 1200
18 59 1200
30 67 1200
4 103 1200
16 103 1200
2 33 1200
17 54 1200
57 71 1200
52 88 1200
38 89 1200
44 85 1200
31 75 1200
37 74 1200
24 73 1200
42 107 1200
5 112 1200
52 119 1200
27 86 1200
30 86 1200
39 94 1200
30 79 1200
24 71 1200
43 66 1200
42 104 1200
35 104 1200
17 106 1200
41 112 1200
11 55 1200
55 76 1200
1 15 1200
40 101 1200
26 84 1200
22 43 1200
39 51 1200
0 45 1200
26 79 1200
52 77 1200
44 91 1200
16 53 1200
16 52 1200
53 100 1200
34 112 1200
30 84 1200
33 91 1200
44 84 1200
39 69 1200
