0 1 1240
1 2 1240
2 3 1240
3 4 1240
4 5 1240
5 6 1240
6 7 1240
7 8 1240
8 9 1240
9 10 1240
10 11 1240
11 12 1240
12 13 1240
13 14 1240
14 15 1240
15 16 1240
16 17 1240
17 18 1240
18 19 1240
19 20 1240
20 21 1240
21 22 1240
22 23 1240
23 24 1240
24 25 1240
25 26 1240
26 27 1240
27 28 1240
28 29 1240
29 30 1240
30 31 1240
31 32 1240
32 33 1240
33 34 1240
34 35 1240
35 36 1240
36 37 1240
37 38 1240
38 39 1240
39 40 1240
40 41 1240
41 42 1240
42 43 1240
43 44 1240
44 45 1240
45 46 1240
46 47 1240
47 48 1240
48 49 1240
49 50 1240
50 51 1240
51 52 1240
52 53 1240
53 54 1240
54 55 1240
55 56 1240
56 57 1240
57 58 1240
58 59 1240
59 60 1240
60 61 1240
61 62 1240
62 63 1240
63 64 1240
64 65 1240
65 66 1240
66 67 1240
67 68 1240
68 69 1240
69 70 1240
70 71 1240
71 72 1240
72 73 1240
73 74 1240
74 75 1240
75 76 1240
76 77 1240
77 78 1240
78 79 1240
79 80 1240
80 81 1240
81 82 1240
82 83 1240
83 84 1240
84 85 1240
85 86 1240
86 87 1240
87 88 1240
88 89 1240
89 90 1240
90 91 1240
91 92 1240
92 93 1240
93 94 1240
94 95 1240
95 96 1240
96 97 1240
97 98 1240
98 99 1240
99 100 1240
100 101 1240
101 102 1240
102 103 1240
103 104 1240
104 105 1240
105 106 1240
106 107 1240
107 108 1240
108 109 1240
109 110 1240
110 111 1240
111 112 1240
112 113 1240
113 114 1240
114 115 1240
115 116 1240
116 117 1240
117 118 1240
118 119 1240
119 120 1240
120 121 1240
121 122 1240
122 123 1240
17 53 1240
41 77 1240
14 46 1240
16 58 1240
13 83 1240
5 16 1240
51 76 1240
58 66 1240
7 25 1240
56 118 1240
61 99 1240
54 85 1240
60 95 1240
29 50 1240
12 68 1240
23 100 1240
58 61 1240
34 37 1240
18 101 1240
43 79 1240
9 81 1240
62 78 1240
21 114 1240
11 115 1240
4 104 1240
21 104 1240
26 52 1240
10 94 1240
61 94 1240
23 61 1240
2 98 1240
53 55 1240
39 107 1240
36 39 1240
47 54 1240
46 120 1240
31 73 1240
21 98 1240
28 58 1240
62 91 1240
43 51 1240
48 60 1240
59 73 1240
41 91 1240
21 38 1240
23 93 1240
30 60 1240
9 83 1240
49 84 1240
2 7 1240
34 40 1240
7 78 1240
12 22 1240
60 107 1240
50 114 1240
26 33 1240
45 115 1240
55 76 1240
34 58 1240
10 26 1240
53 59 1240
8 45 1240
9 56 1240
36 75 1240
50 97 1240
19 32 1240
13 99 1240
1 111 1240
41 75 1240
62 105 1240
5 101 1240
35 123 1240
57 78 1240
49 93 1240
13 114 1240
18 100 1240
60 62 1240
19 111 1240
13 64 1240
0 83 1240
12 28 1240
60 65 1240
17 111 1240
5 96 1240
13 64 1240
24 58 1240
15 50 1240
35 42 1240
50 106 1240
17 69 1240
18 25 1240
59 89 1240
58 121 1240
25 43 1240
20 36 1240
21 40 1240
49 106 1240
31 57 1240
14 113 1240
56 63 1240
1 40 1240
22 110 1240
3 112 1240
40 85 1240
3 29 1240
43 64 1240
52 72 1240
41 68 1240
57 89 1240
28 56 1240
9 50 1240
11 67 1240
19 60 1240
33 104 1240
59 75 1240
3 95 1240
30 83 1240
51 92 1240
23 89 1240
51 61 1240
40 47 1240
40 103 1240
28 58 1240
