0 1 1280
1 2 1280
2 3 1280
3 4 1280
4 5 1280
5 6 1280
6 7 1280
7 8 1280
8 9 1280
9 10 1280
10 11 1280
11 12 1280
12 13 1280
13 14 1280
14 15 1280
15 16 1280
16 17 1280
17 18 1280
18 19 1280
19 20 1280
20 21 1280
21 22 1280
22 23 1280
23 24 1280
24 25 1280
25 26 1280
26 27 1280
27 28 1280
28 29 1280
29 30 1280
30 31 1280
31 32 1280
32 33 1280
33 34 1280
34 35 1280
35 36 1280
36 37 1280
37 38 1280
38 39 1280
39 40 1280
40 41 1280
41 42 1280
42 43 1280
43 44 1280
44 45 1280
45 46 1280
46 47 1280
47 48 1280
48 49 1280
49 50 1280
50 51 1280
51 52 1280
52 53 1280
53 54 1280
54 55 1280
55 56 1280
56 57 1280
57 58 1280
58 59 1280
59 60 1280
60 61 1280
61 62 1280
62 63 1280
63 64 1280
64 65 1280
65 66 1280
66 67 1280
67 68 1280
68 69 1280
69 70 1280
70 71 1280
71 72 1280
72 73 1280
73 74 1280
74 75 1280
75 76 1280
76 77 1280
77 78 1280
78 79 1280
79 80 1280
80 81 1280
81 82 1280
82 83 1280
83 84 1280
84 85 1280
85 86 1280
86 87 1280
87 88 1280
88 89 1280
89 90 1280
90 91 1280
91 92 1280
92 93 1280
93 94 1280
94 95 1280
95 96 1280
96 97 1280
97 98 1280
98 99 1280
99 100 1280
100 101 1280
101 102 1280
102 103 1280
103 104 1280
104 105 1280
105 106 1280
106 107 1280
107 108 1280
108 109 1280
109 110 1280
110 111 1280
111 112 1280
112 113 1280
113 114 1280
114 115 1280
115 116 1280
116 117 1280
117 118 1280
118 119 1280
119 120 1280
120 121 1280
121 122 1280
122 123 1280
123 124 1280
124 125 1280
125 126 1280
126 127 1280
48 89 1280
4 107 1280
64 79 1280
44 47 1280
14 29 1280
20 100 1280
58 106 1280
39 87 1280
28 124 1280
1 23 1280
53 117 1280
0 45 1280
15 115 1280
55 60 1280
16 120 1280
6 54 1280
64 108 1280
54 98 1280
51 84 1280
59 65 1280
46 50 1280
22 102 1280
21 44 1280
36 73 1280
59 107 1280
22 58 1280
63 74 1280
42 60 1280
8 65 1280
10 35 1280
32 58 1280
13 62 1280
59 97 1280
8 29 1280
33 125 1280
59 111 1280
23 79 1280
24 57 1280
48 80 1280
33 84 1280
17 77 1280
18 77 1280
25 70 1280
24 49 1280
53 109 1280
47 123 1280
49 63 1280
17 121 1280
37 59 1280
37 69 1280
59 109 1280
13 40 1280
14 24 1280
13 26 1280
11 43 1280
51 107 1280
45 67 1280
35 101 1280
39 119 1280
42 103 1280
36 73 1280
17 48 1280
49 106 1280
42 65 1280
37 101 1280
40 48 1280
43 54 1280
8 75 1280
33 57 1280
33 76 1280
62 84 1280
45 52 1280
33 75 1280
37 117 1280
35 107 1280
33 109 1280
54 101 1280
19 92 1280
8 71 1280
52 64 1280
42 102 1280
28 32 1280
12 41 1280
57 81 1280
56 68 1280
45 115 1280
27 111 1280
57 114 1280
7 71 1280
11 71 1280
0 61 1280
31 102 1280
46 105 1280
30 77 1280
32 81 1280
51 58 1280
60 69 1280
3 105 1280
23 34 1280
13 121 1280
11 125 1280
59 75 1280
40 113 1280
60 102 1280
40 101 1280
40 78 1280
25 36 1280
36 88 1280
9 53 1280
3 105 1280
12 123 1280
30 98 1280
48 115 1280
38 46 1280
38 53 1280
48 92 1280
55 84 1280
61 101 1280
41 89 1280
35 97 1280
12 48 1280
46 120 1280
42 47 1280
20 64 1280
50 84 1280
50 100 1280
56 93 1280
