0 1 1320
1 2 1320
2 3 1320
3 4 1320
4 5 1320
5 6 1320
6 7 1320
7 8 1320
8 9 1320
9 10 1320
10 11 1320
11 12 1320
12 13 1320
13 14 1320
14 15 1320
15 16 1320
16 17 1320
17 18 1320
18 19 1320
19 20 1320
20 21 1320
21 22 1320
22 23 1320
23 24 1320
24 25 1320
25 26 1320
26 27 1320
27 28 1320
28 29 1320
29 30 1320
30 31 1320
31 32 1320
32 33 1320
33 34 1320
34 35 1320
35 36 1320
36 37 1320
37 38 1320
38 39 1320
39 40 1320
40 41 1320
41 42 1320
42 43 1320
43 44 1320
44 45 1320
45 46 1320
46 47 1320
47 48 1320
48 49 1320
49 50 1320
50 51 1320
51 52 1320
52 53 1320
53 54 1320
54 55 1320
55 56 1320
56 57 1320
57 58 1320
58 59 1320
59 60 1320
60 61 1320
61 62 1320
62 63 1320
63 64 1320
64 65 1320
65 66 1320
66 67 1320
67 68 1320
68 69 1320
69 70 1320
70 71 1320
71 72 1320
72 73 1320
73 74 1320
74 75 1320
75 76 1320
76 77 1320
77 78 1320
78 79 1320
79 80 1320
80 81 1320
81 82 1320
82 83 1320
83 84 1320
84 85 1320
85 86 1320
86 87 1320
87 88 1320
88 89 1320
89 90 1320
90 91 1320
91 92 1320
92 93 1320
93 94 1320
94 95 1320
95 96 1320
96 97 1320
97 98 1320
98 99 1320
99 100 1320
100 101 1320
101 102 1320
102 103 1320
103 104 1320
104 105 1320
105 106 1320
106 107 1320
107 108 1320
108 109 1320
109 110 1320
110 111 1320
111 112 1320
112 113 1320
113 114 1320
114 115 1320
115 116 1320
116 117 1320
117 118 1320
118 119 1320
119 120 1320
120 121 1320
121 122 1320
122 123 1320
123 124 1320
124 125 1320
125 126 1320
126 127 1320
127 128 1320
128 129 1320
129 130 1320
130 131 1320
9 115 1320
58 62 1320
28 93 1320
15 124 1320
35 47 1320
33 36 1320
52 64 1320
66 80 1320
4 99 1320
55 73 1320
20 66 1320
6 36 1320
35 117 1320
64 83 1320
45 57 1320
13 109 1320
14 44 1320
61 73 1320
56 104 1320
33 87 1320
13 41 1320
28 80 1320
60 124 1320
36 92 1320
61 93 1320
31 66 1320
2 66 1320
33 40 1320
49 84 1320
3 72 1320
33 89 1320
60 65 1320
3 100 1320
39 88 1320
21 125 1320
46 130 1320
34 40 1320
9 72 1320
2 34 1320
15 44 1320
23 35 1320
49 89 1320
57 128 1320
49 72 1320
8 30 1320
55 68 1320
24 131 1320
1 16 1320
16 67 1320
45 80 1320
19 43 1320
12 31 1320
57 101 1320
38 83 1320
14 73 1320
15 24 1320
43 93 1320
63 74 1320
26 107 1320
15 65 1320
28 69 1320
22 91 1320
65 125 1320
58 122 1320
54 97 1320
40 76 1320
33 40 1320
44 129 1320
21 87 1320
16 125 1320
45 83 1320
13 18 1320
14 60 1320
25 88 1320
63 99 1320
45 100 1320
42 123 1320
32 62 1320
34 82 1320
7 71 1320
40 128 1320
36 126 1320
9 86 1320
24 28 1320
66 81 1320
62 84 1320
52 126 1320
23 82 1320
13 48 1320
21 101 1320
38 104 1320
58 106 1320
11 42 1320
46 86 1320
16 124 1320
38 99 1320
49 64 1320
21 87 1320
15 34 1320
31 117 1320
10 108 1320
12 128 1320
51 93 1320
12 19 1320
38 128 1320
8 86 1320
35 104 1320
43 45 1320
60 115 1320
37 121 1320
19 41 1320
27 127 1320
15 126 1320
8 83 1320
49 71 1320
7 96 1320
7 119 1320
32 111 1320
17 26 1320
39 84 1320
37 94 1320
51 54 1320
14 74 1320
33 91 1320
23 30 1320
51 84 1320
11 23 1320
14 34 1320
39 83 1320
25 90 1320
