0 1 1360
1 2 1360
2 3 1360
3 4 1360
4 5 1360
5 6 1360
6 7 1360
7 8 1360
8 9 1360
9 10 1360
10 11 1360
11 12 1360
12 13 1360
13 14 1360
14 15 1360
15 16 1360
16 17 1360
17 18 1360
18 19 1360
19 20 1360
20 21 1360
21 22 1360
22 23 1360
23 24 1360
24 25 1360
25 26 1360
26 27 1360
27 28 1360
28 29 1360
29 30 1360
30 31 1360
31 32 1360
32 33 1360
33 34 1360
34 35 1360
35 36 1360
36 37 1360
37 38 1360
38 39 1360
39 40 1360
40 41 1360
41 42 1360
42 43 1360
43 44 1360
44 45 1360
45 46 1360
46 47 1360
47 48 1360
48 49 1360
49 50 1360
50 51 1360
51 52 1360
52 53 1360
53 54 1360
54 55 1360
55 56 1360
56 57 1360
57 58 1360
58 59 1360
59 60 1360
60 61 1360
61 62 1360
62 63 1360
63 64 1360
64 65 1360
65 66 1360
66 67 1360
67 68 1360
68 69 1360
69 70 1360
70 71 1360
71 72 1360
72 73 1360
73 74 1360
74 75 1360
75 76 1360
76 77 1360
77 78 1360
78 79 1360
79 80 1360
80 81 1360
81 82 1360
82 83 1360
83 84 1360
84 85 1360
85 86 1360
86 87 1360
87 88 1360
88 89 1360
89 90 1360
90 91 1360
91 92 1360
92 93 1360
93 94 1360
94 95 1360
95 96 1360
96 97 1360
97 98 1360
98 99 1360
99 100 1360
100 101 1360
101 102 1360
102 103 1360
103 104 1360
104 105 1360
105 106 1360
106 107 1360
107 108 1360
108 109 1360
109 110 1360
110 111 1360
111 112 1360
112 113 1360
113 114 1360
114 115 1360
115 116 1360
116 117 1360
117 118 1360
118 119 1360
119 120 1360
120 121 1360
121 122 1360
122 123 1360
123 124 1360
124 125 1360
125 126 1360
126 127 1360
127 128 1360
128 129 1360
129 130 1360
130 131 1360
131 132 1360
132 133 1360
133 134 1360
134 135 1360
27 114 1360
36 120 1360
58 74 1360
11 108 1360
11 92 1360
31 84 1360
62 94 1360
48 61 1360
62 121 1360
4 133 1360
45 54 1360
11 23 1360
29 82 1360
62 112 1360
63 75 1360
57 71 1360
60 62 1360
57 68 1360
57 74 1360
20 135 1360
37 82 1360
19 111 1360
49 120 1360
25 49 1360
50 95 1360
1 44 1360
20 47 1360
15 86 1360
56 128 1360
45 92 1360
44 109 1360
42 119 1360
22 122 1360
10 30 1360
64 82 1360
37 110 1360
63 83 1360
9 107 1360
7 35 1360
2 132 1360
48 123 1360
9 131 1360
53 82 1360
12 61 1360
29 129 1360
1 91 1360
11 40 1360
13 126 1360
11 14 1360
3 20 1360
0 116 1360
24 95 1360
27 119 1360
36 114 1360
24 124 1360
57 66 1360
65 127 1360
56 108 1360
10 127 1360
37 122 1360
18 103 1360
37 75 1360
2 122 1360
21 133 1360
54 123 1360
7 36 1360
0 97 1360
4 79 1360
14 96 1360
11 116 1360
46 124 1360
37 74 1360
18 52 1360
60 127 1360
17 69 1360
64 77 1360
55 118 1360
25 60 1360
28 79 1360
16 135 1360
56 68 1360
45 98 1360
55 100 1360
13 57 1360
10 15 1360
30 87 1360
17 62 1360
50 58 1360
67 104 1360
0 89 1360
47 56 1360
37 120 1360
41 50 1360
0 14 1360
35 112 1360
43 50 1360
50 68 1360
15 70 1360
16 117 1360
51 110 1360
33 78 1360
34 118 1360
14 84 1360
58 117 1360
3 20 1360
37 67 1360
52 119 1360
23 97 1360
66 72 1360
44 78 1360
31 62 1360
41 114 1360
30 105 1360
60 74 1360
3 62 1360
5 109 1360
63 124 1360
34 122 1360
54 99 1360
0 82 1360
23 69 1360
16 45 1360
0 99 1360
48 87 1360
19 115 1360
14 60 1360
32 45 1360
33 36 1360
21 107 1360
59 85 1360
12 101 1360
28 35 1360
53 92 1360
