0 1 1400
1 2 1400
2 3 1400
3 4 1400
4 5 1400
5 6 1400
6 7 1400
7 8 1400
8 9 1400
9 10 1400
10 11 1400
11 12 1400
12 13 1400
13 14 1400
14 15 1400
15 16 1400
16 17 1400
17 18 1400
18 19 1400
19 20 1400
20 21 1400
21 22 1400
22 23 1400
23 24 1400
24 25 1400
25 26 1400
26 27 1400
27 28 1400
28 29 1400
29 30 1400
30 31 1400
31 32 1400
32 33 1400
33 34 1400
34 35 1400
35 36 1400
36 37 1400
37 38 1400
38 39 1400
39 40 1400
40 41 1400
41 42 1400
42 43 1400
43 44 1400
44 45 1400
45 46 1400
46 47 1400
47 48 1400
48 49 1400
49 50 1400
50 51 1400
51 52 1400
52 53 1400
53 54 1400
54 55 1400
55 56 1400
56 57 1400
57 58 1400
58 59 1400
59 60 1400
60 61 1400
61 62 1400
62 63 1400
63 64 1400
64 65 1400
65 66 1400
66 67 1400
67 68 1400
68 69 1400
69 70 1400
70 71 1400
71 72 1400
72 73 1400
73 74 1400
74 75 1400
75 76 1400
76 77 1400
77 78 1400
78 79 1400
79 80 1400
80 81 1400
81 82 1400
82 83 1400
83 84 1400
84 85 1400
85 86 1400
86 87 1400
87 88 1400
88 89 1400
89 90 1400
90 91 1400
91 92 1400
92 93 1400
93 94 1400
94 95 1400
95 96 1400
96 97 1400
97 98 1400
98 99 1400
99 100 1400
100 101 1400
101 102 1400
102 103 1400
103 104 1400
104 105 1400
105 106 1400
106 107 1400
107 108 1400
108 109 1400
109 110 1400
110 111 1400
111 112 1400
112 113 1400
113 114 1400
114 115 1400
115 116 1400
116 117 1400
117 118 1400
118 119 1400
119 120 1400
120 121 1400
121 122 1400
122 123 1400
123 124 1400
124 125 1400
125 126 1400
126 127 1400
127 128 1400
128 129 1400
129 130 1400
130 131 1400
131 132 1400
132 133 1400
133 134 1400
134 135 1400
135 136 1400
136 137 1400
137 138 1400
138 139 1400
19 45 1400
15 120 1400
22 86 1400
22 111 1400
30 123 1400
21 29 1400
1 71 1400
35 74 1400
8 10 1400
50 89 1400
57 60 1400
29 77 1400
53 103 1400
0 59 1400
24 70 1400
12 98 1400
37 39 1400
44 118 1400
62 115 1400
4 139 1400
28 37 1400
14 18 1400
0 116 1400
19 28 1400
69 111 1400
11 132 1400
24 43 1400
62 132 1400
66 119 1400
40 125 1400
45 131 1400
10 61 1400
3 117 1400
59 79 1400
15 79 1400
38 49 1400
2 96 1400
21 84 1400
18 119 1400
28 97 1400
53 88 1400
2 57 1400
33 61 1400
44 60 1400
9 50 1400
59 125 1400
65 67 1400
24 131 1400
62 125 1400
69 136 1400
60 97 1400
6 80 1400
22 57 1400
50 135 1400
8 73 1400
10 132 1400
44 130 1400
64 79 1400
7 67 1400
42 64 1400
39 52 1400
24 28 1400
16 47 1400
56 84 1400
65 98 1400
6 21 1400
49 73 1400
2 94 1400
49 111 1400
10 38 1400
27 77 1400
8 109 1400
35 109 1400
21 80 1400
70 100 1400
1 14 1400
46 108 1400
8 64 1400
18 127 1400
62 88 1400
44 131 1400
60 90 1400
13 84 1400
52 83 1400
59 110 1400
46 67 1400
63 69 1400
37 82 1400
15 86 1400
55 69 1400
12 116 1400
12 52 1400
33 108 1400
52 102 1400
44 113 1400
10 136 1400
22 94 1400
45 70 1400
32 123 1400
21 98 1400
4 73 1400
3 107 1400
4 138 1400
32 56 1400
40 108 1400
58 119 1400
13 99 1400
66 69 1400
19 131 1400
44 121 1400
59 116 1400
0 54 1400
11 99 1400
32 72 1400
63 126 1400
9 67 1400
14 100 1400
50 103 1400
23 118 1400
12 113 1400
57 118 1400
6 20 1400
38 67 1400
23 43 1400
38 58 1400
13 18 1400
62 74 1400
17 48 1400
8 86 1400
20 70 1400
47 98 1400
35 132 1400
69 134 1400
44 79 1400
1 4 1400
1 59 1400
49 97 1400
