0 1 1440
1 2 1440
2 3 1440
3 4 1440
4 5 1440
5 6 1440
6 7 1440
7 8 1440
8 9 1440
9 10 1440
10 11 1440
11 12 1440
12 13 1440
13 14 1440
14 15 1440
15 16 1440
16 17 1440
17 18 1440
18 19 1440
19 20 1440
20 21 1440
21 22 1440
22 23 1440
23 24 1440
24 25 1440
25 26 1440
26 27 1440
27 28 1440
28 29 1440
29 30 1440
30 31 1440
31 32 1440
32 33 1440
33 34 1440
34 35 1440
35 36 1440
36 37 1440
37 38 1440
38 39 1440
39 40 1440
40 41 1440
41 42 1440
42 43 1440
43 44 1440
44 45 1440
45 46 1440
46 47 1440
47 48 1440
48 49 1440
49 50 1440
50 51 1440
51 52 1440
52 53 1440
53 54 1440
54 55 1440
55 56 1440
56 57 1440
57 58 1440
58 59 1440
59 60 1440
60 61 1440
61 62 1440
62 63 1440
63 64 1440
64 65 1440
65 66 1440
66 67 1440
67 68 1440
68 69 1440
69 70 1440
70 71 1440
71 72 1440
72 73 1440
73 74 1440
74 75 1440
75 76 1440
76 77 1440
77 78 1440
78 79 1440
79 80 1440
80 81 1440
81 82 1440
82 83 1440
83 84 1440
84 85 1440
85 86 1440
86 87 1440
87 88 1440
88 89 1440
89 90 1440
90 91 1440
91 92 1440
92 93 1440
93 94 1440
94 95 1440
95 96 1440
96 97 1440
97 98 1440
98 99 1440
99 100 1440
100 101 1440
101 102 1440
102 103 1440
103 104 1440
104 105 1440
105 106 1440
106 107 1440
107 108 1440
108 109 1440
109 110 1440
110 111 1440
111 112 1440
112 113 1440
113 114 1440
114 115 1440
115 116 1440
116 117 1440
117 118 1440
118 119 1440
119 120 1440
120 121 1440
121 122 1440
122 123 1440
123 124 1440
124 125 1440
125 126 1440
126 127 1440
127 128 1440
128 129 1440
129 130 1440
130 131 1440
131 132 1440
132 133 1440
133 134 1440
134 135 1440
135 136 1440
136 137 1440
137 138 1440
138 139 1440
139 140 1440
140 141 1440
141 142 1440
142 143 1440
9 134 1440
23 29 1440
23 85 1440
62 100 1440
24 86 1440
61 102 1440
47 109 1440
33 124 1440
7 41 1440
38 136 1440
40 62 1440
69 84 1440
55 67 1440
62 141 1440
23 28 1440
55 114 1440
13 126 1440
25 107 1440
43 76 1440
34 118 1440
9 89 1440
62 134 1440
2 57 1440
30 89 1440
55 91 1440
6 137 1440
1 111 1440
6 115 1440
2 71 1440
47 52 1440
26 101 1440
11 31 1440
41 95 1440
70 91 1440
56 106 1440
26 112 1440
71 127 1440
56 83 1440
39 143 1440
3 14 1440
45 62 1440
16 38 1440
50 95 1440
60 85 1440
33 134 1440
3 114 1440
7 117 1440
24 142 1440
69 104 1440
71 90 1440
65 102 1440
48 137 1440
63 89 1440
30 127 1440
30 126 1440
23 90 1440
66 116 1440
10 122 1440
21 108 1440
51 69 1440
52 72 1440
68 91 1440
13 21 1440
3 101 1440
11 133 1440
39 59 1440
58 130 1440
10 92 1440
8 51 1440
33 61 1440
49 71 1440
71 126 1440
56 72 1440
58 111 1440
31 47 1440
22 69 1440
0 49 1440
21 84 1440
58 95 1440
22 72 1440
32 85 1440
59 114 1440
3 36 1440
67 97 1440
10 46 1440
25 30 1440
1 33 1440
71 105 1440
70 137 1440
21 87 1440
68 114 1440
58 116 1440
46 103 1440
32 41 1440
62 92 1440
13 63 1440
20 106 1440
18 73 1440
37 142 1440
30 43 1440
58 126 1440
23 74 1440
29 60 1440
60 143 1440
63 87 1440
10 142 1440
1 58 1440
66 132 1440
0 91 1440
11 117 1440
3 107 1440
8 66 1440
14 108 1440
25 97 1440
28 46 1440
65 79 1440
40 53 1440
14 35 1440
54 136 1440
57 130 1440
21 54 1440
42 109 1440
59 94 1440
1 57 1440
11 136 1440
48 75 1440
72 88 1440
68 86 1440
9 66 1440
16 109 1440
34 67 1440
0 96 1440
65 124 1440
1 64 1440
44 64 1440
17 27 1440
22 141 1440
71 106 1440
5 131 1440
55 93 1440
39 85 1440
21 43 1440
