0 1 1480
1 2 1480
2 3 1480
3 4 1480
4 5 1480
5 6 1480
6 7 1480
7 8 1480
8 9 1480
9 10 1480
10 11 1480
11 12 1480
12 13 1480
13 14 1480
14 15 1480
15 16 1480
16 17 1480
17 18 1480
18 19 1480
19 20 1480
20 21 1480
21 22 1480
22 23 1480
23 24 1480
24 25 1480
25 26 1480
26 27 1480
27 28 1480
28 29 1480
29 30 1480
30 31 1480
31 32 1480
32 33 1480
33 34 1480
34 35 1480
35 36 1480
36 37 1480
37 38 1480
38 39 1480
39 40 1480
40 41 1480
41 42 1480
42 43 1480
43 44 1480
44 45 1480
45 46 1480
46 47 1480
47 48 1480
48 49 1480
49 50 1480
50 51 1480
51 52 1480
52 53 1480
53 54 1480
54 55 1480
55 56 1480
56 57 1480
57 58 1480
58 59 1480
59 60 1480
60 61 1480
61 62 1480
62 63 1480
63 64 1480
64 65 1480
65 66 1480
66 67 1480
67 68 1480
68 69 1480
69 70 1480
70 71 1480
71 72 1480
72 73 1480
73 74 1480
74 75 1480
75 76 1480
76 77 1480
77 78 1480
78 79 1480
79 80 1480
80 81 1480
81 82 1480
82 83 1480
83 84 1480
84 85 1480
85 86 1480
86 87 1480
87 88 1480
88 89 1480
89 90 1480
90 91 1480
91 92 1480
92 93 1480
93 94 1480
94 95 1480
95 96 1480
96 97 1480
97 98 1480
98 99 1480
99 100 1480
100 101 1480
101 102 1480
102 103 1480
103 104 1480
104 105 1480
105 106 1480
106 107 1480
107 108 1480
108 109 1480
109 110 1480
110 111 1480
111 112 1480
112 113 1480
113 114 1480
114 115 1480
115 116 1480
116 117 1480
117 118 1480
118 119 1480
119 120 1480
120 121 1480
121 122 1480
122 123 1480
123 124 1480
124 125 1480
125 126 1480
126 127 1480
127 128 1480
128 129 1480
129 130 1480
130 131 1480
131 132 1480
132 133 1480
133 134 1480
134 135 1480
135 136 1480
136 137 1480
137 138 1480
138 139 1480
139 140 1480
140 141 1480
141 142 1480
142 143 1480
143 144 1480
144 145 1480
145 146 1480
146 147 1480
64 140 1480
20 25 1480
21 100 1480
23 123 1480
8 38 1480
74 141 1480
20 82 1480
72 132 1480
32 59 1480
21 42 1480
41 96 1480
54 65 1480
10 100 1480
63 94 1480
1 9 1480
60 89 1480
1 13 1480
7 140 1480
26 120 1480
45 131 1480
39 51 1480
39 146 1480
70 119 1480
4 97 1480
2 50 1480
34 45 1480
15 49 1480
68 127 1480
23 67 1480
28 32 1480
30 114 1480
34 37 1480
22 53 1480
6 78 1480
33 136 1480
34 115 1480
41 141 1480
69 137 1480
63 107 1480
49 93 1480
64 79 1480
0 136 1480
6 14 1480
37 136 1480
72 122 1480
74 108 1480
29 84 1480
7 61 1480
30 60 1480
26 73 1480
31 63 1480
41 140 1480
19 48 1480
31 131 1480
34 69 1480
16 72 1480
71 131 1480
68 80 1480
11 118 1480
61 84 1480
39 128 1480
31 107 1480
70 98 1480
30 86 1480
38 109 1480
7 118 1480
0 24 1480
10 116 1480
53 95 1480
43 56 1480
7 83 1480
69 104 1480
46 118 1480
51 131 1480
5 66 1480
7 74 1480
35 80 1480
7 31 1480
38 94 1480
31 87 1480
2 84 1480
61 107 1480
69 111 1480
16 84 1480
38 125 1480
46 74 1480
5 15 1480
62 135 1480
14 18 1480
49 70 1480
4 132 1480
6 63 1480
59 111 1480
63 111 1480
13 22 1480
53 75 1480
60 120 1480
7 13 1480
2 112 1480
6 9 1480
38 124 1480
66 81 1480
27 96 1480
19 46 1480
55 114 1480
60 96 1480
28 72 1480
25 89 1480
67 137 1480
9 144 1480
55 74 1480
13 96 1480
70 77 1480
53 147 1480
24 137 1480
30 127 1480
69 111 1480
38 88 1480
66 129 1480
31 137 1480
34 131 1480
33 111 1480
73 133 1480
41 113 1480
12 69 1480
63 127 1480
35 48 1480
54 90 1480
25 33 1480
11 130 1480
10 83 1480
10 63 1480
74 77 1480
59 74 1480
58 65 1480
74 119 1480
33 147 1480
6 114 1480
11 36 1480
28 48 1480
64 101 1480
73 106 1480
23 112 1480
54 76 1480
35 105 1480
53 71 1480
69 128 1480
