0 1 1520
1 2 1520
2 3 1520
3 4 1520
4 5 1520
5 6 1520
6 7 1520
7 8 1520
8 9 1520
9 10 1520
10 11 1520
11 12 1520
12 13 1520
13 14 1520
14 15 1520
15 16 1520
16 17 1520
17 18 1520
18 19 1520
19 20 1520
20 21 1520
21 22 1520
22 23 1520
23 24 1520
24 25 1520
25 26 1520
26 27 1520
27 28 1520
28 29 1520
29 30 1520
30 31 1520
31 32 1520
32 33 1520
33 34 1520
34 35 1520
35 36 1520
36 37 1520
37 38 1520
38 39 1520
39 40 1520
40 41 1520
41 42 1520
42 43 1520
43 44 1520
44 45 1520
45 46 1520
46 47 1520
47 48 1520
48 49 1520
49 50 1520
50 51 1520
51 52 1520
52 53 1520
53 54 1520
54 55 1520
55 56 1520
56 57 1520
57 58 1520
58 59 1520
59 60 1520
60 61 1520
61 62 1520
62 63 1520
63 64 1520
64 65 1520
65 66 1520
66 67 1520
67 68 1520
68 69 1520
69 70 1520
70 71 1520
71 72 1520
72 73 1520
73 74 1520
74 75 1520
75 76 1520
76 77 1520
77 78 1520
78 79 1520
79 80 1520
80 81 1520
81 82 1520
82 83 1520
83 84 1520
84 85 1520
85 86 1520
86 87 1520
87 88 1520
88 89 1520
89 90 1520
90 91 1520
91 92 1520
92 93 1520
93 94 1520
94 95 1520
95 96 1520
96 97 1520
97 98 1520
98 99 1520
99 100 1520
100 101 1520
101 102 1520
102 103 1520
103 104 1520
104 105 1520
105 106 1520
106 107 1520
107 108 1520
108 109 1520
109 110 1520
110 111 1520
111 112 1520
112 113 1520
113 114 1520
114 115 1520
115 116 1520
116 117 1520
117 118 1520
118 119 1520
119 120 1520
120 121 1520
121 122 1520
122 123 1520
123 124 1520
124 125 1520
125 126 1520
126 127 1520
127 128 1520
128 129 1520
129 130 1520
130 131 1520
131 132 1520
132 133 1520
133 134 1520
134 135 1520
135 136 1520
136 137 1520
137 138 1520
138 139 1520
139 140 1520
140 141 1520
141 142 1520
142 143 1520
143 144 1520
144 145 1520
145 146 1520
146 147 1520
147 148 1520
148 149 1520
149 150 1520
150 151 1520
28 43 1520
10 107 1520
47 85 1520
41 138 1520
59 133 1520
0 92 1520
26 44 1520
71 130 1520
61 140 1520
36 137 1520
54 110 1520
36 70 1520
0 30 1520
58 76 1520
33 44 1520
44 83 1520
5 149 1520
48 134 1520
39 63 1520
6 95 1520
48 53 1520
4 24 1520
62 128 1520
35 116 1520
23 146 1520
24 136 1520
75 95 1520
33 48 1520
5 94 1520
16 98 1520
17 19 1520
8 66 1520
51 63 1520
18 59 1520
65 149 1520
2 45 1520
14 36 1520
36 117 1520
72 137 1520
43 120 1520
42 144 1520
54 62 1520
62 72 1520
30 145 1520
57 149 1520
59 122 1520
65 130 1520
54 108 1520
49 147 1520
24 90 1520
18 70 1520
24 40 1520
37 64 1520
56 138 1520
68 71 1520
35 124 1520
33 150 1520
52 138 1520
21 78 1520
71 111 1520
69 85 1520
70 109 1520
20 53 1520
37 56 1520
74 109 1520
50 53 1520
37 74 1520
16 40 1520
9 47 1520
68 119 1520
15 108 1520
9 13 1520
75 139 1520
38 98 1520
12 125 1520
65 107 1520
49 66 1520
68 123 1520
10 97 1520
27 46 1520
74 130 1520
33 95 1520
55 145 1520
15 64 1520
72 83 1520
28 72 1520
64 68 1520
23 113 1520
59 101 1520
76 120 1520
60 98 1520
38 53 1520
36 98 1520
27 129 1520
40 48 1520
12 15 1520
31 45 1520
32 61 1520
22 141 1520
66 128 1520
62 105 1520
4 84 1520
11 55 1520
51 132 1520
57 89 1520
5 105 1520
49 94 1520
8 83 1520
14 102 1520
47 105 1520
49 112 1520
5 101 1520
8 17 1520
12 95 1520
20 32 1520
71 107 1520
27 135 1520
8 24 1520
6 128 1520
1 19 1520
53 132 1520
66 68 1520
27 143 1520
21 38 1520
69 84 1520
38 94 1520
54 79 1520
67 133 1520
65 119 1520
3 94 1520
52 135 1520
33 38 1520
10 15 1520
20 55 1520
1 107 1520
49 94 1520
39 95 1520
12 46 1520
35 117 1520
39 75 1520
59 70 1520
7 36 1520
20 139 1520
13 115 1520
4 121 1520
15 58 1520
31 56 1520
33 145 1520
57 73 1520
42 63 1520
72 122 1520
