0 1 1560
1 2 1560
2 3 1560
3 4 1560
4 5 1560
5 6 1560
6 7 1560
7 8 1560
8 9 1560
9 10 1560
10 11 1560
11 12 1560
12 13 1560
13 14 1560
14 15 1560
15 16 1560
16 17 1560
17 18 1560
18 19 1560
19 20 1560
20 21 1560
21 22 1560
22 23 1560
23 24 1560
24 25 1560
25 26 1560
26 27 1560
27 28 1560
28 29 1560
29 30 1560
30 31 1560
31 32 1560
32 33 1560
33 34 1560
34 35 1560
35 36 1560
36 37 1560
37 38 1560
38 39 1560
39 40 1560
40 41 1560
41 42 1560
42 43 1560
43 44 1560
44 45 1560
45 46 1560
46 47 1560
47 48 1560
48 49 1560
49 50 1560
50 51 1560
51 52 1560
52 53 1560
53 54 1560
54 55 1560
55 56 1560
56 57 1560
57 58 1560
58 59 1560
59 60 1560
60 61 1560
61 62 1560
62 63 1560
63 64 1560
64 65 1560
65 66 1560
66 67 1560
67 68 1560
68 69 1560
69 70 1560
70 71 1560
71 72 1560
72 73 1560
73 74 1560
74 75 1560
75 76 1560
76 77 1560
77 78 1560
78 79 1560
79 80 1560
80 81 1560
81 82 1560
82 83 1560
83 84 1560
84 85 1560
85 86 1560
86 87 1560
87 88 1560
88 89 1560
89 90 1560
90 91 1560
91 92 1560
92 93 1560
93 94 1560
94 95 1560
95 96 1560
96 97 1560
97 98 1560
98 99 1560
99 100 1560
100 101 1560
101 102 1560
102 103 1560
103 104 1560
104 105 1560
105 106 1560
106 107 1560
107 108 1560
108 109 1560
109 110 1560
110 111 1560
111 112 1560
112 113 1560
113 114 1560
114 115 1560
115 116 1560
116 117 1560
117 118 1560
118 119 1560
119 120 1560
120 121 1560
121 122 1560
122 123 1560
123 124 1560
124 125 1560
125 126 1560
126 127 1560
127 128 1560
128 129 1560
129 130 1560
130 131 1560
131 132 1560
132 133 1560
133 134 1560
134 135 1560
135 136 1560
136 137 1560
137 138 1560
138 139 1560
139 140 1560
140 141 1560
141 142 1560
142 143 1560
143 144 1560
144 145 1560
145 146 1560
146 147 1560
147 148 1560
148 149 1560
149 150 1560
150 151 1560
151 152 1560
152 153 1560
153 154 1560
154 155 1560
63 141 1560
66 151 1560
37 117 1560
68 153 1560
51 62 1560
50 77 1560
73 138 1560
40 136 1560
71 152 1560
20 59 1560
12 114 1560
11 79 1560
70 124 1560
69 99 1560
50 75 1560
69 102 1560
23 105 1560
25 42 1560
75 144 1560
21 116 1560
24 45 1560
46 85 1560
14 122 1560
39 83 1560
64 143 1560
4 121 1560
53 116 1560
63 102 1560
25 89 1560
3 89 1560
55 138 1560
71 107 1560
30 128 1560
5 127 1560
58 131 1560
38 66 1560
18 36 1560
10 51 1560
23 75 1560
45 90 1560
8 30 1560
57 84 1560
12 39 1560
60 119 1560
63 115 1560
42 110 1560
72 151 1560
67 154 1560
31 90 1560
42 78 1560
70 121 1560
26 142 1560
26 50 1560
64 127 1560
57 133 1560
33 147 1560
9 67 1560
49 80 1560
66 82 1560
37 138 1560
7 29 1560
72 79 1560
34 126 1560
42 126 1560
14 141 1560
15 18 1560
41 52 1560
1 12 1560
3 150 1560
66 84 1560
5 137 1560
72 83 1560
68 109 1560
66 75 1560
71 114 1560
31 149 1560
48 147 1560
46 143 1560
53 56 1560
6 146 1560
45 96 1560
14 85 1560
76 119 1560
76 102 1560
63 131 1560
61 148 1560
58 73 1560
72 124 1560
72 79 1560
48 84 1560
8 98 1560
4 18 1560
5 154 1560
20 72 1560
67 132 1560
19 71 1560
51 151 1560
73 136 1560
0 93 1560
5 149 1560
34 112 1560
38 64 1560
42 86 1560
31 90 1560
20 26 1560
10 89 1560
67 150 1560
69 103 1560
2 50 1560
77 153 1560
23 129 1560
57 71 1560
64 111 1560
76 149 1560
78 149 1560
26 31 1560
38 111 1560
50 52 1560
31 63 1560
69 153 1560
78 122 1560
46 113 1560
55 148 1560
45 64 1560
58 88 1560
47 120 1560
46 53 1560
62 109 1560
39 51 1560
26 101 1560
56 138 1560
66 111 1560
58 112 1560
27 113 1560
49 51 1560
57 59 1560
8 97 1560
69 154 1560
57 130 1560
50 143 1560
70 120 1560
0 108 1560
69 107 1560
67 94 1560
0 93 1560
54 70 1560
6 115 1560
69 150 1560
67 106 1560
23 101 1560
15 53 1560
32 79 1560
31 138 1560
