0 1 1600
1 2 1600
2 3 1600
3 4 1600
4 5 1600
5 6 1600
6 7 1600
7 8 1600
8 9 1600
9 10 1600
10 11 1600
11 12 1600
12 13 1600
13 14 1600
14 15 1600
15 16 1600
16 17 1600
17 18 1600
18 19 1600
19 20 1600
20 21 1600
21 22 1600
22 23 1600
23 24 1600
24 25 1600
25 26 1600
26 27 1600
27 28 1600
28 29 1600
29 30 1600
30 31 1600
31 32 1600
32 33 1600
33 34 1600
34 35 1600
35 36 1600
36 37 1600
37 38 1600
38 39 1600
39 40 1600
40 41 1600
41 42 1600
42 43 1600
43 44 1600
44 45 1600
45 46 1600
46 47 1600
47 48 1600
48 49 1600
49 50 1600
50 51 1600
51 52 1600
52 53 1600
53 54 1600
54 55 1600
55 56 1600
56 57 1600
57 58 1600
58 59 1600
59 60 1600
60 61 1600
61 62 1600
62 63 1600
63 64 1600
64 65 1600
65 66 1600
66 67 1600
67 68 1600
68 69 1600
69 70 1600
70 71 1600
71 72 1600
72 73 1600
73 74 1600
74 75 1600
75 76 1600
76 77 1600
77 78 1600
78 79 1600
79 80 1600
80 81 1600
81 82 1600
82 83 1600
83 84 1600
84 85 1600
85 86 1600
86 87 1600
87 88 1600
88 89 1600
89 90 1600
90 91 1600
91 92 1600
92 93 1600
93 94 1600
94 95 1600
95 96 1600
96 97 1600
97 98 1600
98 99 1600
99 100 1600
100 101 1600
101 102 1600
102 103 1600
103 104 1600
104 105 1600
105 106 1600
106 107 1600
107 108 1600
108 109 1600
109 110 1600
110 111 1600
111 112 1600
112 113 1600
113 114 1600
114 115 1600
115 116 1600
116 117 1600
117 118 1600
118 119 1600
119 120 1600
120 121 1600
121 122 1600
122 123 1600
123 124 1600
124 125 1600
125 126 1600
126 127 1600
127 128 1600
128 129 1600
129 130 1600
130 131 1600
131 132 1600
132 133 1600
133 134 1600
134 135 1600
135 136 1600
136 137 1600
137 138 1600
138 139 1600
139 140 1600
140 141 1600
141 142 1600
142 143 1600
143 144 1600
144 145 1600
145 146 1600
146 147 1600
147 148 1600
148 149 1600
149 150 1600
150 151 1600
151 152 1600
152 153 1600
153 154 1600
154 155 1600
155 156 1600
156 157 1600
157 158 1600
158 159 1600
50 56 1600
31 71 1600
71 153 1600
25 109 1600
3 69 1600
14 51 1600
59 76 1600
70 148 1600
0 43 1600
34 136 1600
65 68 1600
19 36 1600
72 78 1600
57 156 1600
31 125 1600
21 68 1600
46 96 1600
16 27 1600
27 101 1600
55 110 1600
32 72 1600
43 83 1600
51 154 1600
52 60 1600
49 111 1600
18 124 1600
29 83 1600
55 66 1600
71 130 1600
38 55 1600
76 84 1600
69 101 1600
2 19 1600
46 81 1600
38 143 1600
57 135 1600
24 99 1600
40 138 1600
6 86 1600
2 131 1600
49 55 1600
28 42 1600
50 56 1600
62 113 1600
9 91 1600
78 148 1600
63 102 1600
75 122 1600
59 93 1600
60 128 1600
47 142 1600
71 135 1600
75 131 1600
9 60 1600
60 143 1600
60 71 1600
9 42 1600
23 137 1600
59 61 1600
70 156 1600
21 37 1600
18 125 1600
76 145 1600
23 91 1600
63 159 1600
61 110 1600
61 124 1600
62 71 1600
6 96 1600
76 106 1600
50 74 1600
23 56 1600
65 123 1600
5 150 1600
57 154 1600
34 117 1600
2 41 1600
51 86 1600
42 92 1600
5 110 1600
8 59 1600
29 105 1600
75 151 1600
16 106 1600
58 133 1600
57 141 1600
21 60 1600
42 84 1600
49 154 1600
73 103 1600
28 119 1600
29 52 1600
63 149 1600
55 85 1600
72 144 1600
24 131 1600
27 110 1600
7 128 1600
36 58 1600
35 119 1600
26 34 1600
15 73 1600
71 73 1600
40 137 1600
12 68 1600
68 147 1600
69 134 1600
67 145 1600
17 140 1600
73 135 1600
75 92 1600
31 99 1600
30 135 1600
60 84 1600
38 147 1600
38 55 1600
40 140 1600
52 76 1600
77 103 1600
78 126 1600
77 151 1600
66 154 1600
51 124 1600
54 156 1600
9 79 1600
40 42 1600
80 126 1600
65 118 1600
42 101 1600
7 91 1600
19 99 1600
9 65 1600
21 117 1600
69 82 1600
74 77 1600
74 94 1600
79 129 1600
15 29 1600
37 117 1600
22 116 1600
79 109 1600
12 51 1600
22 142 1600
37 114 1600
77 126 1600
42 57 1600
65 111 1600
68 157 1600
75 121 1600
49 129 1600
41 96 1600
9 129 1600
13 111 1600
79 107 1600
20 119 1600
24 44 1600
6 156 1600
53 131 1600
67 82 1600
