0 1 1640
1 2 1640
2 3 1640
3 4 1640
4 5 1640
5 6 1640
6 7 1640
7 8 1640
8 9 1640
9 10 1640
10 11 1640
11 12 1640
12 13 1640
13 14 1640
14 15 1640
15 16 1640
16 17 1640
17 18 1640
18 19 1640
19 20 1640
20 21 1640
21 22 1640
22 23 1640
23 24 1640
24 25 1640
25 26 1640
26 27 1640
27 28 1640
28 29 1640
29 30 1640
30 31 1640
31 32 1640
32 33 1640
33 34 1640
34 35 1640
35 36 1640
36 37 1640
37 38 1640
38 39 1640
39 40 1640
40 41 1640
41 42 1640
42 43 1640
43 44 1640
44 45 1640
45 46 1640
46 47 1640
47 48 1640
48 49 1640
49 50 1640
50 51 1640
51 52 1640
52 53 1640
53 54 1640
54 55 1640
55 56 1640
56 57 1640
57 58 1640
58 59 1640
59 60 1640
60 61 1640
61 62 1640
62 63 1640
63 64 1640
64 65 1640
65 66 1640
66 67 1640
67 68 1640
68 69 1640
69 70 1640
70 71 1640
71 72 1640
72 73 1640
73 74 1640
74 75 1640
75 76 1640
76 77 1640
77 78 1640
78 79 1640
79 80 1640
80 81 1640
81 82 1640
82 83 1640
83 84 1640
84 85 1640
85 86 1640
86 87 1640
87 88 1640
88 89 1640
89 90 1640
90 91 1640
91 92 1640
92 93 1640
93 94 1640
94 95 1640
95 96 1640
96 97 1640
97 98 1640
98 99 1640
99 100 1640
100 101 1640
101 102 1640
102 103 1640
103 104 1640
104 105 1640
105 106 1640
106 107 1640
107 108 1640
108 109 1640
109 110 1640
110 111 1640
111 112 1640
112 113 1640
113 114 1640
114 115 1640
115 116 1640
116 117 1640
117 118 1640
118 119 1640
119 120 1640
120 121 1640
121 122 1640
122 123 1640
123 124 1640
124 125 1640
125 126 1640
126 127 1640
127 128 1640
128 129 1640
129 130 1640
130 131 1640
131 132 1640
132 133 1640
133 134 1640
134 135 1640
135 136 1640
136 137 1640
137 138 1640
138 139 1640
139 140 1640
140 141 1640
141 142 1640
142 143 1640
143 144 1640
144 145 1640
145 146 1640
146 147 1640
147 148 1640
148 149 1640
149 150 1640
150 151 1640
151 152 1640
152 153 1640
153 154 1640
154 155 1640
155 156 1640
156 157 1640
157 158 1640
158 159 1640
159 160 1640
160 161 1640
161 162 1640
162 163 1640
65 142 1640
22 113 1640
40 48 1640
7 83 1640
76 124 1640
33 101 1640
63 140 1640
11 16 1640
62 90 1640
40 156 1640
39 112 1640
46 73 1640
19 39 1640
34 40 1640
18 102 1640
19 37 1640
14 89 1640
30 141 1640
74 102 1640
14 139 1640
56 60 1640
59 106 1640
63 100 1640
74 84 1640
16 107 1640
19 51 1640
76 84 1640
74 111 1640
40 120 1640
57 91 1640
60 70 1640
1 139 1640
47 62 1640
47 141 1640
55 131 1640
66 147 1640
57 157 1640
4 70 1640
50 77 1640
52 130 1640
47 144 1640
33 39 1640
1 14 1640
44 51 1640
17 88 1640
12 32 1640
14 36 1640
62 73 1640
63 104 1640
16 48 1640
78 123 1640
27 46 1640
75 123 1640
79 94 1640
60 89 1640
35 100 1640
65 114 1640
45 131 1640
28 120 1640
10 65 1640
59 114 1640
42 57 1640
64 82 1640
52 159 1640
36 114 1640
60 69 1640
3 43 1640
66 98 1640
12 47 1640
49 161 1640
64 131 1640
48 93 1640
69 78 1640
29 137 1640
8 66 1640
27 100 1640
46 67 1640
28 124 1640
58 71 1640
25 34 1640
75 98 1640
29 31 1640
6 47 1640
1 46 1640
8 41 1640
66 156 1640
52 148 1640
48 77 1640
67 79 1640
79 82 1640
71 79 1640
41 115 1640
58 150 1640
4 141 1640
25 34 1640
41 158 1640
10 129 1640
73 141 1640
74 127 1640
45 126 1640
28 110 1640
9 92 1640
57 158 1640
52 107 1640
66 112 1640
56 76 1640
72 132 1640
67 100 1640
63 101 1640
64 77 1640
10 125 1640
47 124 1640
70 96 1640
67 81 1640
0 135 1640
27 136 1640
46 100 1640
43 98 1640
79 133 1640
5 83 1640
55 68 1640
26 49 1640
8 29 1640
77 160 1640
68 152 1640
75 126 1640
20 157 1640
66 82 1640
17 19 1640
14 59 1640
16 78 1640
36 84 1640
74 110 1640
5 104 1640
38 140 1640
80 137 1640
32 158 1640
29 143 1640
59 91 1640
7 31 1640
2 66 1640
44 91 1640
80 110 1640
0 55 1640
58 96 1640
21 123 1640
22 78 1640
5 38 1640
23 131 1640
77 130 1640
16 74 1640
2 157 1640
40 76 1640
44 76 1640
63 88 1640
10 51 1640
39 137 1640
8 116 1640
46 75 1640
13 19 1640
16 135 1640
