0 1 1680
1 2 1680
2 3 1680
3 4 1680
4 5 1680
5 6 1680
6 7 1680
7 8 1680
8 9 1680
9 10 1680
10 11 1680
11 12 1680
12 13 1680
13 14 1680
14 15 1680
15 16 1680
16 17 1680
17 18 1680
18 19 1680
19 20 1680
20 21 1680
21 22 1680
22 23 1680
23 24 1680
24 25 1680
25 26 1680
26 27 1680
27 28 1680
28 29 1680
29 30 1680
30 31 1680
31 32 1680
32 33 1680
33 34 1680
34 35 1680
35 36 1680
36 37 1680
37 38 1680
38 39 1680
39 40 1680
40 41 1680
41 42 1680
42 43 1680
43 44 1680
44 45 1680
45 46 1680
46 47 1680
47 48 1680
48 49 1680
49 50 1680
50 51 1680
51 52 1680
52 53 1680
53 54 1680
54 55 1680
55 56 1680
56 57 1680
57 58 1680
58 59 1680
59 60 1680
60 61 1680
61 62 1680
62 63 1680
63 64 1680
64 65 1680
65 66 1680
66 67 1680
67 68 1680
68 69 1680
69 70 1680
70 71 1680
71 72 1680
72 73 1680
73 74 1680
74 75 1680
75 76 1680
76 77 1680
77 78 1680
78 79 1680
79 80 1680
80 81 1680
81 82 1680
82 83 1680
83 84 1680
84 85 1680
85 86 1680
86 87 1680
87 88 1680
88 89 1680
89 90 1680
90 91 1680
91 92 1680
92 93 1680
93 94 1680
94 95 1680
95 96 1680
96 97 1680
97 98 1680
98 99 1680
99 100 1680
100 101 1680
101 102 1680
102 103 1680
103 104 1680
104 105 1680
105 106 1680
106 107 1680
107 108 1680
108 109 1680
109 110 1680
110 111 1680
111 112 1680
112 113 1680
113 114 1680
114 115 1680
115 116 1680
116 117 1680
117 118 1680
118 119 1680
119 120 1680
120 121 1680
121 122 1680
122 123 1680
123 124 1680
124 125 1680
125 126 1680
126 127 1680
127 128 1680
128 129 1680
129 130 1680
130 131 1680
131 132 1680
132 133 1680
133 134 1680
134 135 1680
135 136 1680
136 137 1680
137 138 1680
138 139 1680
139 140 1680
140 141 1680
141 142 1680
142 143 1680
143 144 1680
144 145 1680
145 146 1680
146 147 1680
147 148 1680
148 149 1680
149 150 1680
150 151 1680
151 152 1680
152 153 1680
153 154 1680
154 155 1680
155 156 1680
156 157 1680
157 158 1680
158 159 1680
159 160 1680
160 161 1680
161 162 1680
162 163 1680
163 164 1680
164 165 1680
165 166 1680
166 167 1680
44 128 1680
71 79 1680
50 80 1680
63 154 1680
54 112 1680
79 160 1680
60 75 1680
84 167 1680
72 113 1680
51 64 1680
34 117 1680
4 109 1680
21 73 1680
0 91 1680
10 165 1680
81 127 1680
42 92 1680
51 152 1680
15 133 1680
21 48 1680
25 154 1680
57 94 1680
21 103 1680
18 28 1680
81 89 1680
19 101 1680
72 74 1680
41 71 1680
1 146 1680
75 164 1680
76 136 1680
26 96 1680
8 89 1680
52 75 1680
8 122 1680
43 57 1680
14 52 1680
5 140 1680
63 152 1680
38 161 1680
27 90 1680
68 115 1680
53 103 1680
5 98 1680
13 48 1680
17 80 1680
51 163 1680
33 55 1680
84 135 1680
13 88 1680
50 166 1680
53 59 1680
20 142 1680
64 140 1680
23 134 1680
9 27 1680
63 127 1680
4 37 1680
25 166 1680
1 69 1680
54 104 1680
25 152 1680
7 92 1680
55 105 1680
36 117 1680
22 24 1680
14 45 1680
65 93 1680
41 84 1680
73 146 1680
38 155 1680
46 142 1680
71 121 1680
73 86 1680
31 54 1680
44 49 1680
70 136 1680
29 148 1680
53 161 1680
48 109 1680
19 134 1680
72 150 1680
53 113 1680
2 106 1680
29 33 1680
25 146 1680
36 167 1680
13 115 1680
22 104 1680
49 126 1680
9 151 1680
27 137 1680
6 144 1680
25 65 1680
41 139 1680
77 103 1680
6 33 1680
18 66 1680
61 114 1680
40 93 1680
29 142 1680
13 71 1680
42 45 1680
46 130 1680
19 141 1680
10 163 1680
43 129 1680
4 163 1680
44 64 1680
35 97 1680
10 115 1680
26 158 1680
25 159 1680
55 62 1680
18 141 1680
48 119 1680
36 103 1680
29 94 1680
16 69 1680
62 110 1680
7 145 1680
23 56 1680
10 141 1680
19 114 1680
56 104 1680
40 130 1680
74 101 1680
55 65 1680
65 96 1680
29 106 1680
56 74 1680
11 147 1680
76 95 1680
33 107 1680
0 88 1680
39 112 1680
84 135 1680
37 123 1680
52 58 1680
57 150 1680
56 66 1680
61 147 1680
77 158 1680
79 158 1680
75 101 1680
53 157 1680
38 73 1680
18 99 1680
37 57 1680
7 124 1680
8 25 1680
30 83 1680
13 109 1680
10 52 1680
84 148 1680
11 84 1680
66 159 1680
32 145 1680
3 143 1680
24 31 1680
47 116 1680
5 123 1680
54 93 1680
20 92 1680
33 102 1680
75 159 1680
40 163 1680
