0 1 1720
1 2 1720
2 3 1720
3 4 1720
4 5 1720
5 6 1720
6 7 1720
7 8 1720
8 9 1720
9 10 1720
10 11 1720
11 12 1720
12 13 1720
13 14 1720
14 15 1720
15 16 1720
16 17 1720
17 18 1720
18 19 1720
19 20 1720
20 21 1720
21 22 1720
22 23 1720
23 24 1720
24 25 1720
25 26 1720
26 27 1720
27 28 1720
28 29 1720
29 30 1720
30 31 1720
31 32 1720
32 33 1720
33 34 1720
34 35 1720
35 36 1720
36 37 1720
37 38 1720
38 39 1720
39 40 1720
40 41 1720
41 42 1720
42 43 1720
43 44 1720
44 45 1720
45 46 1720
46 47 1720
47 48 1720
48 49 1720
49 50 1720
50 51 1720
51 52 1720
52 53 1720
53 54 1720
54 55 1720
55 56 1720
56 57 1720
57 58 1720
58 59 1720
59 60 1720
60 61 1720
61 62 1720
62 63 1720
63 64 1720
64 65 1720
65 66 1720
66 67 1720
67 68 1720
68 69 1720
69 70 1720
70 71 1720
71 72 1720
72 73 1720
73 74 1720
74 75 1720
75 76 1720
76 77 1720
77 78 1720
78 79 1720
79 80 1720
80 81 1720
81 82 1720
82 83 1720
83 84 1720
84 85 1720
85 86 1720
86 87 1720
87 88 1720
88 89 1720
89 90 1720
90 91 1720
91 92 1720
92 93 1720
93 94 1720
94 95 1720
95 96 1720
96 97 1720
97 98 1720
98 99 1720
99 100 1720
100 101 1720
101 102 1720
102 103 1720
103 104 1720
104 105 1720
105 106 1720
106 107 1720
107 108 1720
108 109 1720
109 110 1720
110 111 1720
111 112 1720
112 113 1720
113 114 1720
114 115 1720
115 116 1720
116 117 1720
117 118 1720
118 119 1720
119 120 1720
120 121 1720
121 122 1720
122 123 1720
123 124 1720
124 125 1720
125 126 1720
126 127 1720
127 128 1720
128 129 1720
129 130 1720
130 131 1720
131 132 1720
132 133 1720
133 134 1720
134 135 1720
135 136 1720
136 137 1720
137 138 1720
138 139 1720
139 140 1720
140 141 1720
141 142 1720
142 143 1720
143 144 1720
144 145 1720
145 146 1720
146 147 1720
147 148 1720
148 149 1720
149 150 1720
150 151 1720
151 152 1720
152 153 1720
153 154 1720
154 155 1720
155 156 1720
156 157 1720
157 158 1720
158 159 1720
159 160 1720
160 161 1720
161 162 1720
162 163 1720
163 164 1720
164 165 1720
165 166 1720
166 167 1720
167 168 1720
168 169 1720
169 170 1720
170 171 1720
27 29 1720
2 58 1720
23 32 1720
55 96 1720
40 126 1720
52 168 1720
24 68 1720
12 30 1720
26 84 1720
85 134 1720
68 134 1720
75 168 1720
76 145 1720
63 66 1720
6 22 1720
62 125 1720
35 98 1720
71 79 1720
43 47 1720
53 100 1720
49 150 1720
11 127 1720
81 120 1720
4 158 1720
63 76 1720
58 134 1720
66 156 1720
53 121 1720
43 127 1720
62 76 1720
66 126 1720
27 160 1720
45 150 1720
64 69 1720
7 81 1720
26 118 1720
80 145 1720
46 135 1720
35 101 1720
7 168 1720
63 108 1720
43 47 1720
39 41 1720
79 143 1720
41 109 1720
60 102 1720
46 48 1720
15 95 1720
6 155 1720
28 110 1720
78 166 1720
6 118 1720
15 20 1720
41 93 1720
36 41 1720
41 167 1720
84 156 1720
78 96 1720
29 101 1720
54 136 1720
80 157 1720
3 170 1720
77 91 1720
62 81 1720
40 149 1720
82 131 1720
32 115 1720
43 50 1720
53 162 1720
46 60 1720
65 134 1720
86 113 1720
20 39 1720
12 33 1720
4 48 1720
45 133 1720
28 34 1720
85 107 1720
81 108 1720
82 162 1720
1 163 1720
57 102 1720
30 117 1720
38 81 1720
73 156 1720
80 124 1720
80 108 1720
15 137 1720
45 152 1720
84 131 1720
57 134 1720
76 100 1720
67 160 1720
8 112 1720
23 157 1720
76 162 1720
42 134 1720
39 102 1720
17 171 1720
44 114 1720
47 86 1720
79 90 1720
69 116 1720
4 131 1720
79 113 1720
25 76 1720
31 63 1720
78 167 1720
28 161 1720
83 148 1720
77 163 1720
41 67 1720
25 133 1720
77 110 1720
79 100 1720
32 168 1720
38 82 1720
80 106 1720
83 170 1720
7 166 1720
37 50 1720
8 149 1720
1 35 1720
74 109 1720
72 123 1720
52 112 1720
59 98 1720
16 51 1720
61 91 1720
69 101 1720
44 131 1720
68 132 1720
41 110 1720
34 162 1720
27 76 1720
83 128 1720
32 112 1720
83 117 1720
25 55 1720
47 56 1720
63 77 1720
28 152 1720
58 77 1720
14 42 1720
47 80 1720
77 119 1720
24 152 1720
58 155 1720
58 123 1720
11 51 1720
38 47 1720
80 168 1720
82 117 1720
22 122 1720
27 33 1720
14 143 1720
51 140 1720
62 141 1720
16 92 1720
9 41 1720
7 132 1720
16 126 1720
63 124 1720
59 80 1720
66 105 1720
18 164 1720
19 136 1720
