0 1 1760
1 2 1760
2 3 1760
3 4 1760
4 5 1760
5 6 1760
6 7 1760
7 8 1760
8 9 1760
9 10 1760
10 11 1760
11 12 1760
12 13 1760
13 14 1760
14 15 1760
15 16 1760
16 17 1760
17 18 1760
18 19 1760
19 20 1760
20 21 1760
21 22 1760
22 23 1760
23 24 1760
24 25 1760
25 26 1760
26 27 1760
27 28 1760
28 29 1760
29 30 1760
30 31 1760
31 32 1760
32 33 1760
33 34 1760
34 35 1760
35 36 1760
36 37 1760
37 38 1760
38 39 1760
39 40 1760
40 41 1760
41 42 1760
42 43 1760
43 44 1760
44 45 1760
45 46 1760
46 47 1760
47 48 1760
48 49 1760
49 50 1760
50 51 1760
51 52 1760
52 53 1760
53 54 1760
54 55 1760
55 56 1760
56 57 1760
57 58 1760
58 59 1760
59 60 1760
60 61 1760
61 62 1760
62 63 1760
63 64 1760
64 65 1760
65 66 1760
66 67 1760
67 68 1760
68 69 1760
69 70 1760
70 71 1760
71 72 1760
72 73 1760
73 74 1760
74 75 1760
75 76 1760
76 77 1760
77 78 1760
78 79 1760
79 80 1760
80 81 1760
81 82 1760
82 83 1760
83 84 1760
84 85 1760
85 86 1760
86 87 1760
87 88 1760
88 89 1760
89 90 1760
90 91 1760
91 92 1760
92 93 1760
93 94 1760
94 95 1760
95 96 1760
96 97 1760
97 98 1760
98 99 1760
99 100 1760
100 101 1760
101 102 1760
102 103 1760
103 104 1760
104 105 1760
105 106 1760
106 107 1760
107 108 1760
108 109 1760
109 110 1760
110 111 1760
111 112 1760
112 113 1760
113 114 1760
114 115 1760
115 116 1760
116 117 1760
117 118 1760
118 119 1760
119 120 1760
120 121 1760
121 122 1760
122 123 1760
123 124 1760
124 125 1760
125 126 1760
126 127 1760
127 128 1760
128 129 1760
129 130 1760
130 131 1760
131 132 1760
132 133 1760
133 134 1760
134 135 1760
135 136 1760
136 137 1760
137 138 1760
138 139 1760
139 140 1760
140 141 1760
141 142 1760
142 143 1760
143 144 1760
144 145 1760
145 146 1760
146 147 1760
147 148 1760
148 149 1760
149 150 1760
150 151 1760
151 152 1760
152 153 1760
153 154 1760
154 155 1760
155 156 1760
156 157 1760
157 158 1760
158 159 1760
159 160 1760
160 161 1760
161 162 1760
162 163 1760
163 164 1760
164 165 1760
165 166 1760
166 167 1760
167 168 1760
168 169 1760
169 170 1760
170 171 1760
171 172 1760
172 173 1760
173 174 1760
174 175 1760
0 140 1760
10 124 1760
44 82 1760
76 98 1760
81 170 1760
24 72 1760
58 66 1760
36 65 1760
4 148 1760
67 75 1760
46 164 1760
88 143 1760
1 158 1760
36 170 1760
3 27 1760
84 141 1760
58 109 1760
81 150 1760
70 162 1760
3 174 1760
61 125 1760
76 91 1760
72 84 1760
8 168 1760
16 20 1760
86 99 1760
50 172 1760
9 160 1760
57 105 1760
18 49 1760
19 154 1760
52 85 1760
24 49 1760
10 35 1760
10 65 1760
81 110 1760
69 149 1760
58 142 1760
54 144 1760
24 158 1760
48 108 1760
20 22 1760
48 150 1760
56 169 1760
87 135 1760
43 145 1760
39 77 1760
20 72 1760
80 132 1760
77 146 1760
72 111 1760
85 90 1760
50 170 1760
71 120 1760
1 42 1760
49 137 1760
11 159 1760
74 165 1760
72 74 1760
18 53 1760
74 86 1760
27 78 1760
17 81 1760
51 94 1760
28 143 1760
16 112 1760
71 75 1760
72 93 1760
4 138 1760
19 106 1760
71 94 1760
24 160 1760
76 159 1760
59 78 1760
35 112 1760
85 106 1760
7 154 1760
43 159 1760
18 133 1760
22 65 1760
72 172 1760
19 99 1760
56 58 1760
30 173 1760
45 70 1760
72 98 1760
16 78 1760
22 75 1760
18 30 1760
28 124 1760
30 132 1760
78 159 1760
75 142 1760
75 132 1760
76 91 1760
70 174 1760
44 135 1760
34 91 1760
56 114 1760
60 172 1760
37 81 1760
26 60 1760
2 9 1760
3 8 1760
24 112 1760
35 162 1760
0 168 1760
21 71 1760
1 135 1760
71 154 1760
3 53 1760
1 152 1760
36 101 1760
19 34 1760
34 126 1760
37 67 1760
30 135 1760
65 74 1760
42 155 1760
63 153 1760
69 158 1760
82 171 1760
36 45 1760
53 101 1760
31 56 1760
21 155 1760
30 140 1760
24 81 1760
12 16 1760
86 96 1760
33 120 1760
39 114 1760
23 122 1760
26 130 1760
56 105 1760
23 120 1760
43 149 1760
88 91 1760
56 119 1760
48 138 1760
85 160 1760
24 43 1760
29 166 1760
24 110 1760
4 105 1760
55 57 1760
85 159 1760
9 148 1760
42 105 1760
76 148 1760
14 61 1760
74 93 1760
75 113 1760
61 158 1760
10 154 1760
46 144 1760
58 140 1760
12 71 1760
18 102 1760
61 146 1760
65 107 1760
40 154 1760
22 38 1760
69 101 1760
82 119 1760
34 83 1760
38 109 1760
19 149 1760
35 83 1760
63 136 1760
77 88 1760
64 116 1760
17 106 1760
17 92 1760
