0 1 1800
1 2 1800
2 3 1800
3 4 1800
4 5 1800
5 6 1800
6 7 1800
7 8 1800
8 9 1800
9 10 1800
10 11 1800
11 12 1800
12 13 1800
13 14 1800
14 15 1800
15 16 1800
16 17 1800
17 18 1800
18 19 1800
19 20 1800
20 21 1800
21 22 1800
22 23 1800
23 24 1800
24 25 1800
25 26 1800
26 27 1800
27 28 1800
28 29 1800
29 30 1800
30 31 1800
31 32 1800
32 33 1800
33 34 1800
34 35 1800
35 36 1800
36 37 1800
37 38 1800
38 39 1800
39 40 1800
40 41 1800
41 42 1800
42 43 1800
43 44 1800
44 45 1800
45 46 1800
46 47 1800
47 48 1800
48 49 1800
49 50 1800
50 51 1800
51 52 1800
52 53 1800
53 54 1800
54 55 1800
55 56 1800
56 57 1800
57 58 1800
58 59 1800
59 60 1800
60 61 1800
61 62 1800
62 63 1800
63 64 1800
64 65 1800
65 66 1800
66 67 1800
67 68 1800
68 69 1800
69 70 1800
70 71 1800
71 72 1800
72 73 1800
73 74 1800
74 75 1800
75 76 1800
76 77 1800
77 78 1800
78 79 1800
79 80 1800
80 81 1800
81 82 1800
82 83 1800
83 84 1800
84 85 1800
85 86 1800
86 87 1800
87 88 1800
88 89 1800
89 90 1800
90 91 1800
91 92 1800
92 93 1800
93 94 1800
94 95 1800
95 96 1800
96 97 1800
97 98 1800
98 99 1800
99 100 1800
100 101 1800
101 102 1800
102 103 1800
103 104 1800
104 105 1800
105 106 1800
106 107 1800
107 108 1800
108 109 1800
109 110 1800
110 111 1800
111 112 1800
112 113 1800
113 114 1800
114 115 1800
115 116 1800
116 117 1800
117 118 1800
118 119 1800
119 120 1800
120 121 1800
121 122 1800
122 123 1800
123 124 1800
124 125 1800
125 126 1800
126 127 1800
127 128 1800
128 129 1800
129 130 1800
130 131 1800
131 132 1800
132 133 1800
133 134 1800
134 135 1800
135 136 1800
136 137 1800
137 138 1800
138 139 1800
139 140 1800
140 141 1800
141 142 1800
142 143 1800
143 144 1800
144 145 1800
145 146 1800
146 147 1800
147 148 1800
148 149 1800
149 150 1800
150 151 1800
151 152 1800
152 153 1800
153 154 1800
154 155 1800
155 156 1800
156 157 1800
157 158 1800
158 159 1800
159 160 1800
160 161 1800
161 162 1800
162 163 1800
163 164 1800
164 165 1800
165 166 1800
166 167 1800
167 168 1800
168 169 1800
169 170 1800
170 171 1800
171 172 1800
172 173 1800
173 174 1800
174 175 1800
175 176 1800
176 177 1800
177 178 1800
178 179 1800
34 152 1800
36 116 1800
45 104 1800
84 161 1800
69 155 1800
51 162 1800
33 56 1800
2 93 1800
72 179 1800
24 138 1800
43 48 1800
0 155 1800
50 90 1800
81 155 1800
72 139 1800
7 99 1800
86 140 1800
55 82 1800
69 121 1800
33 149 1800
66 70 1800
10 25 1800
74 151 1800
9 139 1800
64 148 1800
36 50 1800
14 86 1800
75 162 1800
22 136 1800
3 131 1800
12 149 1800
10 131 1800
17 140 1800
44 124 1800
90 148 1800
18 27 1800
75 93 1800
64 82 1800
63 124 1800
71 115 1800
86 124 1800
38 61 1800
79 154 1800
4 6 1800
51 64 1800
21 136 1800
44 175 1800
54 83 1800
0 93 1800
14 25 1800
56 75 1800
77 121 1800
88 138 1800
58 164 1800
50 128 1800
45 127 1800
49 139 1800
46 146 1800
54 84 1800
60 156 1800
50 81 1800
71 135 1800
78 133 1800
64 88 1800
29 84 1800
1 137 1800
86 133 1800
21 125 1800
81 168 1800
14 149 1800
52 81 1800
46 97 1800
64 112 1800
40 91 1800
45 91 1800
37 176 1800
81 98 1800
85 108 1800
78 148 1800
35 101 1800
47 115 1800
3 79 1800
65 165 1800
76 91 1800
84 115 1800
22 27 1800
85 138 1800
86 99 1800
15 137 1800
40 123 1800
2 55 1800
45 84 1800
69 159 1800
58 82 1800
3 44 1800
70 171 1800
4 105 1800
77 141 1800
23 60 1800
74 128 1800
84 104 1800
36 157 1800
47 178 1800
34 72 1800
58 126 1800
26 172 1800
32 169 1800
43 94 1800
60 65 1800
33 164 1800
8 47 1800
61 135 1800
89 176 1800
28 139 1800
42 150 1800
34 101 1800
5 23 1800
34 143 1800
42 161 1800
0 37 1800
84 177 1800
3 126 1800
41 172 1800
20 114 1800
18 163 1800
20 139 1800
34 177 1800
4 50 1800
72 82 1800
32 103 1800
10 147 1800
56 138 1800
48 70 1800
21 122 1800
4 58 1800
24 70 1800
89 146 1800
58 147 1800
29 88 1800
72 155 1800
77 97 1800
5 102 1800
18 25 1800
29 99 1800
11 33 1800
65 154 1800
45 85 1800
67 121 1800
62 119 1800
3 98 1800
15 154 1800
86 160 1800
29 150 1800
76 177 1800
23 127 1800
86 160 1800
83 98 1800
0 149 1800
64 106 1800
5 152 1800
0 126 1800
66 142 1800
47 136 1800
1 157 1800
1 135 1800
75 143 1800
78 113 1800
50 59 1800
81 154 1800
61 104 1800
24 161 1800
10 121 1800
23 53 1800
25 99 1800
62 120 1800
62 121 1800
43 146 1800
86 145 1800
