0 1 1840
1 2 1840
2 3 1840
3 4 1840
4 5 1840
5 6 1840
6 7 1840
7 8 1840
8 9 1840
9 10 1840
10 11 1840
11 12 1840
12 13 1840
13 14 1840
14 15 1840
15 16 1840
16 17 1840
17 18 1840
18 19 1840
19 20 1840
20 21 1840
21 22 1840
22 23 1840
23 24 1840
24 25 1840
25 26 1840
26 27 1840
27 28 1840
28 29 1840
29 30 1840
30 31 1840
31 32 1840
32 33 1840
33 34 1840
34 35 1840
35 36 1840
36 37 1840
37 38 1840
38 39 1840
39 40 1840
40 41 1840
41 42 1840
42 43 1840
43 44 1840
44 45 1840
45 46 1840
46 47 1840
47 48 1840
48 49 1840
49 50 1840
50 51 1840
51 52 1840
52 53 1840
53 54 1840
54 55 1840
55 56 1840
56 57 1840
57 58 1840
58 59 1840
59 60 1840
60 61 1840
61 62 1840
62 63 1840
63 64 1840
64 65 1840
65 66 1840
66 67 1840
67 68 1840
68 69 1840
69 70 1840
70 71 1840
71 72 1840
72 73 1840
73 74 1840
74 75 1840
75 76 1840
76 77 1840
77 78 1840
78 79 1840
79 80 1840
80 81 1840
81 82 1840
82 83 1840
83 84 1840
84 85 1840
85 86 1840
86 87 1840
87 88 1840
88 89 1840
89 90 1840
90 91 1840
91 92 1840
92 93 1840
93 94 1840
94 95 1840
95 96 1840
96 97 1840
97 98 1840
98 99 1840
99 100 1840
100 101 1840
101 102 1840
102 103 1840
103 104 1840
104 105 1840
105 106 1840
106 107 1840
107 108 1840
108 109 1840
109 110 1840
110 111 1840
111 112 1840
112 113 1840
113 114 1840
114 115 1840
115 116 1840
116 117 1840
117 118 1840
118 119 1840
119 120 1840
120 121 1840
121 122 1840
122 123 1840
123 124 1840
124 125 1840
125 126 1840
126 127 1840
127 128 1840
128 129 1840
129 130 1840
130 131 1840
131 132 1840
132 133 1840
133 134 1840
134 135 1840
135 136 1840
136 137 1840
137 138 1840
138 139 1840
139 140 1840
140 141 1840
141 142 1840
142 143 1840
143 144 1840
144 145 1840
145 146 1840
146 147 1840
147 148 1840
148 149 1840
149 150 1840
150 151 1840
151 152 1840
152 153 1840
153 154 1840
154 155 1840
155 156 1840
156 157 1840
157 158 1840
158 159 1840
159 160 1840
160 161 1840
161 162 1840
162 163 1840
163 164 1840
164 165 1840
165 166 1840
166 167 1840
167 168 1840
168 169 1840
169 170 1840
170 171 1840
171 172 1840
172 173 1840
173 174 1840
174 175 1840
175 176 1840
176 177 1840
177 178 1840
178 179 1840
179 180 1840
180 181 1840
181 182 1840
182 183 1840
15 82 1840
17 180 1840
21 149 1840
75 81 1840
66 92 1840
22 93 1840
81 124 1840
27 167 1840
62 116 1840
2 148 1840
55 89 1840
5 34 1840
57 137 1840
71 154 1840
80 119 1840
92 120 1840
7 181 1840
85 128 1840
47 180 1840
7 52 1840
79 154 1840
5 37 1840
64 100 1840
58 109 1840
8 19 1840
40 176 1840
41 57 1840
46 89 1840
77 115 1840
33 77 1840
42 109 1840
83 112 1840
26 64 1840
71 149 1840
84 124 1840
21 180 1840
34 77 1840
18 145 1840
85 127 1840
46 161 1840
20 69 1840
27 123 1840
69 167 1840
43 90 1840
54 133 1840
84 114 1840
15 77 1840
59 75 1840
0 29 1840
27 169 1840
69 105 1840
29 172 1840
4 104 1840
70 133 1840
67 77 1840
50 163 1840
73 109 1840
84 141 1840
72 98 1840
77 108 1840
3 52 1840
40 47 1840
49 81 1840
52 167 1840
46 82 1840
63 167 1840
47 110 1840
48 92 1840
7 27 1840
31 51 1840
5 133 1840
45 104 1840
15 104 1840
50 174 1840
37 140 1840
31 138 1840
38 98 1840
38 160 1840
19 120 1840
76 111 1840
39 101 1840
4 134 1840
11 180 1840
53 102 1840
13 169 1840
88 101 1840
22 47 1840
92 182 1840
11 165 1840
14 60 1840
60 130 1840
64 82 1840
41 46 1840
3 122 1840
70 157 1840
19 26 1840
11 155 1840
89 140 1840
38 180 1840
2 180 1840
41 57 1840
16 134 1840
46 103 1840
76 98 1840
52 127 1840
19 180 1840
32 73 1840
74 141 1840
18 59 1840
33 115 1840
46 75 1840
8 22 1840
49 87 1840
80 153 1840
41 65 1840
49 60 1840
82 84 1840
38 89 1840
60 69 1840
65 145 1840
16 91 1840
63 147 1840
33 36 1840
69 83 1840
2 30 1840
60 168 1840
18 161 1840
72 123 1840
80 183 1840
22 62 1840
9 159 1840
20 34 1840
52 59 1840
28 71 1840
14 178 1840
3 122 1840
22 100 1840
87 166 1840
64 91 1840
23 160 1840
72 84 1840
90 112 1840
27 58 1840
71 163 1840
79 123 1840
88 133 1840
5 46 1840
10 144 1840
1 74 1840
8 148 1840
13 75 1840
31 138 1840
72 164 1840
63 164 1840
92 131 1840
4 75 1840
74 159 1840
34 111 1840
39 141 1840
88 102 1840
83 169 1840
92 150 1840
67 103 1840
0 174 1840
13 31 1840
29 146 1840
69 167 1840
44 136 1840
5 140 1840
78 171 1840
61 89 1840
0 53 1840
65 173 1840
60 119 1840
82 162 1840
55 106 1840
87 174 1840
80 172 1840
32 38 1840
56 78 1840
84 160 1840
