0 1 1880
1 2 1880
2 3 1880
3 4 1880
4 5 1880
5 6 1880
6 7 1880
7 8 1880
8 9 1880
9 10 1880
10 11 1880
11 12 1880
12 13 1880
13 14 1880
14 15 1880
15 16 1880
16 17 1880
17 18 1880
18 19 1880
19 20 1880
20 21 1880
21 22 1880
22 23 1880
23 24 1880
24 25 1880
25 26 1880
26 27 1880
27 28 1880
28 29 1880
29 30 1880
30 31 1880
31 32 1880
32 33 1880
33 34 1880
34 35 1880
35 36 1880
36 37 1880
37 38 1880
38 39 1880
39 40 1880
40 41 1880
41 42 1880
42 43 1880
43 44 1880
44 45 1880
45 46 1880
46 47 1880
47 48 1880
48 49 1880
49 50 1880
50 51 1880
51 52 1880
52 53 1880
53 54 1880
54 55 1880
55 56 1880
56 57 1880
57 58 1880
58 59 1880
59 60 1880
60 61 1880
61 62 1880
62 63 1880
63 64 1880
64 65 1880
65 66 1880
66 67 1880
67 68 1880
68 69 1880
69 70 1880
70 71 1880
71 72 1880
72 73 1880
73 74 1880
74 75 1880
75 76 1880
76 77 1880
77 78 1880
78 79 1880
79 80 1880
80 81 1880
81 82 1880
82 83 1880
83 84 1880
84 85 1880
85 86 1880
86 87 1880
87 88 1880
88 89 1880
89 90 1880
90 91 1880
91 92 1880
92 93 1880
93 94 1880
94 95 1880
95 96 1880
96 97 1880
97 98 1880
98 99 1880
99 100 1880
100 101 1880
101 102 1880
102 103 1880
103 104 1880
104 105 1880
105 106 1880
106 107 1880
107 108 1880
108 109 1880
109 110 1880
110 111 1880
111 112 1880
112 113 1880
113 114 1880
114 115 1880
115 116 1880
116 117 1880
117 118 1880
118 119 1880
119 120 1880
120 121 1880
121 122 1880
122 123 1880
123 124 1880
124 125 1880
125 126 1880
126 127 1880
127 128 1880
128 129 1880
129 130 1880
130 131 1880
131 132 1880
132 133 1880
133 134 1880
134 135 1880
135 136 1880
136 137 1880
137 138 1880
138 139 1880
139 140 1880
140 141 1880
141 142 1880
142 143 1880
143 144 1880
144 145 1880
145 146 1880
146 147 1880
147 148 1880
148 149 1880
149 150 1880
150 151 1880
151 152 1880
152 153 1880
153 154 1880
154 155 1880
155 156 1880
156 157 1880
157 158 1880
158 159 1880
159 160 1880
160 161 1880
161 162 1880
162 163 1880
163 164 1880
164 165 1880
165 166 1880
166 167 1880
167 168 1880
168 169 1880
169 170 1880
170 171 1880
171 172 1880
172 173 1880
173 174 1880
174 175 1880
175 176 1880
176 177 1880
177 178 1880
178 179 1880
179 180 1880
180 181 1880
181 182 1880
182 183 1880
183 184 1880
184 185 1880
185 186 1880
186 187 1880
4 49 1880
16 50 1880
32 63 1880
21 45 1880
87 137 1880
15 114 1880
29 102 1880
83 111 1880
60 146 1880
76 162 1880
68 186 1880
37 137 1880
45 80 1880
10 135 1880
88 112 1880
6 154 1880
55 127 1880
16 95 1880
56 103 1880
86 155 1880
91 135 1880
13 22 1880
45 65 1880
73 171 1880
2 25 1880
48 126 1880
84 165 1880
72 138 1880
89 159 1880
57 99 1880
61 103 1880
69 139 1880
11 130 1880
19 38 1880
93 118 1880
10 71 1880
40 148 1880
18 156 1880
43 80 1880
11 59 1880
28 177 1880
81 142 1880
49 147 1880
20 42 1880
75 117 1880
11 133 1880
54 164 1880
4 144 1880
74 145 1880
38 170 1880
60 128 1880
56 161 1880
51 94 1880
11 97 1880
56 97 1880
57 178 1880
37 54 1880
63 182 1880
10 82 1880
47 80 1880
78 142 1880
66 179 1880
32 71 1880
64 158 1880
90 109 1880
41 186 1880
82 93 1880
7 51 1880
69 151 1880
57 88 1880
61 163 1880
39 110 1880
77 111 1880
8 148 1880
70 125 1880
77 187 1880
6 55 1880
0 172 1880
26 185 1880
70 181 1880
21 187 1880
45 172 1880
33 68 1880
77 84 1880
24 67 1880
70 81 1880
8 70 1880
90 150 1880
64 78 1880
13 115 1880
63 67 1880
71 154 1880
75 176 1880
23 102 1880
69 132 1880
89 142 1880
23 115 1880
71 143 1880
47 166 1880
62 81 1880
22 179 1880
51 97 1880
58 117 1880
20 186 1880
23 67 1880
24 147 1880
11 78 1880
53 55 1880
68 125 1880
62 185 1880
59 129 1880
17 54 1880
12 161 1880
16 114 1880
26 148 1880
49 90 1880
33 89 1880
58 174 1880
29 34 1880
63 181 1880
32 187 1880
19 69 1880
14 118 1880
41 115 1880
50 131 1880
3 12 1880
27 151 1880
72 173 1880
34 130 1880
15 136 1880
84 130 1880
93 179 1880
42 93 1880
32 184 1880
30 167 1880
19 157 1880
14 101 1880
4 25 1880
19 174 1880
1 146 1880
80 100 1880
27 108 1880
24 121 1880
0 71 1880
48 140 1880
19 65 1880
20 157 1880
61 139 1880
70 84 1880
76 186 1880
37 179 1880
78 112 1880
13 73 1880
72 181 1880
84 117 1880
81 108 1880
72 87 1880
59 138 1880
56 144 1880
23 105 1880
7 52 1880
45 173 1880
40 177 1880
76 90 1880
65 162 1880
31 78 1880
77 168 1880
29 79 1880
10 64 1880
51 109 1880
33 170 1880
34 84 1880
11 27 1880
94 126 1880
15 158 1880
42 172 1880
5 184 1880
2 170 1880
51 108 1880
1 133 1880
34 154 1880
64 111 1880
10 67 1880
31 65 1880
13 67 1880
31 73 1880
