0 1 1920
1 2 1920
2 3 1920
3 4 1920
4 5 1920
5 6 1920
6 7 1920
7 8 1920
8 9 1920
9 10 1920
10 11 1920
11 12 1920
12 13 1920
13 14 1920
14 15 1920
15 16 1920
16 17 1920
17 18 1920
18 19 1920
19 20 1920
20 21 1920
21 22 1920
22 23 1920
23 24 1920
24 25 1920
25 26 1920
26 27 1920
27 28 1920
28 29 1920
29 30 1920
30 31 1920
31 32 1920
32 33 1920
33 34 1920
34 35 1920
35 36 1920
36 37 1920
37 38 1920
38 39 1920
39 40 1920
40 41 1920
41 42 1920
42 43 1920
43 44 1920
44 45 1920
45 46 1920
46 47 1920
47 48 1920
48 49 1920
49 50 1920
50 51 1920
51 52 1920
52 53 1920
53 54 1920
54 55 1920
55 56 1920
56 57 1920
57 58 1920
58 59 1920
59 60 1920
60 61 1920
61 62 1920
62 63 1920
63 64 1920
64 65 1920
65 66 1920
66 67 1920
67 68 1920
68 69 1920
69 70 1920
70 71 1920
71 72 1920
72 73 1920
73 74 1920
74 75 1920
75 76 1920
76 77 1920
77 78 1920
78 79 1920
79 80 1920
80 81 1920
81 82 1920
82 83 1920
83 84 1920
84 85 1920
85 86 1920
86 87 1920
87 88 1920
88 89 1920
89 90 1920
90 91 1920
91 92 1920
92 93 1920
93 94 1920
94 95 1920
95 96 1920
96 97 1920
97 98 1920
98 99 1920
99 100 1920
100 101 1920
101 102 1920
102 103 1920
103 104 1920
104 105 1920
105 106 1920
106 107 1920
107 108 1920
108 109 1920
109 110 1920
110 111 1920
111 112 1920
112 113 1920
113 114 1920
114 115 1920
115 116 1920
116 117 1920
117 118 1920
118 119 1920
119 120 1920
120 121 1920
121 122 1920
122 123 1920
123 124 1920
124 125 1920
125 126 1920
126 127 1920
127 128 1920
128 129 1920
129 130 1920
130 131 1920
131 132 1920
132 133 1920
133 134 1920
134 135 1920
135 136 1920
136 137 1920
137 138 1920
138 139 1920
139 140 1920
140 141 1920
141 142 1920
142 143 1920
143 144 1920
144 145 1920
145 146 1920
146 147 1920
147 148 1920
148 149 1920
149 150 1920
150 151 1920
151 152 1920
152 153 1920
153 154 1920
154 155 1920
155 156 1920
156 157 1920
157 158 1920
158 159 1920
159 160 1920
160 161 1920
161 162 1920
162 163 1920
163 164 1920
164 165 1920
165 166 1920
166 167 1920
167 168 1920
168 169 1920
169 170 1920
170 171 1920
171 172 1920
172 173 1920
173 174 1920
174 175 1920
175 176 1920
176 177 1920
177 178 1920
178 179 1920
179 180 1920
180 181 1920
181 182 1920
182 183 1920
183 184 1920
184 185 1920
185 186 1920
186 187 1920
187 188 1920
188 189 1920
189 190 1920
190 191 1920
6 168 1920
84 142 1920
45 92 1920
88 110 1920
37 81 1920
54 69 1920
74 107 1920
48 129 1920
35 97 1920
5 167 1920
47 145 1920
69 189 1920
45 189 1920
30 101 1920
76 177 1920
40 171 1920
26 52 1920
81 162 1920
8 176 1920
92 115 1920
41 52 1920
83 163 1920
68 149 1920
38 101 1920
21 35 1920
50 177 1920
39 144 1920
55 179 1920
0 32 1920
53 159 1920
75 121 1920
44 78 1920
31 100 1920
96 114 1920
37 144 1920
45 158 1920
50 74 1920
76 172 1920
36 153 1920
87 146 1920
21 62 1920
36 134 1920
72 128 1920
93 171 1920
3 24 1920
40 62 1920
82 116 1920
71 99 1920
91 159 1920
60 113 1920
57 80 1920
30 164 1920
62 123 1920
0 58 1920
42 136 1920
64 147 1920
45 90 1920
30 179 1920
41 87 1920
18 158 1920
45 57 1920
50 119 1920
21 116 1920
84 147 1920
93 190 1920
17 76 1920
78 175 1920
21 90 1920
38 48 1920
30 37 1920
21 125 1920
88 129 1920
11 110 1920
21 125 1920
21 124 1920
72 155 1920
50 91 1920
38 92 1920
66 82 1920
95 127 1920
63 182 1920
43 133 1920
54 83 1920
62 90 1920
90 94 1920
11 57 1920
3 95 1920
29 167 1920
65 107 1920
61 72 1920
4 42 1920
60 62 1920
43 113 1920
18 20 1920
1 150 1920
88 117 1920
32 60 1920
81 119 1920
59 117 1920
83 137 1920
41 171 1920
10 20 1920
64 94 1920
27 111 1920
19 79 1920
65 128 1920
77 118 1920
76 112 1920
60 88 1920
18 120 1920
5 162 1920
54 117 1920
50 123 1920
93 165 1920
18 114 1920
60 75 1920
35 189 1920
69 86 1920
86 188 1920
11 58 1920
41 120 1920
94 181 1920
43 157 1920
93 149 1920
66 126 1920
17 80 1920
43 151 1920
42 140 1920
95 110 1920
12 159 1920
53 125 1920
33 120 1920
2 165 1920
73 151 1920
0 88 1920
10 62 1920
3 98 1920
62 180 1920
23 128 1920
74 149 1920
94 125 1920
36 138 1920
42 76 1920
92 135 1920
26 115 1920
2 121 1920
46 135 1920
54 117 1920
81 128 1920
60 151 1920
77 108 1920
12 171 1920
84 159 1920
90 136 1920
30 62 1920
21 176 1920
69 136 1920
1 46 1920
37 109 1920
35 123 1920
65 135 1920
43 154 1920
37 145 1920
41 158 1920
18 74 1920
36 52 1920
23 97 1920
6 21 1920
82 126 1920
60 82 1920
0 55 1920
9 13 1920
13 22 1920
88 120 1920
66 157 1920
78 121 1920
66 95 1920
61 91 1920
21 162 1920
37 84 1920
20 140 1920
7 21 1920
26 45 1920
43 113 1920
9 77 1920
11 61 1920
75 125 1920
