0 1 1960
1 2 1960
2 3 1960
3 4 1960
4 5 1960
5 6 1960
6 7 1960
7 8 1960
8 9 1960
9 10 1960
10 11 1960
11 12 1960
12 13 1960
13 14 1960
14 15 1960
15 16 1960
16 17 1960
17 18 1960
18 19 1960
19 20 1960
20 21 1960
21 22 1960
22 23 1960
23 24 1960
24 25 1960
25 26 1960
26 27 1960
27 28 1960
28 29 1960
29 30 1960
30 31 1960
31 32 1960
32 33 1960
33 34 1960
34 35 1960
35 36 1960
36 37 1960
37 38 1960
38 39 1960
39 40 1960
40 41 1960
41 42 1960
42 43 1960
43 44 1960
44 45 1960
45 46 1960
46 47 1960
47 48 1960
48 49 1960
49 50 1960
50 51 1960
51 52 1960
52 53 1960
53 54 1960
54 55 1960
55 56 1960
56 57 1960
57 58 1960
58 59 1960
59 60 1960
60 61 1960
61 62 1960
62 63 1960
63 64 1960
64 65 1960
65 66 1960
66 67 1960
67 68 1960
68 69 1960
69 70 1960
70 71 1960
71 72 1960
72 73 1960
73 74 1960
74 75 1960
75 76 1960
76 77 1960
77 78 1960
78 79 1960
79 80 1960
80 81 1960
81 82 1960
82 83 1960
83 84 1960
84 85 1960
85 86 1960
86 87 1960
87 88 1960
88 89 1960
89 90 1960
90 91 1960
91 92 1960
92 93 1960
93 94 1960
94 95 1960
95 96 1960
96 97 1960
97 98 1960
98 99 1960
99 100 1960
100 101 1960
101 102 1960
102 103 1960
103 104 1960
104 105 1960
105 106 1960
106 107 1960
107 108 1960
108 109 1960
109 110 1960
110 111 1960
111 112 1960
112 113 1960
113 114 1960
114 115 1960
115 116 1960
116 117 1960
117 118 1960
118 119 1960
119 120 1960
120 121 1960
121 122 1960
122 123 1960
123 124 1960
124 125 1960
125 126 1960
126 127 1960
127 128 1960
128 129 1960
129 130 1960
130 131 1960
131 132 1960
132 133 1960
133 134 1960
134 135 1960
135 136 1960
136 137 1960
137 138 1960
138 139 1960
139 140 1960
140 141 1960
141 142 1960
142 143 1960
143 144 1960
144 145 1960
145 146 1960
146 147 1960
147 148 1960
148 149 1960
149 150 1960
150 151 1960
151 152 1960
152 153 1960
153 154 1960
154 155 1960
155 156 1960
156 157 1960
157 158 1960
158 159 1960
159 160 1960
160 161 1960
161 162 1960
162 163 1960
163 164 1960
164 165 1960
165 166 1960
166 167 1960
167 168 1960
168 169 1960
169 170 1960
170 171 1960
171 172 1960
172 173 1960
173 174 1960
174 175 1960
175 176 1960
176 177 1960
177 178 1960
178 179 1960
179 180 1960
180 181 1960
181 182 1960
182 183 1960
183 184 1960
184 185 1960
185 186 1960
186 187 1960
187 188 1960
188 189 1960
189 190 1960
190 191 1960
191 192 1960
192 193 1960
193 194 1960
194 195 1960
23 71 1960
49 89 1960
15 160 1960
34 109 1960
56 155 1960
36 167 1960
78 119 1960
83 195 1960
7 160 1960
97 147 1960
10 79 1960
61 185 1960
91 184 1960
74 190 1960
30 152 1960
33 149 1960
80 147 1960
98 143 1960
32 116 1960
44 95 1960
17 52 1960
54 87 1960
6 67 1960
37 94 1960
17 139 1960
81 87 1960
88 192 1960
91 128 1960
69 184 1960
55 72 1960
63 143 1960
88 192 1960
75 119 1960
41 114 1960
47 116 1960
47 75 1960
18 164 1960
62 159 1960
73 122 1960
66 187 1960
70 128 1960
83 195 1960
41 175 1960
65 72 1960
43 132 1960
40 105 1960
56 116 1960
66 88 1960
76 179 1960
98 108 1960
0 136 1960
63 119 1960
72 186 1960
82 142 1960
47 193 1960
15 43 1960
41 119 1960
39 151 1960
48 138 1960
71 130 1960
1 88 1960
14 163 1960
78 149 1960
9 103 1960
34 142 1960
15 115 1960
52 186 1960
28 42 1960
60 78 1960
91 192 1960
5 58 1960
72 77 1960
30 162 1960
33 86 1960
7 194 1960
47 95 1960
87 130 1960
44 53 1960
34 105 1960
34 57 1960
98 176 1960
17 88 1960
39 136 1960
73 178 1960
76 176 1960
84 126 1960
14 138 1960
87 128 1960
35 119 1960
20 103 1960
37 155 1960
44 134 1960
32 74 1960
15 76 1960
82 190 1960
17 74 1960
82 107 1960
56 168 1960
76 143 1960
92 105 1960
56 123 1960
58 182 1960
30 99 1960
98 107 1960
29 152 1960
27 155 1960
98 153 1960
14 76 1960
26 124 1960
17 183 1960
98 107 1960
77 122 1960
71 118 1960
14 48 1960
97 107 1960
98 158 1960
0 51 1960
13 86 1960
31 84 1960
78 183 1960
51 79 1960
55 185 1960
84 107 1960
56 154 1960
75 78 1960
15 91 1960
32 143 1960
94 157 1960
87 89 1960
93 173 1960
22 123 1960
79 153 1960
7 84 1960
18 34 1960
67 164 1960
85 194 1960
52 164 1960
62 122 1960
10 48 1960
64 98 1960
88 187 1960
35 100 1960
51 91 1960
83 90 1960
93 123 1960
36 162 1960
84 129 1960
64 67 1960
52 164 1960
7 141 1960
42 85 1960
41 95 1960
4 27 1960
23 135 1960
54 179 1960
62 86 1960
42 61 1960
56 60 1960
40 182 1960
26 85 1960
43 163 1960
85 188 1960
97 119 1960
18 169 1960
97 110 1960
24 60 1960
66 132 1960
95 186 1960
19 103 1960
10 98 1960
60 71 1960
39 44 1960
23 40 1960
25 186 1960
63 84 1960
84 157 1960
30 171 1960
14 59 1960
70 177 1960
51 169 1960
79 184 1960
87 179 1960
1 186 1960
91 156 1960
70 159 1960
34 36 1960
92 174 1960
8 99 1960
71 188 1960
67 172 1960
4 167 1960
51 153 1960
20 181 1960
20 60 1960
