0 1 2000
1 2 2000
2 3 2000
3 4 2000
4 5 2000
5 6 2000
6 7 2000
7 8 2000
8 9 2000
9 10 2000
10 11 2000
11 12 2000
12 13 2000
13 14 2000
14 15 2000
15 16 2000
16 17 2000
17 18 2000
18 19 2000
19 20 2000
20 21 2000
21 22 2000
22 23 2000
23 24 2000
24 25 2000
25 26 2000
26 27 2000
27 28 2000
28 29 2000
29 30 2000
30 31 2000
31 32 2000
32 33 2000
33 34 2000
34 35 2000
35 36 2000
36 37 2000
37 38 2000
38 39 2000
39 40 2000
40 41 2000
41 42 2000
42 43 2000
43 44 2000
44 45 2000
45 46 2000
46 47 2000
47 48 2000
48 49 2000
49 50 2000
50 51 2000
51 52 2000
52 53 2000
53 54 2000
54 55 2000
55 56 2000
56 57 2000
57 58 2000
58 59 2000
59 60 2000
60 61 2000
61 62 2000
62 63 2000
63 64 2000
64 65 2000
65 66 2000
66 67 2000
67 68 2000
68 69 2000
69 70 2000
70 71 2000
71 72 2000
72 73 2000
73 74 2000
74 75 2000
75 76 2000
76 77 2000
77 78 2000
78 79 2000
79 80 2000
80 81 2000
81 82 2000
82 83 2000
83 84 2000
84 85 2000
85 86 2000
86 87 2000
87 88 2000
88 89 2000
89 90 2000
90 91 2000
91 92 2000
92 93 2000
93 94 2000
94 95 2000
95 96 2000
96 97 2000
97 98 2000
98 99 2000
99 100 2000
100 101 2000
101 102 2000
102 103 2000
103 104 2000
104 105 2000
105 106 2000
106 107 2000
107 108 2000
108 109 2000
109 110 2000
110 111 2000
111 112 2000
112 113 2000
113 114 2000
114 115 2000
115 116 2000
116 117 2000
117 118 2000
118 119 2000
119 120 2000
120 121 2000
121 122 2000
122 123 2000
123 124 2000
124 125 2000
125 126 2000
126 127 2000
127 128 2000
128 129 2000
129 130 2000
130 131 2000
131 132 2000
132 133 2000
133 134 2000
134 135 2000
135 136 2000
136 137 2000
137 138 2000
138 139 2000
139 140 2000
140 141 2000
141 142 2000
142 143 2000
143 144 2000
144 145 2000
145 146 2000
146 147 2000
147 148 2000
148 149 2000
149 150 2000
150 151 2000
151 152 2000
152 153 2000
153 154 2000
154 155 2000
155 156 2000
156 157 2000
157 158 2000
158 159 2000
159 160 2000
160 161 2000
161 162 2000
162 163 2000
163 164 2000
164 165 2000
165 166 2000
166 167 2000
167 168 2000
168 169 2000
169 170 2000
170 171 2000
171 172 2000
172 173 2000
173 174 2000
174 175 2000
175 176 2000
176 177 2000
177 178 2000
178 179 2000
179 180 2000
180 181 2000
181 182 2000
182 183 2000
183 184 2000
184 185 2000
185 186 2000
186 187 2000
187 188 2000
188 189 2000
189 190 2000
190 191 2000
191 192 2000
192 193 2000
193 194 2000
194 195 2000
195 196 2000
196 197 2000
197 198 2000
198 199 2000
11 182 2000
10 136 2000
62 133 2000
90 175 2000
7 15 2000
66 138 2000
5 119 2000
12 107 2000
100 139 2000
79 86 2000
24 138 2000
63 183 2000
58 189 2000
36 41 2000
29 56 2000
36 164 2000
40 86 2000
12 52 2000
70 191 2000
12 125 2000
10 34 2000
94 193 2000
27 182 2000
39 134 2000
38 49 2000
53 117 2000
77 155 2000
45 63 2000
90 104 2000
63 175 2000
53 112 2000
2 138 2000
95 119 2000
33 39 2000
68 94 2000
88 164 2000
80 127 2000
64 122 2000
77 98 2000
91 156 2000
64 174 2000
84 132 2000
64 73 2000
81 197 2000
50 109 2000
91 136 2000
96 98 2000
26 124 2000
21 134 2000
89 107 2000
92 196 2000
0 21 2000
59 196 2000
66 154 2000
81 106 2000
87 198 2000
91 125 2000
82 132 2000
49 172 2000
34 187 2000
69 153 2000
82 126 2000
72 96 2000
30 189 2000
92 97 2000
100 108 2000
36 168 2000
26 167 2000
18 69 2000
10 104 2000
23 145 2000
56 82 2000
85 132 2000
92 141 2000
100 196 2000
69 145 2000
82 137 2000
48 84 2000
94 164 2000
10 74 2000
72 121 2000
21 64 2000
16 100 2000
2 190 2000
6 136 2000
63 143 2000
85 185 2000
29 133 2000
43 85 2000
3 143 2000
70 125 2000
97 124 2000
60 171 2000
93 144 2000
26 78 2000
36 86 2000
75 171 2000
35 166 2000
76 121 2000
36 185 2000
62 86 2000
68 175 2000
41 82 2000
50 179 2000
56 178 2000
56 84 2000
23 169 2000
38 70 2000
45 145 2000
30 83 2000
43 116 2000
42 90 2000
91 142 2000
5 153 2000
36 132 2000
44 199 2000
90 189 2000
4 15 2000
87 151 2000
20 35 2000
40 99 2000
47 184 2000
35 97 2000
68 164 2000
3 162 2000
18 185 2000
79 81 2000
25 92 2000
62 168 2000
24 57 2000
61 165 2000
23 129 2000
79 175 2000
65 71 2000
32 98 2000
59 96 2000
89 160 2000
18 184 2000
0 145 2000
79 197 2000
88 152 2000
34 92 2000
74 112 2000
100 176 2000
58 113 2000
96 126 2000
11 92 2000
85 148 2000
75 90 2000
61 70 2000
89 93 2000
84 199 2000
14 169 2000
48 190 2000
90 131 2000
99 126 2000
95 103 2000
0 182 2000
47 188 2000
95 102 2000
60 105 2000
68 190 2000
58 150 2000
13 197 2000
3 76 2000
74 141 2000
87 96 2000
86 110 2000
77 171 2000
5 43 2000
60 72 2000
11 30 2000
59 196 2000
96 175 2000
59 83 2000
24 160 2000
38 43 2000
89 131 2000
28 67 2000
50 124 2000
69 133 2000
93 152 2000
24 179 2000
98 170 2000
85 115 2000
35 38 2000
77 145 2000
36 125 2000
59 136 2000
5 110 2000
75 146 2000
37 79 2000
97 142 2000
36 75 2000
96 132 2000
36 71 2000
68 146 2000
0 156 2000
22 103 2000
