0 1 2040
1 2 2040
2 3 2040
3 4 2040
4 5 2040
5 6 2040
6 7 2040
7 8 2040
8 9 2040
9 10 2040
10 11 2040
11 12 2040
12 13 2040
13 14 2040
14 15 2040
15 16 2040
16 17 2040
17 18 2040
18 19 2040
19 20 2040
20 21 2040
21 22 2040
22 23 2040
23 24 2040
24 25 2040
25 26 2040
26 27 2040
27 28 2040
28 29 2040
29 30 2040
30 31 2040
31 32 2040
32 33 2040
33 34 2040
34 35 2040
35 36 2040
36 37 2040
37 38 2040
38 39 2040
39 40 2040
40 41 2040
41 42 2040
42 43 2040
43 44 2040
44 45 2040
45 46 2040
46 47 2040
47 48 2040
48 49 2040
49 50 2040
50 51 2040
51 52 2040
52 53 2040
53 54 2040
54 55 2040
55 56 2040
56 57 2040
57 58 2040
58 59 2040
59 60 2040
60 61 2040
61 62 2040
62 63 2040
63 64 2040
64 65 2040
65 66 2040
66 67 2040
67 68 2040
68 69 2040
69 70 2040
70 71 2040
71 72 2040
72 73 2040
73 74 2040
74 75 2040
75 76 2040
76 77 2040
77 78 2040
78 79 2040
79 80 2040
80 81 2040
81 82 2040
82 83 2040
83 84 2040
84 85 2040
85 86 2040
86 87 2040
87 88 2040
88 89 2040
89 90 2040
90 91 2040
91 92 2040
92 93 2040
93 94 2040
94 95 2040
95 96 2040
96 97 2040
97 98 2040
98 99 2040
99 100 2040
100 101 2040
101 102 2040
102 103 2040
103 104 2040
104 105 2040
105 106 2040
106 107 2040
107 108 2040
108 109 2040
109 110 2040
110 111 2040
111 112 2040
112 113 2040
113 114 2040
114 115 2040
115 116 2040
116 117 2040
117 118 2040
118 119 2040
119 120 2040
120 121 2040
121 122 2040
122 123 2040
123 124 2040
124 125 2040
125 126 2040
126 127 2040
127 128 2040
128 129 2040
129 130 2040
130 131 2040
131 132 2040
132 133 2040
133 134 2040
134 135 2040
135 136 2040
136 137 2040
137 138 2040
138 139 2040
139 140 2040
140 141 2040
141 142 2040
142 143 2040
143 144 2040
144 145 2040
145 146 2040
146 147 2040
147 148 2040
148 149 2040
149 150 2040
150 151 2040
151 152 2040
152 153 2040
153 154 2040
154 155 2040
155 156 2040
156 157 2040
157 158 2040
158 159 2040
159 160 2040
160 161 2040
161 162 2040
162 163 2040
163 164 2040
164 165 2040
165 166 2040
166 167 2040
167 168 2040
168 169 2040
169 170 2040
170 171 2040
171 172 2040
172 173 2040
173 174 2040
174 175 2040
175 176 2040
176 177 2040
177 178 2040
178 179 2040
179 180 2040
180 181 2040
181 182 2040
182 183 2040
183 184 2040
184 185 2040
185 186 2040
186 187 2040
187 188 2040
188 189 2040
189 190 2040
190 191 2040
191 192 2040
192 193 2040
193 194 2040
194 195 2040
195 196 2040
196 197 2040
197 198 2040
198 199 2040
199 200 2040
200 201 2040
201 202 2040
202 203 2040
95 134 2040
62 196 2040
77 173 2040
25 173 2040
66 181 2040
92 99 2040
73 121 2040
26 186 2040
87 100 2040
67 111 2040
92 133 2040
57 110 2040
1 86 2040
80 106 2040
86 166 2040
24 157 2040
24 164 2040
62 136 2040
91 203 2040
5 57 2040
49 181 2040
72 169 2040
98 177 2040
98 175 2040
74 94 2040
30 123 2040
79 199 2040
33 87 2040
75 185 2040
73 144 2040
57 145 2040
62 118 2040
1 133 2040
19 79 2040
62 79 2040
57 93 2040
102 124 2040
83 198 2040
40 163 2040
45 111 2040
56 196 2040
52 202 2040
32 116 2040
84 122 2040
48 150 2040
73 110 2040
76 196 2040
14 151 2040
48 190 2040
40 80 2040
55 177 2040
92 198 2040
12 187 2040
24 180 2040
12 97 2040
35 182 2040
70 127 2040
57 75 2040
87 105 2040
79 121 2040
2 21 2040
49 159 2040
63 69 2040
80 188 2040
76 193 2040
4 130 2040
92 166 2040
65 133 2040
85 185 2040
31 136 2040
21 96 2040
61 136 2040
57 145 2040
0 185 2040
86 109 2040
80 154 2040
4 110 2040
99 141 2040
97 160 2040
93 126 2040
75 131 2040
10 131 2040
48 159 2040
38 192 2040
26 61 2040
79 89 2040
12 161 2040
100 121 2040
51 68 2040
83 116 2040
4 170 2040
83 186 2040
0 114 2040
69 176 2040
100 109 2040
47 174 2040
60 79 2040
44 115 2040
13 17 2040
33 143 2040
11 47 2040
5 36 2040
90 102 2040
2 26 2040
57 67 2040
43 106 2040
12 110 2040
20 26 2040
74 147 2040
67 111 2040
8 132 2040
3 84 2040
74 141 2040
2 74 2040
21 182 2040
53 89 2040
15 36 2040
15 174 2040
11 92 2040
97 198 2040
98 194 2040
7 188 2040
12 113 2040
28 77 2040
18 198 2040
47 107 2040
72 164 2040
20 101 2040
76 111 2040
81 113 2040
97 123 2040
17 72 2040
77 116 2040
21 64 2040
33 94 2040
46 153 2040
82 186 2040
102 202 2040
37 195 2040
64 75 2040
37 175 2040
3 145 2040
0 10 2040
66 87 2040
98 113 2040
66 127 2040
91 112 2040
63 68 2040
13 91 2040
84 201 2040
79 181 2040
84 151 2040
38 121 2040
100 106 2040
50 146 2040
76 154 2040
13 79 2040
31 45 2040
3 183 2040
12 99 2040
12 147 2040
67 139 2040
50 64 2040
56 110 2040
95 148 2040
51 138 2040
46 163 2040
33 140 2040
58 84 2040
1 29 2040
9 140 2040
83 134 2040
51 71 2040
102 115 2040
80 95 2040
72 100 2040
100 130 2040
73 180 2040
10 69 2040
21 129 2040
5 169 2040
86 185 2040
20 100 2040
96 176 2040
91 147 2040
62 159 2040
80 130 2040
100 130 2040
74 130 2040
51 161 2040
13 109 2040
63 174 2040
30 145 2040
4 89 2040
76 178 2040
76 191 2040
93 203 2040
62 201 2040
90 151 2040
60 76 2040
2 28 2040
51 118 2040
