0 1 2080
1 2 2080
2 3 2080
3 4 2080
4 5 2080
5 6 2080
6 7 2080
7 8 2080
8 9 2080
9 10 2080
10 11 2080
11 12 2080
12 13 2080
13 14 2080
14 15 2080
15 16 2080
16 17 2080
17 18 2080
18 19 2080
19 20 2080
20 21 2080
21 22 2080
22 23 2080
23 24 2080
24 25 2080
25 26 2080
26 27 2080
27 28 2080
28 29 2080
29 30 2080
30 31 2080
31 32 2080
32 33 2080
33 34 2080
34 35 2080
35 36 2080
36 37 2080
37 38 2080
38 39 2080
39 40 2080
40 41 2080
41 42 2080
42 43 2080
43 44 2080
44 45 2080
45 46 2080
46 47 2080
47 48 2080
48 49 2080
49 50 2080
50 51 2080
51 52 2080
52 53 2080
53 54 2080
54 55 2080
55 56 2080
56 57 2080
57 58 2080
58 59 2080
59 60 2080
60 61 2080
61 62 2080
62 63 2080
63 64 2080
64 65 2080
65 66 2080
66 67 2080
67 68 2080
68 69 2080
69 70 2080
70 71 2080
71 72 2080
72 73 2080
73 74 2080
74 75 2080
75 76 2080
76 77 2080
77 78 2080
78 79 2080
79 80 2080
80 81 2080
81 82 2080
82 83 2080
83 84 2080
84 85 2080
85 86 2080
86 87 2080
87 88 2080
88 89 2080
89 90 2080
90 91 2080
91 92 2080
92 93 2080
93 94 2080
94 95 2080
95 96 2080
96 97 2080
97 98 2080
98 99 2080
99 100 2080
100 101 2080
101 102 2080
102 103 2080
103 104 2080
104 105 2080
105 106 2080
106 107 2080
107 108 2080
108 109 2080
109 110 2080
110 111 2080
111 112 2080
112 113 2080
113 114 2080
114 115 2080
115 116 2080
116 117 2080
117 118 2080
118 119 2080
119 120 2080
120 121 2080
121 122 2080
122 123 2080
123 124 2080
124 125 2080
125 126 2080
126 127 2080
127 128 2080
128 129 2080
129 130 2080
130 131 2080
131 132 2080
132 133 2080
133 134 2080
134 135 2080
135 136 2080
136 137 2080
137 138 2080
138 139 2080
139 140 2080
140 141 2080
141 142 2080
142 143 2080
143 144 2080
144 145 2080
145 146 2080
146 147 2080
147 148 2080
148 149 2080
149 150 2080
150 151 2080
151 152 2080
152 153 2080
153 154 2080
154 155 2080
155 156 2080
156 157 2080
157 158 2080
158 159 2080
159 160 2080
160 161 2080
161 162 2080
162 163 2080
163 164 2080
164 165 2080
165 166 2080
166 167 2080
167 168 2080
168 169 2080
169 170 2080
170 171 2080
171 172 2080
172 173 2080
173 174 2080
174 175 2080
175 176 2080
176 177 2080
177 178 2080
178 179 2080
179 180 2080
180 181 2080
181 182 2080
182 183 2080
183 184 2080
184 185 2080
185 186 2080
186 187 2080
187 188 2080
188 189 2080
189 190 2080
190 191 2080
191 192 2080
192 193 2080
193 194 2080
194 195 2080
195 196 2080
196 197 2080
197 198 2080
198 199 2080
199 200 2080
200 201 2080
201 202 2080
202 203 2080
203 204 2080
204 205 2080
205 206 2080
206 207 2080
77 130 2080
77 106 2080
18 106 2080
79 125 2080
74 116 2080
53 72 2080
10 78 2080
94 157 2080
5 131 2080
28 140 2080
37 113 2080
13 206 2080
65 141 2080
26 75 2080
26 167 2080
58 170 2080
38 189 2080
66 97 2080
34 120 2080
93 130 2080
104 162 2080
31 105 2080
30 125 2080
87 99 2080
11 65 2080
84 131 2080
82 110 2080
88 164 2080
51 64 2080
93 154 2080
83 206 2080
47 149 2080
12 108 2080
69 155 2080
102 170 2080
42 59 2080
75 145 2080
86 110 2080
3 169 2080
36 67 2080
12 107 2080
96 131 2080
52 192 2080
18 146 2080
45 155 2080
40 84 2080
87 102 2080
16 94 2080
14 97 2080
86 203 2080
53 94 2080
47 109 2080
69 189 2080
81 183 2080
62 65 2080
69 101 2080
56 149 2080
79 156 2080
4 15 2080
92 131 2080
19 130 2080
63 94 2080
30 180 2080
84 106 2080
14 26 2080
81 111 2080
22 164 2080
77 193 2080
9 135 2080
22 163 2080
58 156 2080
8 128 2080
89 137 2080
71 177 2080
94 130 2080
34 144 2080
79 90 2080
74 183 2080
8 179 2080
89 142 2080
2 205 2080
25 106 2080
36 133 2080
102 163 2080
22 182 2080
25 167 2080
70 178 2080
41 201 2080
97 135 2080
15 29 2080
98 155 2080
28 105 2080
101 118 2080
60 168 2080
15 171 2080
49 127 2080
6 63 2080
56 82 2080
11 77 2080
90 137 2080
99 121 2080
50 110 2080
95 197 2080
56 93 2080
9 43 2080
101 110 2080
74 76 2080
101 205 2080
5 191 2080
85 127 2080
26 116 2080
16 47 2080
91 167 2080
81 151 2080
84 110 2080
18 52 2080
85 106 2080
37 81 2080
10 55 2080
75 110 2080
2 145 2080
59 181 2080
82 201 2080
67 145 2080
61 177 2080
87 132 2080
80 202 2080
21 153 2080
65 83 2080
87 185 2080
101 187 2080
23 159 2080
75 95 2080
25 117 2080
104 143 2080
63 172 2080
9 15 2080
72 178 2080
31 124 2080
79 88 2080
0 34 2080
16 190 2080
94 173 2080
9 202 2080
49 190 2080
3 111 2080
7 38 2080
58 136 2080
73 75 2080
65 74 2080
49 206 2080
60 159 2080
36 132 2080
18 152 2080
22 125 2080
19 115 2080
75 135 2080
46 57 2080
79 181 2080
37 138 2080
26 108 2080
26 117 2080
100 136 2080
53 94 2080
36 205 2080
19 153 2080
42 117 2080
23 204 2080
75 92 2080
26 75 2080
101 125 2080
92 96 2080
6 38 2080
82 143 2080
86 138 2080
53 137 2080
36 70 2080
49 85 2080
99 199 2080
71 131 2080
29 32 2080
60 138 2080
4 19 2080
64 82 2080
101 154 2080
74 193 2080
26 190 2080
104 197 2080
98 188 2080
37 122 2080
51 96 2080
17 102 2080
3 126 2080
35 102 2080
62 206 2080
89 168 2080
52 141 2080
47 83 2080
102 205 2080
11 93 2080
30 178 2080
83 161 2080
45 195 2080
38 43 2080
20 197 2080
90 170 2080
