0 1 2120
1 2 2120
2 3 2120
3 4 2120
4 5 2120
5 6 2120
6 7 2120
7 8 2120
8 9 2120
9 10 2120
10 11 2120
11 12 2120
12 13 2120
13 14 2120
14 15 2120
15 16 2120
16 17 2120
17 18 2120
18 19 2120
19 20 2120
20 21 2120
21 22 2120
22 23 2120
23 24 2120
24 25 2120
25 26 2120
26 27 2120
27 28 2120
28 29 2120
29 30 2120
30 31 2120
31 32 2120
32 33 2120
33 34 2120
34 35 2120
35 36 2120
36 37 2120
37 38 2120
38 39 2120
39 40 2120
40 41 2120
41 42 2120
42 43 2120
43 44 2120
44 45 2120
45 46 2120
46 47 2120
47 48 2120
48 49 2120
49 50 2120
50 51 2120
51 52 2120
52 53 2120
53 54 2120
54 55 2120
55 56 2120
56 57 2120
57 58 2120
58 59 2120
59 60 2120
60 61 2120
61 62 2120
62 63 2120
63 64 2120
64 65 2120
65 66 2120
66 67 2120
67 68 2120
68 69 2120
69 70 2120
70 71 2120
71 72 2120
72 73 2120
73 74 2120
74 75 2120
75 76 2120
76 77 2120
77 78 2120
78 79 2120
79 80 2120
80 81 2120
81 82 2120
82 83 2120
83 84 2120
84 85 2120
85 86 2120
86 87 2120
87 88 2120
88 89 2120
89 90 2120
90 91 2120
91 92 2120
92 93 2120
93 94 2120
94 95 2120
95 96 2120
96 97 2120
97 98 2120
98 99 2120
99 100 2120
100 101 2120
101 102 2120
102 103 2120
103 104 2120
104 105 2120
105 106 2120
106 107 2120
107 108 2120
108 109 2120
109 110 2120
110 111 2120
111 112 2120
112 113 2120
113 114 2120
114 115 2120
115 116 2120
116 117 2120
117 118 2120
118 119 2120
119 120 2120
120 121 2120
121 122 2120
122 123 2120
123 124 2120
124 125 2120
125 126 2120
126 127 2120
127 128 2120
128 129 2120
129 130 2120
130 131 2120
131 132 2120
132 133 2120
133 134 2120
134 135 2120
135 136 2120
136 137 2120
137 138 2120
138 139 2120
139 140 2120
140 141 2120
141 142 2120
142 143 2120
143 144 2120
144 145 2120
145 146 2120
146 147 2120
147 148 2120
148 149 2120
149 150 2120
150 151 2120
151 152 2120
152 153 2120
153 154 2120
154 155 2120
155 156 2120
156 157 2120
157 158 2120
158 159 2120
159 160 2120
160 161 2120
161 162 2120
162 163 2120
163 164 2120
164 165 2120
165 166 2120
166 167 2120
167 168 2120
168 169 2120
169 170 2120
170 171 2120
171 172 2120
172 173 2120
173 174 2120
174 175 2120
175 176 2120
176 177 2120
177 178 2120
178 179 2120
179 180 2120
180 181 2120
181 182 2120
182 183 2120
183 184 2120
184 185 2120
185 186 2120
186 187 2120
187 188 2120
188 189 2120
189 190 2120
190 191 2120
191 192 2120
192 193 2120
193 194 2120
194 195 2120
195 196 2120
196 197 2120
197 198 2120
198 199 2120
199 200 2120
200 201 2120
201 202 2120
202 203 2120
203 204 2120
204 205 2120
205 206 2120
206 207 2120
207 208 2120
208 209 2120
209 210 2120
210 211 2120
5 45 2120
87 146 2120
4 146 2120
43 173 2120
5 176 2120
25 81 2120
32 137 2120
75 121 2120
92 129 2120
24 187 2120
57 75 2120
16 84 2120
55 60 2120
83 114 2120
3 142 2120
59 136 2120
25 101 2120
0 121 2120
80 155 2120
42 155 2120
105 124 2120
14 43 2120
1 188 2120
35 171 2120
102 166 2120
32 97 2120
37 105 2120
75 167 2120
58 173 2120
89 139 2120
75 117 2120
97 205 2120
14 84 2120
42 126 2120
15 126 2120
45 152 2120
13 101 2120
30 60 2120
7 189 2120
64 79 2120
92 157 2120
68 110 2120
46 59 2120
10 114 2120
54 182 2120
55 210 2120
44 90 2120
0 144 2120
61 90 2120
2 168 2120
30 122 2120
59 78 2120
55 86 2120
36 122 2120
28 80 2120
103 145 2120
92 204 2120
15 29 2120
48 202 2120
30 186 2120
6 45 2120
104 155 2120
92 170 2120
82 198 2120
37 121 2120
12 51 2120
54 118 2120
61 66 2120
12 16 2120
44 161 2120
91 174 2120
11 17 2120
59 122 2120
6 8 2120
101 201 2120
46 185 2120
70 98 2120
95 186 2120
98 139 2120
96 99 2120
19 69 2120
3 173 2120
90 175 2120
41 144 2120
83 136 2120
88 181 2120
29 169 2120
10 169 2120
97 184 2120
11 102 2120
105 140 2120
9 167 2120
81 172 2120
15 75 2120
86 102 2120
26 132 2120
9 147 2120
27 211 2120
57 102 2120
40 150 2120
56 108 2120
101 125 2120
9 13 2120
56 67 2120
68 182 2120
28 31 2120
1 7 2120
90 117 2120
11 151 2120
61 92 2120
106 167 2120
9 14 2120
38 207 2120
20 54 2120
7 145 2120
58 161 2120
66 174 2120
5 45 2120
106 205 2120
80 184 2120
15 50 2120
67 79 2120
79 154 2120
84 208 2120
0 170 2120
16 200 2120
50 189 2120
17 153 2120
81 103 2120
50 133 2120
86 125 2120
89 197 2120
49 157 2120
38 114 2120
25 71 2120
97 113 2120
72 155 2120
31 74 2120
0 57 2120
39 93 2120
35 145 2120
72 207 2120
0 80 2120
85 204 2120
14 81 2120
47 132 2120
40 104 2120
33 89 2120
78 177 2120
8 193 2120
16 53 2120
21 144 2120
57 59 2120
38 67 2120
9 31 2120
94 189 2120
44 181 2120
48 121 2120
89 130 2120
4 9 2120
93 194 2120
10 128 2120
78 107 2120
21 66 2120
102 109 2120
9 120 2120
27 108 2120
27 142 2120
10 62 2120
82 106 2120
54 131 2120
72 148 2120
3 191 2120
10 102 2120
64 146 2120
15 204 2120
50 112 2120
94 125 2120
40 101 2120
60 66 2120
99 132 2120
64 174 2120
92 161 2120
0 41 2120
85 205 2120
51 145 2120
94 208 2120
10 45 2120
46 119 2120
10 73 2120
1 166 2120
26 106 2120
74 140 2120
37 103 2120
2 196 2120
13 134 2120
82 165 2120
68 142 2120
64 73 2120
1 134 2120
26 147 2120
100 208 2120
59 202 2120
69 84 2120
47 113 2120
18 111 2120
65 163 2120
30 59 2120
5 127 2120
52 149 2120
