0 1 2160
1 2 2160
2 3 2160
3 4 2160
4 5 2160
5 6 2160
6 7 2160
7 8 2160
8 9 2160
9 10 2160
10 11 2160
11 12 2160
12 13 2160
13 14 2160
14 15 2160
15 16 2160
16 17 2160
17 18 2160
18 19 2160
19 20 2160
20 21 2160
21 22 2160
22 23 2160
23 24 2160
24 25 2160
25 26 2160
26 27 2160
27 28 2160
28 29 2160
29 30 2160
30 31 2160
31 32 2160
32 33 2160
33 34 2160
34 35 2160
35 36 2160
36 37 2160
37 38 2160
38 39 2160
39 40 2160
40 41 2160
41 42 2160
42 43 2160
43 44 2160
44 45 2160
45 46 2160
46 47 2160
47 48 2160
48 49 2160
49 50 2160
50 51 2160
51 52 2160
52 53 2160
53 54 2160
54 55 2160
55 56 2160
56 57 2160
57 58 2160
58 59 2160
59 60 2160
60 61 2160
61 62 2160
62 63 2160
63 64 2160
64 65 2160
65 66 2160
66 67 2160
67 68 2160
68 69 2160
69 70 2160
70 71 2160
71 72 2160
72 73 2160
73 74 2160
74 75 2160
75 76 2160
76 77 2160
77 78 2160
78 79 2160
79 80 2160
80 81 2160
81 82 2160
82 83 2160
83 84 2160
84 85 2160
85 86 2160
86 87 2160
87 88 2160
88 89 2160
89 90 2160
90 91 2160
91 92 2160
92 93 2160
93 94 2160
94 95 2160
95 96 2160
96 97 2160
97 98 2160
98 99 2160
99 100 2160
100 101 2160
101 102 2160
102 103 2160
103 104 2160
104 105 2160
105 106 2160
106 107 2160
107 108 2160
108 109 2160
109 110 2160
110 111 2160
111 112 2160
112 113 2160
113 114 2160
114 115 2160
115 116 2160
116 117 2160
117 118 2160
118 119 2160
119 120 2160
120 121 2160
121 122 2160
122 123 2160
123 124 2160
124 125 2160
125 126 2160
126 127 2160
127 128 2160
128 129 2160
129 130 2160
130 131 2160
131 132 2160
132 133 2160
133 134 2160
134 135 2160
135 136 2160
136 137 2160
137 138 2160
138 139 2160
139 140 2160
140 141 2160
141 142 2160
142 143 2160
143 144 2160
144 145 2160
145 146 2160
146 147 2160
147 148 2160
148 149 2160
149 150 2160
150 151 2160
151 152 2160
152 153 2160
153 154 2160
154 155 2160
155 156 2160
156 157 2160
157 158 2160
158 159 2160
159 160 2160
160 161 2160
161 162 2160
162 163 2160
163 164 2160
164 165 2160
165 166 2160
166 167 2160
167 168 2160
168 169 2160
169 170 2160
170 171 2160
171 172 2160
172 173 2160
173 174 2160
174 175 2160
175 176 2160
176 177 2160
177 178 2160
178 179 2160
179 180 2160
180 181 2160
181 182 2160
182 183 2160
183 184 2160
184 185 2160
185 186 2160
186 187 2160
187 188 2160
188 189 2160
189 190 2160
190 191 2160
191 192 2160
192 193 2160
193 194 2160
194 195 2160
195 196 2160
196 197 2160
197 198 2160
198 199 2160
199 200 2160
200 201 2160
201 202 2160
202 203 2160
203 204 2160
204 205 2160
205 206 2160
206 207 2160
207 208 2160
208 209 2160
209 210 2160
210 211 2160
211 212 2160
212 213 2160
213 214 2160
214 215 2160
68 133 2160
107 125 2160
34 114 2160
8 145 2160
100 116 2160
27 47 2160
52 91 2160
62 73 2160
75 93 2160
28 184 2160
30 204 2160
57 180 2160
100 156 2160
95 194 2160
57 109 2160
90 111 2160
65 156 2160
11 87 2160
77 179 2160
87 198 2160
10 78 2160
63 211 2160
85 165 2160
43 161 2160
17 30 2160
100 156 2160
46 54 2160
77 106 2160
2 135 2160
32 38 2160
10 67 2160
49 86 2160
107 203 2160
105 143 2160
49 125 2160
19 135 2160
37 204 2160
54 76 2160
61 162 2160
12 72 2160
105 178 2160
55 139 2160
68 132 2160
18 172 2160
100 165 2160
70 171 2160
18 212 2160
93 111 2160
54 73 2160
102 172 2160
28 103 2160
0 105 2160
44 129 2160
75 100 2160
33 97 2160
58 177 2160
9 162 2160
73 210 2160
101 114 2160
90 104 2160
31 66 2160
69 180 2160
10 200 2160
10 156 2160
35 135 2160
69 212 2160
107 189 2160
17 120 2160
44 104 2160
31 62 2160
82 208 2160
64 103 2160
57 77 2160
44 60 2160
40 132 2160
90 138 2160
102 205 2160
47 146 2160
16 46 2160
80 125 2160
61 143 2160
11 81 2160
94 102 2160
53 63 2160
107 142 2160
59 93 2160
74 95 2160
97 189 2160
32 91 2160
61 142 2160
23 140 2160
37 46 2160
59 190 2160
83 142 2160
17 34 2160
16 112 2160
22 87 2160
32 42 2160
28 157 2160
43 215 2160
74 145 2160
24 145 2160
34 92 2160
92 130 2160
7 141 2160
104 146 2160
70 93 2160
76 133 2160
86 118 2160
0 10 2160
81 167 2160
82 214 2160
87 197 2160
1 54 2160
48 82 2160
53 135 2160
68 87 2160
77 182 2160
30 115 2160
66 91 2160
34 207 2160
90 153 2160
102 190 2160
66 192 2160
5 14 2160
42 124 2160
87 125 2160
103 112 2160
5 163 2160
100 156 2160
29 205 2160
98 139 2160
86 178 2160
18 43 2160
21 66 2160
23 115 2160
97 158 2160
91 193 2160
26 95 2160
73 163 2160
63 176 2160
24 166 2160
87 197 2160
32 119 2160
25 196 2160
76 206 2160
69 104 2160
1 18 2160
97 206 2160
82 88 2160
68 132 2160
72 189 2160
0 54 2160
62 215 2160
81 163 2160
18 209 2160
92 168 2160
12 165 2160
25 89 2160
78 124 2160
24 82 2160
100 157 2160
82 195 2160
29 158 2160
89 166 2160
104 115 2160
0 147 2160
74 191 2160
68 129 2160
89 127 2160
69 150 2160
93 141 2160
83 159 2160
15 42 2160
57 138 2160
83 96 2160
3 174 2160
41 63 2160
47 177 2160
23 208 2160
108 168 2160
19 84 2160
77 155 2160
83 173 2160
5 181 2160
98 105 2160
98 124 2160
15 118 2160
62 66 2160
55 57 2160
88 209 2160
65 89 2160
16 121 2160
47 102 2160
60 76 2160
3 98 2160
27 177 2160
6 38 2160
74 145 2160
19 84 2160
81 100 2160
40 214 2160
24 105 2160
91 187 2160
79 179 2160
65 105 2160
23 54 2160
76 172 2160
66 187 2160
98 127 2160
106 147 2160
98 170 2160
5 61 2160
48 135 2160
34 97 2160
