0 1 2200
1 2 2200
2 3 2200
3 4 2200
4 5 2200
5 6 2200
6 7 2200
7 8 2200
8 9 2200
9 10 2200
10 11 2200
11 12 2200
12 13 2200
13 14 2200
14 15 2200
15 16 2200
16 17 2200
17 18 2200
18 19 2200
19 20 2200
20 21 2200
21 22 2200
22 23 2200
23 24 2200
24 25 2200
25 26 2200
26 27 2200
27 28 2200
28 29 2200
29 30 2200
30 31 2200
31 32 2200
32 33 2200
33 34 2200
34 35 2200
35 36 2200
36 37 2200
37 38 2200
38 39 2200
39 40 2200
40 41 2200
41 42 2200
42 43 2200
43 44 2200
44 45 2200
45 46 2200
46 47 2200
47 48 2200
48 49 2200
49 50 2200
50 51 2200
51 52 2200
52 53 2200
53 54 2200
54 55 2200
55 56 2200
56 57 2200
57 58 2200
58 59 2200
59 60 2200
60 61 2200
61 62 2200
62 63 2200
63 64 2200
64 65 2200
65 66 2200
66 67 2200
67 68 2200
68 69 2200
69 70 2200
70 71 2200
71 72 2200
72 73 2200
73 74 2200
74 75 2200
75 76 2200
76 77 2200
77 78 2200
78 79 2200
79 80 2200
80 81 2200
81 82 2200
82 83 2200
83 84 2200
84 85 2200
85 86 2200
86 87 2200
87 88 2200
88 89 2200
89 90 2200
90 91 2200
91 92 2200
92 93 2200
93 94 2200
94 95 2200
95 96 2200
96 97 2200
97 98 2200
98 99 2200
99 100 2200
100 101 2200
101 102 2200
102 103 2200
103 104 2200
104 105 2200
105 106 2200
106 107 2200
107 108 2200
108 109 2200
109 110 2200
110 111 2200
111 112 2200
112 113 2200
113 114 2200
114 115 2200
115 116 2200
116 117 2200
117 118 2200
118 119 2200
119 120 2200
120 121 2200
121 122 2200
122 123 2200
123 124 2200
124 125 2200
125 126 2200
126 127 2200
127 128 2200
128 129 2200
129 130 2200
130 131 2200
131 132 2200
132 133 2200
133 134 2200
134 135 2200
135 136 2200
136 137 2200
137 138 2200
138 139 2200
139 140 2200
140 141 2200
141 142 2200
142 143 2200
143 144 2200
144 145 2200
145 146 2200
146 147 2200
147 148 2200
148 149 2200
149 150 2200
150 151 2200
151 152 2200
152 153 2200
153 154 2200
154 155 2200
155 156 2200
156 157 2200
157 158 2200
158 159 2200
159 160 2200
160 161 2200
161 162 2200
162 163 2200
163 164 2200
164 165 2200
165 166 2200
166 167 2200
167 168 2200
168 169 2200
169 170 2200
170 171 2200
171 172 2200
172 173 2200
173 174 2200
174 175 2200
175 176 2200
176 177 2200
177 178 2200
178 179 2200
179 180 2200
180 181 2200
181 182 2200
182 183 2200
183 184 2200
184 185 2200
185 186 2200
186 187 2200
187 188 2200
188 189 2200
189 190 2200
190 191 2200
191 192 2200
192 193 2200
193 194 2200
194 195 2200
195 196 2200
196 197 2200
197 198 2200
198 199 2200
199 200 2200
200 201 2200
201 202 2200
202 203 2200
203 204 2200
204 205 2200
205 206 2200
206 207 2200
207 208 2200
208 209 2200
209 210 2200
210 211 2200
211 212 2200
212 213 2200
213 214 2200
214 215 2200
215 216 2200
216 217 2200
217 218 2200
218 219 2200
109 212 2200
45 156 2200
53 152 2200
64 202 2200
101 130 2200
98 152 2200
3 170 2200
21 39 2200
78 126 2200
64 95 2200
82 84 2200
14 149 2200
89 175 2200
77 192 2200
81 113 2200
39 139 2200
85 89 2200
5 170 2200
5 86 2200
62 167 2200
99 209 2200
23 154 2200
105 147 2200
52 130 2200
67 141 2200
93 110 2200
17 23 2200
41 155 2200
24 126 2200
96 108 2200
8 82 2200
26 81 2200
96 178 2200
101 181 2200
33 137 2200
0 124 2200
72 88 2200
79 143 2200
75 208 2200
16 192 2200
73 82 2200
41 129 2200
62 123 2200
6 70 2200
13 199 2200
14 155 2200
47 131 2200
73 78 2200
18 187 2200
69 204 2200
84 200 2200
74 112 2200
67 117 2200
4 168 2200
13 154 2200
22 176 2200
37 139 2200
51 195 2200
100 180 2200
66 100 2200
109 135 2200
63 147 2200
104 142 2200
27 32 2200
99 146 2200
79 150 2200
46 125 2200
70 89 2200
15 57 2200
45 197 2200
54 196 2200
32 133 2200
60 204 2200
29 182 2200
34 141 2200
92 186 2200
7 65 2200
76 185 2200
5 195 2200
60 64 2200
59 99 2200
54 207 2200
71 143 2200
8 37 2200
93 171 2200
88 120 2200
48 184 2200
72 123 2200
12 206 2200
23 205 2200
89 134 2200
71 76 2200
67 174 2200
7 188 2200
26 152 2200
23 63 2200
9 103 2200
36 39 2200
60 196 2200
76 169 2200
93 106 2200
12 96 2200
39 164 2200
47 144 2200
67 105 2200
72 122 2200
2 199 2200
21 209 2200
23 57 2200
76 113 2200
9 85 2200
6 165 2200
25 125 2200
72 94 2200
58 69 2200
29 114 2200
103 143 2200
59 209 2200
21 112 2200
16 200 2200
105 201 2200
4 144 2200
96 148 2200
75 98 2200
54 121 2200
25 121 2200
39 91 2200
38 209 2200
45 131 2200
91 212 2200
63 207 2200
97 190 2200
70 210 2200
45 179 2200
12 92 2200
7 99 2200
103 105 2200
9 130 2200
88 199 2200
83 165 2200
56 136 2200
48 186 2200
50 132 2200
79 158 2200
103 139 2200
1 193 2200
91 140 2200
0 218 2200
62 104 2200
74 100 2200
11 120 2200
38 97 2200
92 193 2200
107 181 2200
34 40 2200
90 145 2200
98 100 2200
13 81 2200
18 21 2200
99 105 2200
6 31 2200
48 158 2200
54 67 2200
64 195 2200
73 76 2200
41 83 2200
43 156 2200
68 104 2200
8 208 2200
33 138 2200
80 129 2200
3 29 2200
27 79 2200
27 216 2200
32 193 2200
105 172 2200
40 140 2200
22 32 2200
108 121 2200
56 98 2200
27 41 2200
50 91 2200
29 121 2200
10 86 2200
70 166 2200
91 153 2200
109 165 2200
16 61 2200
13 49 2200
73 205 2200
98 168 2200
96 184 2200
104 121 2200
28 83 2200
8 143 2200
51 168 2200
22 127 2200
69 125 2200
33 91 2200
100 198 2200
99 161 2200
34 154 2200
82 143 2200
65 112 2200
108 213 2200
41 79 2200
94 138 2200
56 163 2200
10 201 2200
67 112 2200
78 199 2200
15 41 2200
48 135 2200
73 97 2200
33 87 2200
72 143 2200
40 128 2200
97 139 2200
