0 1 2240
1 2 2240
2 3 2240
3 4 2240
4 5 2240
5 6 2240
6 7 2240
7 8 2240
8 9 2240
9 10 2240
10 11 2240
11 12 2240
12 13 2240
13 14 2240
14 15 2240
15 16 2240
16 17 2240
17 18 2240
18 19 2240
19 20 2240
20 21 2240
21 22 2240
22 23 2240
23 24 2240
24 25 2240
25 26 2240
26 27 2240
27 28 2240
28 29 2240
29 30 2240
30 31 2240
31 32 2240
32 33 2240
33 34 2240
34 35 2240
35 36 2240
36 37 2240
37 38 2240
38 39 2240
39 40 2240
40 41 2240
41 42 2240
42 43 2240
43 44 2240
44 45 2240
45 46 2240
46 47 2240
47 48 2240
48 49 2240
49 50 2240
50 51 2240
51 52 2240
52 53 2240
53 54 2240
54 55 2240
55 56 2240
56 57 2240
57 58 2240
58 59 2240
59 60 2240
60 61 2240
61 62 2240
62 63 2240
63 64 2240
64 65 2240
65 66 2240
66 67 2240
67 68 2240
68 69 2240
69 70 2240
70 71 2240
71 72 2240
72 73 2240
73 74 2240
74 75 2240
75 76 2240
76 77 2240
77 78 2240
78 79 2240
79 80 2240
80 81 2240
81 82 2240
82 83 2240
83 84 2240
84 85 2240
85 86 2240
86 87 2240
87 88 2240
88 89 2240
89 90 2240
90 91 2240
91 92 2240
92 93 2240
93 94 2240
94 95 2240
95 96 2240
96 97 2240
97 98 2240
98 99 2240
99 100 2240
100 101 2240
101 102 2240
102 103 2240
103 104 2240
104 105 2240
105 106 2240
106 107 2240
107 108 2240
108 109 2240
109 110 2240
110 111 2240
111 112 2240
112 113 2240
113 114 2240
114 115 2240
115 116 2240
116 117 2240
117 118 2240
118 119 2240
119 120 2240
120 121 2240
121 122 2240
122 123 2240
123 124 2240
124 125 2240
125 126 2240
126 127 2240
127 128 2240
128 129 2240
129 130 2240
130 131 2240
131 132 2240
132 133 2240
133 134 2240
134 135 2240
135 136 2240
136 137 2240
137 138 2240
138 139 2240
139 140 2240
140 141 2240
141 142 2240
142 143 2240
143 144 2240
144 145 2240
145 146 2240
146 147 2240
147 148 2240
148 149 2240
149 150 2240
150 151 2240
151 152 2240
152 153 2240
153 154 2240
154 155 2240
155 156 2240
156 157 2240
157 158 2240
158 159 2240
159 160 2240
160 161 2240
161 162 2240
162 163 2240
163 164 2240
164 165 2240
165 166 2240
166 167 2240
167 168 2240
168 169 2240
169 170 2240
170 171 2240
171 172 2240
172 173 2240
173 174 2240
174 175 2240
175 176 2240
176 177 2240
177 178 2240
178 179 2240
179 180 2240
180 181 2240
181 182 2240
182 183 2240
183 184 2240
184 185 2240
185 186 2240
186 187 2240
187 188 2240
188 189 2240
189 190 2240
190 191 2240
191 192 2240
192 193 2240
193 194 2240
194 195 2240
195 196 2240
196 197 2240
197 198 2240
198 199 2240
199 200 2240
200 201 2240
201 202 2240
202 203 2240
203 204 2240
204 205 2240
205 206 2240
206 207 2240
207 208 2240
208 209 2240
209 210 2240
210 211 2240
211 212 2240
212 213 2240
213 214 2240
214 215 2240
215 216 2240
216 217 2240
217 218 2240
218 219 2240
219 220 2240
220 221 2240
221 222 2240
222 223 2240
47 195 2240
107 179 2240
33 163 2240
60 95 2240
57 162 2240
71 181 2240
12 128 2240
69 199 2240
99 153 2240
16 203 2240
47 152 2240
17 20 2240
13 35 2240
42 214 2240
77 145 2240
42 77 2240
52 216 2240
47 193 2240
93 149 2240
65 210 2240
96 197 2240
112 163 2240
53 100 2240
102 193 2240
35 158 2240
63 143 2240
107 165 2240
2 62 2240
5 163 2240
52 68 2240
43 160 2240
85 129 2240
83 185 2240
45 206 2240
97 176 2240
63 163 2240
40 185 2240
99 123 2240
11 181 2240
89 203 2240
70 105 2240
80 129 2240
6 164 2240
102 140 2240
50 183 2240
16 112 2240
88 150 2240
32 68 2240
89 189 2240
95 141 2240
20 46 2240
1 97 2240
69 182 2240
94 184 2240
101 173 2240
25 202 2240
52 198 2240
83 85 2240
45 67 2240
81 130 2240
11 97 2240
63 121 2240
96 176 2240
78 106 2240
20 215 2240
4 166 2240
105 196 2240
50 178 2240
70 121 2240
105 125 2240
92 221 2240
100 111 2240
96 191 2240
31 35 2240
8 14 2240
19 21 2240
28 155 2240
77 171 2240
86 120 2240
108 110 2240
72 192 2240
34 97 2240
62 144 2240
84 220 2240
41 113 2240
102 139 2240
65 139 2240
45 74 2240
11 186 2240
12 217 2240
56 180 2240
107 196 2240
33 194 2240
103 221 2240
94 105 2240
72 136 2240
71 166 2240
94 146 2240
14 160 2240
32 188 2240
61 72 2240
28 133 2240
11 113 2240
76 150 2240
18 188 2240
35 211 2240
16 181 2240
52 184 2240
46 221 2240
110 136 2240
81 172 2240
92 169 2240
4 197 2240
39 160 2240
26 100 2240
103 210 2240
83 122 2240
25 215 2240
89 210 2240
38 191 2240
39 191 2240
87 171 2240
98 132 2240
70 185 2240
32 152 2240
43 176 2240
19 37 2240
98 147 2240
0 145 2240
3 189 2240
47 140 2240
92 107 2240
88 223 2240
82 200 2240
97 108 2240
89 199 2240
8 70 2240
66 213 2240
49 223 2240
85 158 2240
68 79 2240
102 120 2240
28 34 2240
35 53 2240
33 128 2240
99 148 2240
32 91 2240
52 117 2240
82 162 2240
75 140 2240
55 202 2240
42 129 2240
85 101 2240
55 147 2240
50 74 2240
43 206 2240
11 209 2240
1 194 2240
0 174 2240
3 200 2240
70 123 2240
104 222 2240
39 129 2240
11 116 2240
41 151 2240
96 180 2240
78 187 2240
98 219 2240
35 156 2240
44 84 2240
108 131 2240
83 166 2240
8 194 2240
19 116 2240
14 19 2240
27 219 2240
59 102 2240
58 93 2240
87 103 2240
9 39 2240
104 110 2240
59 209 2240
80 203 2240
63 81 2240
101 192 2240
26 218 2240
67 118 2240
37 134 2240
34 160 2240
87 126 2240
112 128 2240
30 127 2240
12 47 2240
74 144 2240
68 106 2240
75 198 2240
31 98 2240
35 168 2240
33 35 2240
81 108 2240
23 206 2240
66 217 2240
107 154 2240
83 113 2240
71 214 2240
17 103 2240
61 130 2240
90 162 2240
77 100 2240
40 81 2240
100 201 2240
92 98 2240
40 68 2240
35 46 2240
35 190 2240
67 218 2240
98 207 2240
23 54 2240
42 139 2240
111 203 2240
60 220 2240
3 56 2240
108 136 2240
