0 1 2280
1 2 2280
2 3 2280
3 4 2280
4 5 2280
5 6 2280
6 7 2280
7 8 2280
8 9 2280
9 10 2280
10 11 2280
11 12 2280
12 13 2280
13 14 2280
14 15 2280
15 16 2280
16 17 2280
17 18 2280
18 19 2280
19 20 2280
20 21 2280
21 22 2280
22 23 2280
23 24 2280
24 25 2280
25 26 2280
26 27 2280
27 28 2280
28 29 2280
29 30 2280
30 31 2280
31 32 2280
32 33 2280
33 34 2280
34 35 2280
35 36 2280
36 37 2280
37 38 2280
38 39 2280
39 40 2280
40 41 2280
41 42 2280
42 43 2280
43 44 2280
44 45 2280
45 46 2280
46 47 2280
47 48 2280
48 49 2280
49 50 2280
50 51 2280
51 52 2280
52 53 2280
53 54 2280
54 55 2280
55 56 2280
56 57 2280
57 58 2280
58 59 2280
59 60 2280
60 61 2280
61 62 2280
62 63 2280
63 64 2280
64 65 2280
65 66 2280
66 67 2280
67 68 2280
68 69 2280
69 70 2280
70 71 2280
71 72 2280
72 73 2280
73 74 2280
74 75 2280
75 76 2280
76 77 2280
77 78 2280
78 79 2280
79 80 2280
80 81 2280
81 82 2280
82 83 2280
83 84 2280
84 85 2280
85 86 2280
86 87 2280
87 88 2280
88 89 2280
89 90 2280
90 91 2280
91 92 2280
92 93 2280
93 94 2280
94 95 2280
95 96 2280
96 97 2280
97 98 2280
98 99 2280
99 100 2280
100 101 2280
101 102 2280
102 103 2280
103 104 2280
104 105 2280
105 106 2280
106 107 2280
107 108 2280
108 109 2280
109 110 2280
110 111 2280
111 112 2280
112 113 2280
113 114 2280
114 115 2280
115 116 2280
116 117 2280
117 118 2280
118 119 2280
119 120 2280
120 121 2280
121 122 2280
122 123 2280
123 124 2280
124 125 2280
125 126 2280
126 127 2280
127 128 2280
128 129 2280
129 130 2280
130 131 2280
131 132 2280
132 133 2280
133 134 2280
134 135 2280
135 136 2280
136 137 2280
137 138 2280
138 139 2280
139 140 2280
140 141 2280
141 142 2280
142 143 2280
143 144 2280
144 145 2280
145 146 2280
146 147 2280
147 148 2280
148 149 2280
149 150 2280
150 151 2280
151 152 2280
152 153 2280
153 154 2280
154 155 2280
155 156 2280
156 157 2280
157 158 2280
158 159 2280
159 160 2280
160 161 2280
161 162 2280
162 163 2280
163 164 2280
164 165 2280
165 166 2280
166 167 2280
167 168 2280
168 169 2280
169 170 2280
170 171 2280
171 172 2280
172 173 2280
173 174 2280
174 175 2280
175 176 2280
176 177 2280
177 178 2280
178 179 2280
179 180 2280
180 181 2280
181 182 2280
182 183 2280
183 184 2280
184 185 2280
185 186 2280
186 187 2280
187 188 2280
188 189 2280
189 190 2280
190 191 2280
191 192 2280
192 193 2280
193 194 2280
194 195 2280
195 196 2280
196 197 2280
197 198 2280
198 199 2280
199 200 2280
200 201 2280
201 202 2280
202 203 2280
203 204 2280
204 205 2280
205 206 2280
206 207 2280
207 208 2280
208 209 2280
209 210 2280
210 211 2280
211 212 2280
212 213 2280
213 214 2280
214 215 2280
215 216 2280
216 217 2280
217 218 2280
218 219 2280
219 220 2280
220 221 2280
221 222 2280
222 223 2280
223 224 2280
224 225 2280
225 226 2280
226 227 2280
70 74 2280
65 104 2280
112 164 2280
50 65 2280
112 227 2280
80 152 2280
88 151 2280
109 216 2280
43 218 2280
66 171 2280
0 119 2280
65 221 2280
114 181 2280
56 148 2280
88 104 2280
48 77 2280
74 135 2280
90 113 2280
62 135 2280
109 192 2280
16 176 2280
110 161 2280
55 57 2280
57 88 2280
110 227 2280
75 151 2280
64 70 2280
23 79 2280
20 188 2280
80 195 2280
45 190 2280
3 104 2280
102 174 2280
0 177 2280
14 137 2280
39 179 2280
24 194 2280
21 188 2280
32 65 2280
90 221 2280
37 43 2280
78 201 2280
49 157 2280
6 109 2280
101 118 2280
51 112 2280
55 145 2280
58 154 2280
6 21 2280
110 185 2280
103 169 2280
69 147 2280
42 137 2280
31 136 2280
17 58 2280
53 192 2280
22 40 2280
89 164 2280
51 86 2280
65 135 2280
77 184 2280
43 144 2280
71 99 2280
80 94 2280
51 177 2280
75 217 2280
14 165 2280
54 145 2280
111 212 2280
0 168 2280
3 200 2280
14 37 2280
41 50 2280
87 191 2280
16 182 2280
46 159 2280
88 149 2280
7 131 2280
40 122 2280
96 140 2280
81 153 2280
42 62 2280
26 158 2280
74 114 2280
37 200 2280
109 202 2280
70 175 2280
93 215 2280
17 100 2280
58 66 2280
71 206 2280
32 79 2280
26 110 2280
99 116 2280
18 33 2280
50 89 2280
16 125 2280
87 204 2280
3 107 2280
105 143 2280
88 171 2280
28 193 2280
65 137 2280
30 194 2280
78 176 2280
48 189 2280
102 129 2280
18 164 2280
70 143 2280
97 193 2280
43 136 2280
38 58 2280
87 103 2280
52 67 2280
111 115 2280
49 220 2280
66 206 2280
49 111 2280
53 180 2280
41 111 2280
74 145 2280
25 142 2280
93 106 2280
48 140 2280
33 82 2280
85 223 2280
60 129 2280
51 75 2280
69 180 2280
89 92 2280
96 196 2280
43 136 2280
2 4 2280
87 90 2280
79 161 2280
108 167 2280
70 104 2280
49 218 2280
16 54 2280
27 131 2280
74 196 2280
23 122 2280
41 142 2280
62 82 2280
76 80 2280
71 196 2280
11 116 2280
24 33 2280
91 102 2280
100 203 2280
44 79 2280
5 189 2280
47 124 2280
17 156 2280
16 78 2280
41 44 2280
44 222 2280
83 217 2280
107 132 2280
17 60 2280
86 91 2280
112 185 2280
26 53 2280
52 74 2280
44 74 2280
77 82 2280
95 190 2280
82 204 2280
71 79 2280
58 185 2280
113 224 2280
14 177 2280
89 133 2280
6 193 2280
63 120 2280
51 138 2280
56 72 2280
24 149 2280
58 177 2280
112 194 2280
84 180 2280
70 189 2280
101 192 2280
87 126 2280
13 191 2280
21 213 2280
37 160 2280
71 131 2280
8 32 2280
46 125 2280
97 109 2280
112 205 2280
44 117 2280
77 160 2280
105 226 2280
4 72 2280
67 79 2280
96 216 2280
108 180 2280
109 189 2280
48 194 2280
9 19 2280
38 116 2280
1 162 2280
11 111 2280
111 159 2280
38 225 2280
52 81 2280
29 139 2280
15 143 2280
23 162 2280
13 148 2280
105 142 2280
39 78 2280
86 137 2280
23 90 2280
26 36 2280
34 152 2280
17 64 2280
75 172 2280
110 139 2280
0 23 2280
8 29 2280
70 92 2280
87 219 2280
93 138 2280
