0 1 2320
1 2 2320
2 3 2320
3 4 2320
4 5 2320
5 6 2320
6 7 2320
7 8 2320
8 9 2320
9 10 2320
10 11 2320
11 12 2320
12 13 2320
13 14 2320
14 15 2320
15 16 2320
16 17 2320
17 18 2320
18 19 2320
19 20 2320
20 21 2320
21 22 2320
22 23 2320
23 24 2320
24 25 2320
25 26 2320
26 27 2320
27 28 2320
28 29 2320
29 30 2320
30 31 2320
31 32 2320
32 33 2320
33 34 2320
34 35 2320
35 36 2320
36 37 2320
37 38 2320
38 39 2320
39 40 2320
40 41 2320
41 42 2320
42 43 2320
43 44 2320
44 45 2320
45 46 2320
46 47 2320
47 48 2320
48 49 2320
49 50 2320
50 51 2320
51 52 2320
52 53 2320
53 54 2320
54 55 2320
55 56 2320
56 57 2320
57 58 2320
58 59 2320
59 60 2320
60 61 2320
61 62 2320
62 63 2320
63 64 2320
64 65 2320
65 66 2320
66 67 2320
67 68 2320
68 69 2320
69 70 2320
70 71 2320
71 72 2320
72 73 2320
73 74 2320
74 75 2320
75 76 2320
76 77 2320
77 78 2320
78 79 2320
79 80 2320
80 81 2320
81 82 2320
82 83 2320
83 84 2320
84 85 2320
85 86 2320
86 87 2320
87 88 2320
88 89 2320
89 90 2320
90 91 2320
91 92 2320
92 93 2320
93 94 2320
94 95 2320
95 96 2320
96 97 2320
97 98 2320
98 99 2320
99 100 2320
100 101 2320
101 102 2320
102 103 2320
103 104 2320
104 105 2320
105 106 2320
106 107 2320
107 108 2320
108 109 2320
109 110 2320
110 111 2320
111 112 2320
112 113 2320
113 114 2320
114 115 2320
115 116 2320
116 117 2320
117 118 2320
118 119 2320
119 120 2320
120 121 2320
121 122 2320
122 123 2320
123 124 2320
124 125 2320
125 126 2320
126 127 2320
127 128 2320
128 129 2320
129 130 2320
130 131 2320
131 132 2320
132 133 2320
133 134 2320
134 135 2320
135 136 2320
136 137 2320
137 138 2320
138 139 2320
139 140 2320
140 141 2320
141 142 2320
142 143 2320
143 144 2320
144 145 2320
145 146 2320
146 147 2320
147 148 2320
148 149 2320
149 150 2320
150 151 2320
151 152 2320
152 153 2320
153 154 2320
154 155 2320
155 156 2320
156 157 2320
157 158 2320
158 159 2320
159 160 2320
160 161 2320
161 162 2320
162 163 2320
163 164 2320
164 165 2320
165 166 2320
166 167 2320
167 168 2320
168 169 2320
169 170 2320
170 171 2320
171 172 2320
172 173 2320
173 174 2320
174 175 2320
175 176 2320
176 177 2320
177 178 2320
178 179 2320
179 180 2320
180 181 2320
181 182 2320
182 183 2320
183 184 2320
184 185 2320
185 186 2320
186 187 2320
187 188 2320
188 189 2320
189 190 2320
190 191 2320
191 192 2320
192 193 2320
193 194 2320
194 195 2320
195 196 2320
196 197 2320
197 198 2320
198 199 2320
199 200 2320
200 201 2320
201 202 2320
202 203 2320
203 204 2320
204 205 2320
205 206 2320
206 207 2320
207 208 2320
208 209 2320
209 210 2320
210 211 2320
211 212 2320
212 213 2320
213 214 2320
214 215 2320
215 216 2320
216 217 2320
217 218 2320
218 219 2320
219 220 2320
220 221 2320
221 222 2320
222 223 2320
223 224 2320
224 225 2320
225 226 2320
226 227 2320
227 228 2320
228 229 2320
229 230 2320
230 231 2320
5 225 2320
113 183 2320
32 97 2320
67 90 2320
58 200 2320
107 199 2320
5 41 2320
6 11 2320
14 28 2320
36 90 2320
8 38 2320
23 65 2320
110 170 2320
63 159 2320
3 102 2320
4 98 2320
96 196 2320
25 110 2320
58 77 2320
52 231 2320
70 147 2320
59 96 2320
61 190 2320
36 181 2320
52 152 2320
31 61 2320
31 218 2320
85 220 2320
91 168 2320
110 154 2320
16 216 2320
74 174 2320
1 113 2320
55 192 2320
41 90 2320
53 154 2320
95 166 2320
86 157 2320
41 138 2320
9 129 2320
83 167 2320
99 177 2320
92 104 2320
104 126 2320
25 199 2320
40 150 2320
76 138 2320
47 83 2320
102 188 2320
23 116 2320
62 183 2320
33 207 2320
97 226 2320
0 226 2320
29 75 2320
113 151 2320
103 216 2320
73 117 2320
114 135 2320
79 90 2320
99 218 2320
95 200 2320
40 169 2320
2 185 2320
57 107 2320
96 181 2320
116 194 2320
83 220 2320
83 163 2320
83 144 2320
103 224 2320
102 167 2320
87 200 2320
96 174 2320
58 194 2320
60 138 2320
2 198 2320
26 174 2320
93 116 2320
90 147 2320
62 215 2320
10 41 2320
80 214 2320
18 46 2320
98 173 2320
0 157 2320
56 226 2320
3 191 2320
90 187 2320
11 151 2320
12 122 2320
95 129 2320
75 142 2320
90 123 2320
2 70 2320
49 66 2320
98 163 2320
18 67 2320
10 88 2320
16 99 2320
26 115 2320
98 116 2320
63 223 2320
19 115 2320
29 31 2320
95 113 2320
80 222 2320
64 155 2320
55 84 2320
48 195 2320
19 144 2320
17 91 2320
88 159 2320
100 108 2320
10 133 2320
108 203 2320
88 187 2320
110 173 2320
57 138 2320
34 213 2320
76 195 2320
59 117 2320
29 33 2320
110 182 2320
42 215 2320
68 72 2320
48 98 2320
30 64 2320
20 134 2320
64 162 2320
94 184 2320
10 110 2320
114 135 2320
61 111 2320
23 74 2320
88 195 2320
55 86 2320
80 87 2320
77 127 2320
21 59 2320
96 213 2320
15 149 2320
55 131 2320
80 129 2320
25 79 2320
105 113 2320
115 202 2320
98 231 2320
67 163 2320
83 201 2320
47 53 2320
21 82 2320
34 193 2320
8 145 2320
63 219 2320
54 173 2320
101 197 2320
42 82 2320
73 125 2320
112 205 2320
39 200 2320
82 168 2320
47 77 2320
55 224 2320
5 99 2320
29 197 2320
69 151 2320
22 230 2320
28 220 2320
13 174 2320
67 99 2320
50 205 2320
107 191 2320
71 226 2320
98 145 2320
40 184 2320
33 88 2320
51 119 2320
76 157 2320
48 165 2320
18 56 2320
42 142 2320
104 114 2320
116 197 2320
31 161 2320
103 199 2320
23 190 2320
64 127 2320
88 130 2320
10 14 2320
114 116 2320
19 196 2320
54 149 2320
94 124 2320
86 138 2320
80 200 2320
93 180 2320
42 83 2320
107 200 2320
57 216 2320
24 34 2320
39 111 2320
110 219 2320
56 175 2320
101 207 2320
20 209 2320
61 195 2320
70 107 2320
37 136 2320
66 192 2320
71 81 2320
51 129 2320
77 170 2320
20 136 2320
35 51 2320
72 186 2320
32 166 2320
27 136 2320
50 147 2320
71 167 2320
64 84 2320
72 192 2320
31 109 2320
59 72 2320
47 225 2320
0 7 2320
69 73 2320
21 150 2320
103 207 2320
86 153 2320
