0 1 2360
1 2 2360
2 3 2360
3 4 2360
4 5 2360
5 6 2360
6 7 2360
7 8 2360
8 9 2360
9 10 2360
10 11 2360
11 12 2360
12 13 2360
13 14 2360
14 15 2360
15 16 2360
16 17 2360
17 18 2360
18 19 2360
19 20 2360
20 21 2360
21 22 2360
22 23 2360
23 24 2360
24 25 2360
25 26 2360
26 27 2360
27 28 2360
28 29 2360
29 30 2360
30 31 2360
31 32 2360
32 33 2360
33 34 2360
34 35 2360
35 36 2360
36 37 2360
37 38 2360
38 39 2360
39 40 2360
40 41 2360
41 42 2360
42 43 2360
43 44 2360
44 45 2360
45 46 2360
46 47 2360
47 48 2360
48 49 2360
49 50 2360
50 51 2360
51 52 2360
52 53 2360
53 54 2360
54 55 2360
55 56 2360
56 57 2360
57 58 2360
58 59 2360
59 60 2360
60 61 2360
61 62 2360
62 63 2360
63 64 2360
64 65 2360
65 66 2360
66 67 2360
67 68 2360
68 69 2360
69 70 2360
70 71 2360
71 72 2360
72 73 2360
73 74 2360
74 75 2360
75 76 2360
76 77 2360
77 78 2360
78 79 2360
79 80 2360
80 81 2360
81 82 2360
82 83 2360
83 84 2360
84 85 2360
85 86 2360
86 87 2360
87 88 2360
88 89 2360
89 90 2360
90 91 2360
91 92 2360
92 93 2360
93 94 2360
94 95 2360
95 96 2360
96 97 2360
97 98 2360
98 99 2360
99 100 2360
100 101 2360
101 102 2360
102 103 2360
103 104 2360
104 105 2360
105 106 2360
106 107 2360
107 108 2360
108 109 2360
109 110 2360
110 111 2360
111 112 2360
112 113 2360
113 114 2360
114 115 2360
115 116 2360
116 117 2360
117 118 2360
118 119 2360
119 120 2360
120 121 2360
121 122 2360
122 123 2360
123 124 2360
124 125 2360
125 126 2360
126 127 2360
127 128 2360
128 129 2360
129 130 2360
130 131 2360
131 132 2360
132 133 2360
133 134 2360
134 135 2360
135 136 2360
136 137 2360
137 138 2360
138 139 2360
139 140 2360
140 141 2360
141 142 2360
142 143 2360
143 144 2360
144 145 2360
145 146 2360
146 147 2360
147 148 2360
148 149 2360
149 150 2360
150 151 2360
151 152 2360
152 153 2360
153 154 2360
154 155 2360
155 156 2360
156 157 2360
157 158 2360
158 159 2360
159 160 2360
160 161 2360
161 162 2360
162 163 2360
163 164 2360
164 165 2360
165 166 2360
166 167 2360
167 168 2360
168 169 2360
169 170 2360
170 171 2360
171 172 2360
172 173 2360
173 174 2360
174 175 2360
175 176 2360
176 177 2360
177 178 2360
178 179 2360
179 180 2360
180 181 2360
181 182 2360
182 183 2360
183 184 2360
184 185 2360
185 186 2360
186 187 2360
187 188 2360
188 189 2360
189 190 2360
190 191 2360
191 192 2360
192 193 2360
193 194 2360
194 195 2360
195 196 2360
196 197 2360
197 198 2360
198 199 2360
199 200 2360
200 201 2360
201 202 2360
202 203 2360
203 204 2360
204 205 2360
205 206 2360
206 207 2360
207 208 2360
208 209 2360
209 210 2360
210 211 2360
211 212 2360
212 213 2360
213 214 2360
214 215 2360
215 216 2360
216 217 2360
217 218 2360
218 219 2360
219 220 2360
220 221 2360
221 222 2360
222 223 2360
223 224 2360
224 225 2360
225 226 2360
226 227 2360
227 228 2360
228 229 2360
229 230 2360
230 231 2360
231 232 2360
232 233 2360
233 234 2360
234 235 2360
87 123 2360
80 189 2360
84 94 2360
3 8 2360
1 103 2360
41 98 2360
101 217 2360
26 77 2360
3 108 2360
43 90 2360
103 167 2360
68 154 2360
64 179 2360
92 234 2360
61 96 2360
95 135 2360
17 233 2360
84 170 2360
76 218 2360
68 85 2360
45 58 2360
19 48 2360
47 126 2360
10 139 2360
69 156 2360
80 100 2360
58 68 2360
69 210 2360
115 222 2360
22 70 2360
101 108 2360
72 188 2360
22 204 2360
0 54 2360
102 150 2360
87 181 2360
92 225 2360
113 184 2360
48 138 2360
21 44 2360
97 230 2360
80 218 2360
78 132 2360
26 57 2360
97 198 2360
97 184 2360
90 150 2360
20 25 2360
43 171 2360
29 175 2360
56 77 2360
66 233 2360
10 152 2360
112 137 2360
29 140 2360
85 132 2360
59 217 2360
75 131 2360
14 100 2360
104 114 2360
107 232 2360
83 130 2360
114 213 2360
52 106 2360
80 191 2360
37 228 2360
1 43 2360
90 147 2360
60 149 2360
80 207 2360
9 158 2360
85 111 2360
72 96 2360
50 97 2360
70 146 2360
72 218 2360
49 166 2360
114 226 2360
86 206 2360
26 105 2360
75 108 2360
113 232 2360
16 68 2360
45 118 2360
118 186 2360
27 107 2360
105 120 2360
102 144 2360
71 204 2360
48 200 2360
42 85 2360
63 159 2360
30 205 2360
99 201 2360
51 100 2360
4 17 2360
20 192 2360
101 157 2360
78 104 2360
97 162 2360
60 118 2360
27 92 2360
33 54 2360
4 163 2360
111 181 2360
18 105 2360
13 79 2360
99 144 2360
116 163 2360
12 142 2360
34 171 2360
31 88 2360
108 210 2360
9 108 2360
8 127 2360
55 106 2360
9 213 2360
30 156 2360
117 224 2360
117 120 2360
74 90 2360
57 187 2360
105 204 2360
44 172 2360
93 204 2360
82 183 2360
45 211 2360
69 188 2360
112 218 2360
58 185 2360
117 149 2360
90 219 2360
40 47 2360
29 223 2360
33 87 2360
64 91 2360
114 217 2360
79 218 2360
30 109 2360
40 54 2360
52 162 2360
35 63 2360
25 92 2360
108 136 2360
110 136 2360
116 179 2360
18 48 2360
0 107 2360
0 103 2360
17 45 2360
57 154 2360
112 122 2360
87 186 2360
22 109 2360
53 147 2360
9 94 2360
92 195 2360
71 100 2360
33 61 2360
36 195 2360
44 75 2360
45 89 2360
38 40 2360
85 112 2360
0 40 2360
8 37 2360
84 115 2360
118 225 2360
28 147 2360
49 98 2360
60 117 2360
63 150 2360
17 104 2360
96 114 2360
70 92 2360
78 189 2360
11 75 2360
108 193 2360
4 220 2360
110 155 2360
18 178 2360
68 82 2360
22 183 2360
19 165 2360
1 94 2360
93 110 2360
104 132 2360
65 166 2360
77 168 2360
40 152 2360
81 161 2360
9 195 2360
23 161 2360
107 138 2360
42 68 2360
114 214 2360
93 225 2360
19 219 2360
2 86 2360
101 157 2360
108 228 2360
10 176 2360
61 174 2360
78 190 2360
9 57 2360
90 179 2360
46 98 2360
35 156 2360
26 209 2360
26 186 2360
115 171 2360
85 220 2360
98 152 2360
55 191 2360
32 131 2360
30 235 2360
39 163 2360
28 161 2360
85 167 2360
106 196 2360
108 203 2360
62 143 2360
10 187 2360
98 224 2360
70 152 2360
73 163 2360
63 123 2360
42 46 2360
29 235 2360
92 150 2360
69 92 2360
48 180 2360
74 182 2360
91 233 2360
101 233 2360
