0 1 2400
1 2 2400
2 3 2400
3 4 2400
4 5 2400
5 6 2400
6 7 2400
7 8 2400
8 9 2400
9 10 2400
10 11 2400
11 12 2400
12 13 2400
13 14 2400
14 15 2400
15 16 2400
16 17 2400
17 18 2400
18 19 2400
19 20 2400
20 21 2400
21 22 2400
22 23 2400
23 24 2400
24 25 2400
25 26 2400
26 27 2400
27 28 2400
28 29 2400
29 30 2400
30 31 2400
31 32 2400
32 33 2400
33 34 2400
34 35 2400
35 36 2400
36 37 2400
37 38 2400
38 39 2400
39 40 2400
40 41 2400
41 42 2400
42 43 2400
43 44 2400
44 45 2400
45 46 2400
46 47 2400
47 48 2400
48 49 2400
49 50 2400
50 51 2400
51 52 2400
52 53 2400
53 54 2400
54 55 2400
55 56 2400
56 57 2400
57 58 2400
58 59 2400
59 60 2400
60 61 2400
61 62 2400
62 63 2400
63 64 2400
64 65 2400
65 66 2400
66 67 2400
67 68 2400
68 69 2400
69 70 2400
70 71 2400
71 72 2400
72 73 2400
73 74 2400
74 75 2400
75 76 2400
76 77 2400
77 78 2400
78 79 2400
79 80 2400
80 81 2400
81 82 2400
82 83 2400
83 84 2400
84 85 2400
85 86 2400
86 87 2400
87 88 2400
88 89 2400
89 90 2400
90 91 2400
91 92 2400
92 93 2400
93 94 2400
94 95 2400
95 96 2400
96 97 2400
97 98 2400
98 99 2400
99 100 2400
100 101 2400
101 102 2400
102 103 2400
103 104 2400
104 105 2400
105 106 2400
106 107 2400
107 108 2400
108 109 2400
109 110 2400
110 111 2400
111 112 2400
112 113 2400
113 114 2400
114 115 2400
115 116 2400
116 117 2400
117 118 2400
118 119 2400
119 120 2400
120 121 2400
121 122 2400
122 123 2400
123 124 2400
124 125 2400
125 126 2400
126 127 2400
127 128 2400
128 129 2400
129 130 2400
130 131 2400
131 132 2400
132 133 2400
133 134 2400
134 135 2400
135 136 2400
136 137 2400
137 138 2400
138 139 2400
139 140 2400
140 141 2400
141 142 2400
142 143 2400
143 144 2400
144 145 2400
145 146 2400
146 147 2400
147 148 2400
148 149 2400
149 150 2400
150 151 2400
151 152 2400
152 153 2400
153 154 2400
154 155 2400
155 156 2400
156 157 2400
157 158 2400
158 159 2400
159 160 2400
160 161 2400
161 162 2400
162 163 2400
163 164 2400
164 165 2400
165 166 2400
166 167 2400
167 168 2400
168 169 2400
169 170 2400
170 171 2400
171 172 2400
172 173 2400
173 174 2400
174 175 2400
175 176 2400
176 177 2400
177 178 2400
178 179 2400
179 180 2400
180 181 2400
181 182 2400
182 183 2400
183 184 2400
184 185 2400
185 186 2400
186 187 2400
187 188 2400
188 189 2400
189 190 2400
190 191 2400
191 192 2400
192 193 2400
193 194 2400
194 195 2400
195 196 2400
196 197 2400
197 198 2400
198 199 2400
199 200 2400
200 201 2400
201 202 2400
202 203 2400
203 204 2400
204 205 2400
205 206 2400
206 207 2400
207 208 2400
208 209 2400
209 210 2400
210 211 2400
211 212 2400
212 213 2400
213 214 2400
214 215 2400
215 216 2400
216 217 2400
217 218 2400
218 219 2400
219 220 2400
220 221 2400
221 222 2400
222 223 2400
223 224 2400
224 225 2400
225 226 2400
226 227 2400
227 228 2400
228 229 2400
229 230 2400
230 231 2400
231 232 2400
232 233 2400
233 234 2400
234 235 2400
235 236 2400
236 237 2400
237 238 2400
238 239 2400
18 36 2400
93 160 2400
50 162 2400
9 67 2400
83 89 2400
5 69 2400
117 138 2400
3 228 2400
13 113 2400
101 222 2400
46 106 2400
58 78 2400
20 188 2400
111 207 2400
64 209 2400
8 157 2400
14 53 2400
100 144 2400
117 137 2400
100 206 2400
73 136 2400
22 166 2400
65 164 2400
12 167 2400
31 170 2400
50 159 2400
88 119 2400
95 211 2400
108 151 2400
55 181 2400
103 140 2400
15 30 2400
29 124 2400
39 132 2400
2 197 2400
13 231 2400
85 111 2400
87 183 2400
13 60 2400
73 160 2400
45 82 2400
1 213 2400
8 187 2400
111 177 2400
0 178 2400
12 175 2400
53 153 2400
69 141 2400
15 148 2400
100 130 2400
30 97 2400
120 127 2400
53 163 2400
108 132 2400
21 25 2400
49 205 2400
7 166 2400
54 119 2400
51 67 2400
99 214 2400
1 17 2400
72 90 2400
68 119 2400
64 158 2400
38 194 2400
73 173 2400
98 103 2400
24 137 2400
2 49 2400
83 239 2400
114 140 2400
21 115 2400
32 171 2400
40 129 2400
102 235 2400
55 99 2400
90 210 2400
87 220 2400
40 183 2400
116 173 2400
104 226 2400
61 191 2400
83 190 2400
78 105 2400
32 158 2400
74 78 2400
84 233 2400
96 130 2400
87 185 2400
37 206 2400
112 127 2400
0 31 2400
17 107 2400
56 126 2400
23 176 2400
39 51 2400
20 122 2400
45 200 2400
55 131 2400
117 231 2400
108 115 2400
3 5 2400
44 49 2400
27 44 2400
92 167 2400
48 191 2400
31 187 2400
75 234 2400
8 152 2400
0 231 2400
26 229 2400
47 196 2400
79 117 2400
65 99 2400
109 141 2400
38 125 2400
94 197 2400
72 165 2400
88 95 2400
40 156 2400
80 182 2400
46 91 2400
81 219 2400
49 239 2400
118 153 2400
47 177 2400
16 183 2400
89 184 2400
48 184 2400
90 112 2400
38 216 2400
114 227 2400
69 202 2400
3 97 2400
50 118 2400
46 71 2400
29 107 2400
95 112 2400
88 224 2400
56 163 2400
50 199 2400
31 45 2400
29 86 2400
37 41 2400
68 102 2400
33 148 2400
95 102 2400
47 106 2400
31 156 2400
107 141 2400
40 219 2400
111 162 2400
51 198 2400
76 193 2400
28 196 2400
35 234 2400
87 137 2400
13 70 2400
113 167 2400
74 115 2400
55 122 2400
33 157 2400
7 168 2400
34 81 2400
20 162 2400
57 116 2400
1 80 2400
53 196 2400
65 96 2400
91 170 2400
1 228 2400
68 84 2400
64 209 2400
5 88 2400
44 179 2400
34 222 2400
93 190 2400
62 133 2400
119 148 2400
119 138 2400
7 184 2400
77 224 2400
60 177 2400
104 148 2400
13 31 2400
11 56 2400
102 171 2400
17 234 2400
25 132 2400
97 147 2400
42 175 2400
79 114 2400
91 147 2400
12 176 2400
103 153 2400
98 147 2400
35 42 2400
17 182 2400
63 228 2400
120 162 2400
98 186 2400
91 97 2400
66 238 2400
4 111 2400
55 77 2400
52 187 2400
97 120 2400
104 191 2400
119 233 2400
97 151 2400
20 212 2400
2 172 2400
31 236 2400
97 197 2400
111 189 2400
20 35 2400
105 122 2400
89 172 2400
14 46 2400
51 152 2400
19 137 2400
72 171 2400
75 238 2400
113 130 2400
26 141 2400
114 178 2400
57 227 2400
97 127 2400
112 239 2400
120 127 2400
15 44 2400
11 94 2400
73 215 2400
56 197 2400
99 125 2400
35 143 2400
