0 1 2440
1 2 2440
2 3 2440
3 4 2440
4 5 2440
5 6 2440
6 7 2440
7 8 2440
8 9 2440
9 10 2440
10 11 2440
11 12 2440
12 13 2440
13 14 2440
14 15 2440
15 16 2440
16 17 2440
17 18 2440
18 19 2440
19 20 2440
20 21 2440
21 22 2440
22 23 2440
23 24 2440
24 25 2440
25 26 2440
26 27 2440
27 28 2440
28 29 2440
29 30 2440
30 31 2440
31 32 2440
32 33 2440
33 34 2440
34 35 2440
35 36 2440
36 37 2440
37 38 2440
38 39 2440
39 40 2440
40 41 2440
41 42 2440
42 43 2440
43 44 2440
44 45 2440
45 46 2440
46 47 2440
47 48 2440
48 49 2440
49 50 2440
50 51 2440
51 52 2440
52 53 2440
53 54 2440
54 55 2440
55 56 2440
56 57 2440
57 58 2440
58 59 2440
59 60 2440
60 61 2440
61 62 2440
62 63 2440
63 64 2440
64 65 2440
65 66 2440
66 67 2440
67 68 2440
68 69 2440
69 70 2440
70 71 2440
71 72 2440
72 73 2440
73 74 2440
74 75 2440
75 76 2440
76 77 2440
77 78 2440
78 79 2440
79 80 2440
80 81 2440
81 82 2440
82 83 2440
83 84 2440
84 85 2440
85 86 2440
86 87 2440
87 88 2440
88 89 2440
89 90 2440
90 91 2440
91 92 2440
92 93 2440
93 94 2440
94 95 2440
95 96 2440
96 97 2440
97 98 2440
98 99 2440
99 100 2440
100 101 2440
101 102 2440
102 103 2440
103 104 2440
104 105 2440
105 106 2440
106 107 2440
107 108 2440
108 109 2440
109 110 2440
110 111 2440
111 112 2440
112 113 2440
113 114 2440
114 115 2440
115 116 2440
116 117 2440
117 118 2440
118 119 2440
119 120 2440
120 121 2440
121 122 2440
122 123 2440
123 124 2440
124 125 2440
125 126 2440
126 127 2440
127 128 2440
128 129 2440
129 130 2440
130 131 2440
131 132 2440
132 133 2440
133 134 2440
134 135 2440
135 136 2440
136 137 2440
137 138 2440
138 139 2440
139 140 2440
140 141 2440
141 142 2440
142 143 2440
143 144 2440
144 145 2440
145 146 2440
146 147 2440
147 148 2440
148 149 2440
149 150 2440
150 151 2440
151 152 2440
152 153 2440
153 154 2440
154 155 2440
155 156 2440
156 157 2440
157 158 2440
158 159 2440
159 160 2440
160 161 2440
161 162 2440
162 163 2440
163 164 2440
164 165 2440
165 166 2440
166 167 2440
167 168 2440
168 169 2440
169 170 2440
170 171 2440
171 172 2440
172 173 2440
173 174 2440
174 175 2440
175 176 2440
176 177 2440
177 178 2440
178 179 2440
179 180 2440
180 181 2440
181 182 2440
182 183 2440
183 184 2440
184 185 2440
185 186 2440
186 187 2440
187 188 2440
188 189 2440
189 190 2440
190 191 2440
191 192 2440
192 193 2440
193 194 2440
194 195 2440
195 196 2440
196 197 2440
197 198 2440
198 199 2440
199 200 2440
200 201 2440
201 202 2440
202 203 2440
203 204 2440
204 205 2440
205 206 2440
206 207 2440
207 208 2440
208 209 2440
209 210 2440
210 211 2440
211 212 2440
212 213 2440
213 214 2440
214 215 2440
215 216 2440
216 217 2440
217 218 2440
218 219 2440
219 220 2440
220 221 2440
221 222 2440
222 223 2440
223 224 2440
224 225 2440
225 226 2440
226 227 2440
227 228 2440
228 229 2440
229 230 2440
230 231 2440
231 232 2440
232 233 2440
233 234 2440
234 235 2440
235 236 2440
236 237 2440
237 238 2440
238 239 2440
239 240 2440
240 241 2440
241 242 2440
242 243 2440
40 78 2440
109 228 2440
71 89 2440
58 183 2440
41 81 2440
103 205 2440
20 49 2440
69 98 2440
83 218 2440
52 196 2440
106 200 2440
114 147 2440
15 205 2440
62 215 2440
1 92 2440
40 126 2440
80 135 2440
52 87 2440
7 83 2440
67 191 2440
18 163 2440
10 145 2440
103 156 2440
35 232 2440
84 129 2440
28 94 2440
53 239 2440
88 151 2440
51 61 2440
59 98 2440
91 152 2440
44 75 2440
48 72 2440
106 173 2440
44 206 2440
109 195 2440
9 164 2440
17 125 2440
57 119 2440
75 109 2440
105 176 2440
15 131 2440
14 36 2440
13 191 2440
119 178 2440
58 121 2440
105 128 2440
44 76 2440
24 77 2440
106 149 2440
13 160 2440
81 115 2440
12 94 2440
53 94 2440
28 205 2440
81 106 2440
45 231 2440
34 110 2440
106 115 2440
14 16 2440
74 176 2440
37 50 2440
87 93 2440
100 166 2440
12 91 2440
41 52 2440
80 211 2440
26 74 2440
117 134 2440
55 98 2440
43 68 2440
6 243 2440
61 119 2440
90 119 2440
16 200 2440
85 88 2440
113 130 2440
68 200 2440
17 122 2440
84 224 2440
52 142 2440
10 13 2440
21 93 2440
61 148 2440
30 100 2440
60 107 2440
45 197 2440
76 136 2440
73 108 2440
77 208 2440
71 243 2440
4 206 2440
91 159 2440
98 222 2440
85 133 2440
83 114 2440
80 90 2440
41 147 2440
18 124 2440
4 74 2440
102 235 2440
48 178 2440
86 178 2440
12 61 2440
100 224 2440
47 235 2440
11 31 2440
24 84 2440
81 85 2440
31 44 2440
92 162 2440
38 83 2440
15 178 2440
106 219 2440
7 43 2440
90 144 2440
66 89 2440
50 97 2440
34 36 2440
82 120 2440
18 112 2440
60 128 2440
83 85 2440
29 74 2440
105 160 2440
113 207 2440
111 165 2440
96 110 2440
48 81 2440
19 178 2440
22 166 2440
53 190 2440
0 178 2440
39 228 2440
5 79 2440
40 58 2440
9 235 2440
61 96 2440
105 202 2440
48 228 2440
38 55 2440
29 142 2440
74 167 2440
81 125 2440
23 117 2440
119 170 2440
61 225 2440
99 188 2440
119 135 2440
113 232 2440
34 237 2440
88 240 2440
55 102 2440
7 210 2440
4 100 2440
73 144 2440
96 204 2440
110 129 2440
47 131 2440
103 129 2440
68 193 2440
48 156 2440
12 113 2440
51 89 2440
53 241 2440
78 134 2440
69 202 2440
116 168 2440
22 224 2440
11 177 2440
118 222 2440
1 210 2440
45 172 2440
88 119 2440
58 152 2440
78 164 2440
94 104 2440
78 220 2440
13 28 2440
92 221 2440
95 150 2440
27 48 2440
105 117 2440
55 63 2440
92 139 2440
80 234 2440
85 99 2440
26 193 2440
12 177 2440
106 142 2440
0 124 2440
88 170 2440
74 235 2440
121 178 2440
71 179 2440
99 185 2440
25 65 2440
102 127 2440
56 215 2440
101 233 2440
82 226 2440
51 71 2440
71 169 2440
101 172 2440
17 35 2440
76 179 2440
5 212 2440
11 86 2440
100 217 2440
29 240 2440
72 130 2440
9 89 2440
22 73 2440
11 56 2440
93 210 2440
79 148 2440
31 177 2440
112 143 2440
86 243 2440
47 143 2440
120 177 2440
63 151 2440
59 218 2440
86 218 2440
3 221 2440
113 134 2440
46 112 2440
31 216 2440
55 119 2440
60 225 2440
36 138 2440
68 187 2440
59 150 2440
25 115 2440
68 119 2440
111 192 2440
106 229 2440
70 188 2440
76 118 2440
54 87 2440
