0 1 2480
1 2 2480
2 3 2480
3 4 2480
4 5 2480
5 6 2480
6 7 2480
7 8 2480
8 9 2480
9 10 2480
10 11 2480
11 12 2480
12 13 2480
13 14 2480
14 15 2480
15 16 2480
16 17 2480
17 18 2480
18 19 2480
19 20 2480
20 21 2480
21 22 2480
22 23 2480
23 24 2480
24 25 2480
25 26 2480
26 27 2480
27 28 2480
28 29 2480
29 30 2480
30 31 2480
31 32 2480
32 33 2480
33 34 2480
34 35 2480
35 36 2480
36 37 2480
37 38 2480
38 39 2480
39 40 2480
40 41 2480
41 42 2480
42 43 2480
43 44 2480
44 45 2480
45 46 2480
46 47 2480
47 48 2480
48 49 2480
49 50 2480
50 51 2480
51 52 2480
52 53 2480
53 54 2480
54 55 2480
55 56 2480
56 57 2480
57 58 2480
58 59 2480
59 60 2480
60 61 2480
61 62 2480
62 63 2480
63 64 2480
64 65 2480
65 66 2480
66 67 2480
67 68 2480
68 69 2480
69 70 2480
70 71 2480
71 72 2480
72 73 2480
73 74 2480
74 75 2480
75 76 2480
76 77 2480
77 78 2480
78 79 2480
79 80 2480
80 81 2480
81 82 2480
82 83 2480
83 84 2480
84 85 2480
85 86 2480
86 87 2480
87 88 2480
88 89 2480
89 90 2480
90 91 2480
91 92 2480
92 93 2480
93 94 2480
94 95 2480
95 96 2480
96 97 2480
97 98 2480
98 99 2480
99 100 2480
100 101 2480
101 102 2480
102 103 2480
103 104 2480
104 105 2480
105 106 2480
106 107 2480
107 108 2480
108 109 2480
109 110 2480
110 111 2480
111 112 2480
112 113 2480
113 114 2480
114 115 2480
115 116 2480
116 117 2480
117 118 2480
118 119 2480
119 120 2480
120 121 2480
121 122 2480
122 123 2480
123 124 2480
124 125 2480
125 126 2480
126 127 2480
127 128 2480
128 129 2480
129 130 2480
130 131 2480
131 132 2480
132 133 2480
133 134 2480
134 135 2480
135 136 2480
136 137 2480
137 138 2480
138 139 2480
139 140 2480
140 141 2480
141 142 2480
142 143 2480
143 144 2480
144 145 2480
145 146 2480
146 147 2480
147 148 2480
148 149 2480
149 150 2480
150 151 2480
151 152 2480
152 153 2480
153 154 2480
154 155 2480
155 156 2480
156 157 2480
157 158 2480
158 159 2480
159 160 2480
160 161 2480
161 162 2480
162 163 2480
163 164 2480
164 165 2480
165 166 2480
166 167 2480
167 168 2480
168 169 2480
169 170 2480
170 171 2480
171 172 2480
172 173 2480
173 174 2480
174 175 2480
175 176 2480
176 177 2480
177 178 2480
178 179 2480
179 180 2480
180 181 2480
181 182 2480
182 183 2480
183 184 2480
184 185 2480
185 186 2480
186 187 2480
187 188 2480
188 189 2480
189 190 2480
190 191 2480
191 192 2480
192 193 2480
193 194 2480
194 195 2480
195 196 2480
196 197 2480
197 198 2480
198 199 2480
199 200 2480
200 201 2480
201 202 2480
202 203 2480
203 204 2480
204 205 2480
205 206 2480
206 207 2480
207 208 2480
208 209 2480
209 210 2480
210 211 2480
211 212 2480
212 213 2480
213 214 2480
214 215 2480
215 216 2480
216 217 2480
217 218 2480
218 219 2480
219 220 2480
220 221 2480
221 222 2480
222 223 2480
223 224 2480
224 225 2480
225 226 2480
226 227 2480
227 228 2480
228 229 2480
229 230 2480
230 231 2480
231 232 2480
232 233 2480
233 234 2480
234 235 2480
235 236 2480
236 237 2480
237 238 2480
238 239 2480
239 240 2480
240 241 2480
241 242 2480
242 243 2480
243 244 2480
244 245 2480
245 246 2480
246 247 2480
68 233 2480
102 190 2480
37 118 2480
93 217 2480
26 205 2480
99 158 2480
38 118 2480
64 200 2480
38 217 2480
113 238 2480
46 176 2480
64 83 2480
8 135 2480
34 63 2480
48 179 2480
91 238 2480
74 178 2480
85 228 2480
123 224 2480
84 200 2480
16 26 2480
25 83 2480
29 41 2480
49 197 2480
115 126 2480
110 145 2480
55 232 2480
54 57 2480
89 190 2480
27 114 2480
30 169 2480
100 177 2480
31 171 2480
60 170 2480
0 118 2480
72 118 2480
34 50 2480
3 182 2480
106 148 2480
15 74 2480
35 225 2480
26 213 2480
86 160 2480
81 113 2480
83 138 2480
1 194 2480
42 212 2480
45 189 2480
124 237 2480
36 146 2480
100 212 2480
23 242 2480
61 92 2480
1 115 2480
4 75 2480
17 23 2480
28 222 2480
23 227 2480
81 237 2480
39 41 2480
16 159 2480
100 179 2480
114 236 2480
40 122 2480
32 115 2480
62 77 2480
93 237 2480
87 170 2480
6 237 2480
54 91 2480
82 124 2480
117 225 2480
97 214 2480
1 35 2480
23 198 2480
40 100 2480
72 233 2480
34 152 2480
56 204 2480
13 192 2480
14 30 2480
72 161 2480
27 215 2480
12 195 2480
28 129 2480
12 120 2480
81 197 2480
120 166 2480
79 112 2480
38 143 2480
72 160 2480
33 235 2480
45 175 2480
27 113 2480
103 134 2480
102 183 2480
15 232 2480
54 147 2480
44 106 2480
71 140 2480
89 160 2480
77 149 2480
123 239 2480
93 193 2480
76 225 2480
21 70 2480
116 202 2480
82 153 2480
97 141 2480
3 51 2480
68 181 2480
107 221 2480
120 228 2480
67 203 2480
38 166 2480
89 112 2480
10 54 2480
87 201 2480
42 215 2480
90 173 2480
108 149 2480
97 236 2480
123 200 2480
8 17 2480
117 119 2480
15 105 2480
46 140 2480
87 104 2480
34 86 2480
107 115 2480
60 72 2480
33 223 2480
12 217 2480
3 53 2480
80 115 2480
47 117 2480
41 67 2480
24 74 2480
20 109 2480
7 185 2480
79 169 2480
35 69 2480
104 180 2480
116 120 2480
67 180 2480
1 46 2480
0 45 2480
101 174 2480
57 205 2480
36 117 2480
83 154 2480
123 197 2480
62 69 2480
103 221 2480
12 74 2480
92 172 2480
52 195 2480
105 245 2480
48 95 2480
118 149 2480
66 175 2480
3 171 2480
39 166 2480
2 169 2480
29 67 2480
32 166 2480
37 191 2480
74 213 2480
20 232 2480
19 148 2480
37 126 2480
35 231 2480
124 170 2480
28 218 2480
21 74 2480
21 40 2480
75 238 2480
90 218 2480
73 176 2480
22 57 2480
66 97 2480
68 79 2480
80 193 2480
39 225 2480
117 136 2480
85 242 2480
11 88 2480
37 84 2480
123 131 2480
12 112 2480
27 166 2480
39 78 2480
63 139 2480
25 202 2480
98 170 2480
86 96 2480
102 105 2480
29 73 2480
12 143 2480
95 123 2480
13 223 2480
51 218 2480
1 222 2480
83 240 2480
17 20 2480
119 204 2480
62 123 2480
20 182 2480
68 185 2480
8 130 2480
54 199 2480
91 179 2480
55 205 2480
49 154 2480
117 217 2480
108 224 2480
39 117 2480
107 174 2480
102 188 2480
52 207 2480
100 224 2480
58 222 2480
37 88 2480
105 233 2480
86 230 2480
120 159 2480
95 181 2480
77 233 2480
10 149 2480
122 134 2480
110 206 2480
105 234 2480
123 214 2480
18 100 2480
40 113 2480
39 174 2480
72 74 2480
34 92 2480
75 117 2480
7 244 2480
57 110 2480
29 131 2480
35 58 2480
124 199 2480
70 212 2480
