0 1 2520
1 2 2520
2 3 2520
3 4 2520
4 5 2520
5 6 2520
6 7 2520
7 8 2520
8 9 2520
9 10 2520
10 11 2520
11 12 2520
12 13 2520
13 14 2520
14 15 2520
15 16 2520
16 17 2520
17 18 2520
18 19 2520
19 20 2520
20 21 2520
21 22 2520
22 23 2520
23 24 2520
24 25 2520
25 26 2520
26 27 2520
27 28 2520
28 29 2520
29 30 2520
30 31 2520
31 32 2520
32 33 2520
33 34 2520
34 35 2520
35 36 2520
36 37 2520
37 38 2520
38 39 2520
39 40 2520
40 41 2520
41 42 2520
42 43 2520
43 44 2520
44 45 2520
45 46 2520
46 47 2520
47 48 2520
48 49 2520
49 50 2520
50 51 2520
51 52 2520
52 53 2520
53 54 2520
54 55 2520
55 56 2520
56 57 2520
57 58 2520
58 59 2520
59 60 2520
60 61 2520
61 62 2520
62 63 2520
63 64 2520
64 65 2520
65 66 2520
66 67 2520
67 68 2520
68 69 2520
69 70 2520
70 71 2520
71 72 2520
72 73 2520
73 74 2520
74 75 2520
75 76 2520
76 77 2520
77 78 2520
78 79 2520
79 80 2520
80 81 2520
81 82 2520
82 83 2520
83 84 2520
84 85 2520
85 86 2520
86 87 2520
87 88 2520
88 89 2520
89 90 2520
90 91 2520
91 92 2520
92 93 2520
93 94 2520
94 95 2520
95 96 2520
96 97 2520
97 98 2520
98 99 2520
99 100 2520
100 101 2520
101 102 2520
102 103 2520
103 104 2520
104 105 2520
105 106 2520
106 107 2520
107 108 2520
108 109 2520
109 110 2520
110 111 2520
111 112 2520
112 113 2520
113 114 2520
114 115 2520
115 116 2520
116 117 2520
117 118 2520
118 119 2520
119 120 2520
120 121 2520
121 122 2520
122 123 2520
123 124 2520
124 125 2520
125 126 2520
126 127 2520
127 128 2520
128 129 2520
129 130 2520
130 131 2520
131 132 2520
132 133 2520
133 134 2520
134 135 2520
135 136 2520
136 137 2520
137 138 2520
138 139 2520
139 140 2520
140 141 2520
141 142 2520
142 143 2520
143 144 2520
144 145 2520
145 146 2520
146 147 2520
147 148 2520
148 149 2520
149 150 2520
150 151 2520
151 152 2520
152 153 2520
153 154 2520
154 155 2520
155 156 2520
156 157 2520
157 158 2520
158 159 2520
159 160 2520
160 161 2520
161 162 2520
162 163 2520
163 164 2520
164 165 2520
165 166 2520
166 167 2520
167 168 2520
168 169 2520
169 170 2520
170 171 2520
171 172 2520
172 173 2520
173 174 2520
174 175 2520
175 176 2520
176 177 2520
177 178 2520
178 179 2520
179 180 2520
180 181 2520
181 182 2520
182 183 2520
183 184 2520
184 185 2520
185 186 2520
186 187 2520
187 188 2520
188 189 2520
189 190 2520
190 191 2520
191 192 2520
192 193 2520
193 194 2520
194 195 2520
195 196 2520
196 197 2520
197 198 2520
198 199 2520
199 200 2520
200 201 2520
201 202 2520
202 203 2520
203 204 2520
204 205 2520
205 206 2520
206 207 2520
207 208 2520
208 209 2520
209 210 2520
210 211 2520
211 212 2520
212 213 2520
213 214 2520
214 215 2520
215 216 2520
216 217 2520
217 218 2520
218 219 2520
219 220 2520
220 221 2520
221 222 2520
222 223 2520
223 224 2520
224 225 2520
225 226 2520
226 227 2520
227 228 2520
228 229 2520
229 230 2520
230 231 2520
231 232 2520
232 233 2520
233 234 2520
234 235 2520
235 236 2520
236 237 2520
237 238 2520
238 239 2520
239 240 2520
240 241 2520
241 242 2520
242 243 2520
243 244 2520
244 245 2520
245 246 2520
246 247 2520
247 248 2520
248 249 2520
249 250 2520
250 251 2520
19 124 2520
55 184 2520
55 232 2520
60 125 2520
1 183 2520
93 242 2520
39 218 2520
34 110 2520
18 89 2520
59 85 2520
16 245 2520
66 83 2520
71 200 2520
13 223 2520
55 101 2520
54 75 2520
24 179 2520
66 150 2520
122 228 2520
106 229 2520
8 54 2520
19 203 2520
43 132 2520
36 151 2520
72 89 2520
37 67 2520
126 149 2520
98 185 2520
11 250 2520
65 177 2520
2 200 2520
108 194 2520
78 165 2520
93 146 2520
12 197 2520
87 152 2520
73 151 2520
92 199 2520
108 148 2520
61 195 2520
35 209 2520
30 236 2520
115 145 2520
97 173 2520
98 213 2520
37 172 2520
1 17 2520
89 192 2520
23 46 2520
58 126 2520
7 54 2520
52 136 2520
14 225 2520
49 170 2520
101 172 2520
12 236 2520
54 221 2520
40 67 2520
34 234 2520
49 111 2520
26 56 2520
91 207 2520
6 110 2520
112 244 2520
93 150 2520
55 100 2520
95 201 2520
34 186 2520
6 46 2520
5 23 2520
22 87 2520
64 78 2520
32 135 2520
95 213 2520
118 158 2520
22 63 2520
24 73 2520
11 142 2520
87 146 2520
10 190 2520
97 147 2520
34 97 2520
72 81 2520
88 156 2520
77 146 2520
15 192 2520
71 161 2520
13 240 2520
85 248 2520
15 205 2520
76 138 2520
45 162 2520
71 91 2520
39 179 2520
67 85 2520
43 155 2520
95 136 2520
112 203 2520
76 147 2520
86 214 2520
68 233 2520
40 159 2520
45 88 2520
45 82 2520
36 202 2520
85 233 2520
100 196 2520
21 103 2520
95 203 2520
31 188 2520
113 128 2520
124 193 2520
13 34 2520
67 203 2520
83 93 2520
52 183 2520
83 126 2520
116 163 2520
80 116 2520
30 44 2520
92 153 2520
17 235 2520
62 227 2520
74 93 2520
91 226 2520
26 235 2520
78 180 2520
124 233 2520
38 56 2520
42 110 2520
6 82 2520
100 238 2520
98 182 2520
72 171 2520
58 143 2520
22 165 2520
23 250 2520
38 233 2520
39 245 2520
98 134 2520
102 121 2520
92 142 2520
19 85 2520
78 194 2520
83 112 2520
58 195 2520
105 193 2520
61 194 2520
74 115 2520
103 145 2520
100 105 2520
93 180 2520
49 156 2520
23 84 2520
22 225 2520
56 165 2520
58 190 2520
77 79 2520
65 173 2520
11 75 2520
97 132 2520
107 136 2520
27 112 2520
51 246 2520
114 187 2520
24 134 2520
106 232 2520
114 162 2520
111 221 2520
16 43 2520
64 129 2520
105 178 2520
5 94 2520
93 126 2520
80 86 2520
116 200 2520
47 225 2520
41 62 2520
2 99 2520
56 71 2520
114 164 2520
125 174 2520
9 17 2520
105 145 2520
125 171 2520
40 67 2520
85 207 2520
9 232 2520
67 154 2520
18 93 2520
104 155 2520
31 158 2520
12 246 2520
81 218 2520
25 240 2520
40 57 2520
75 246 2520
31 89 2520
126 154 2520
104 141 2520
42 213 2520
58 78 2520
35 192 2520
44 127 2520
74 200 2520
112 186 2520
41 157 2520
12 236 2520
50 67 2520
103 204 2520
46 82 2520
36 210 2520
38 161 2520
88 223 2520
81 159 2520
19 179 2520
63 159 2520
74 136 2520
50 98 2520
80 167 2520
7 159 2520
76 231 2520
113 223 2520
15 135 2520
88 110 2520
18 74 2520
111 208 2520
12 213 2520
64 229 2520
106 226 2520
18 24 2520
117 138 2520
111 197 2520
83 156 2520
100 222 2520
95 224 2520
56 87 2520
47 208 2520
20 222 2520
99 196 2520
114 218 2520
105 124 2520
24 158 2520
13 45 2520
92 142 2520
84 240 2520
23 163 2520
18 36 2520
87 134 2520
73 139 2520
76 138 2520
