0 1 2560
1 2 2560
2 3 2560
3 4 2560
4 5 2560
5 6 2560
6 7 2560
7 8 2560
8 9 2560
9 10 2560
10 11 2560
11 12 2560
12 13 2560
13 14 2560
14 15 2560
15 16 2560
16 17 2560
17 18 2560
18 19 2560
19 20 2560
20 21 2560
21 22 2560
22 23 2560
23 24 2560
24 25 2560
25 26 2560
26 27 2560
27 28 2560
28 29 2560
29 30 2560
30 31 2560
31 32 2560
32 33 2560
33 34 2560
34 35 2560
35 36 2560
36 37 2560
37 38 2560
38 39 2560
39 40 2560
40 41 2560
41 42 2560
42 43 2560
43 44 2560
44 45 2560
45 46 2560
46 47 2560
47 48 2560
48 49 2560
49 50 2560
50 51 2560
51 52 2560
52 53 2560
53 54 2560
54 55 2560
55 56 2560
56 57 2560
57 58 2560
58 59 2560
59 60 2560
60 61 2560
61 62 2560
62 63 2560
63 64 2560
64 65 2560
65 66 2560
66 67 2560
67 68 2560
68 69 2560
69 70 2560
70 71 2560
71 72 2560
72 73 2560
73 74 2560
74 75 2560
75 76 2560
76 77 2560
77 78 2560
78 79 2560
79 80 2560
80 81 2560
81 82 2560
82 83 2560
83 84 2560
84 85 2560
85 86 2560
86 87 2560
87 88 2560
88 89 2560
89 90 2560
90 91 2560
91 92 2560
92 93 2560
93 94 2560
94 95 2560
95 96 2560
96 97 2560
97 98 2560
98 99 2560
99 100 2560
100 101 2560
101 102 2560
102 103 2560
103 104 2560
104 105 2560
105 106 2560
106 107 2560
107 108 2560
108 109 2560
109 110 2560
110 111 2560
111 112 2560
112 113 2560
113 114 2560
114 115 2560
115 116 2560
116 117 2560
117 118 2560
118 119 2560
119 120 2560
120 121 2560
121 122 2560
122 123 2560
123 124 2560
124 125 2560
125 126 2560
126 127 2560
127 128 2560
128 129 2560
129 130 2560
130 131 2560
131 132 2560
132 133 2560
133 134 2560
134 135 2560
135 136 2560
136 137 2560
137 138 2560
138 139 2560
139 140 2560
140 141 2560
141 142 2560
142 143 2560
143 144 2560
144 145 2560
145 146 2560
146 147 2560
147 148 2560
148 149 2560
149 150 2560
150 151 2560
151 152 2560
152 153 2560
153 154 2560
154 155 2560
155 156 2560
156 157 2560
157 158 2560
158 159 2560
159 160 2560
160 161 2560
161 162 2560
162 163 2560
163 164 2560
164 165 2560
165 166 2560
166 167 2560
167 168 2560
168 169 2560
169 170 2560
170 171 2560
171 172 2560
172 173 2560
173 174 2560
174 175 2560
175 176 2560
176 177 2560
177 178 2560
178 179 2560
179 180 2560
180 181 2560
181 182 2560
182 183 2560
183 184 2560
184 185 2560
185 186 2560
186 187 2560
187 188 2560
188 189 2560
189 190 2560
190 191 2560
191 192 2560
192 193 2560
193 194 2560
194 195 2560
195 196 2560
196 197 2560
197 198 2560
198 199 2560
199 200 2560
200 201 2560
201 202 2560
202 203 2560
203 204 2560
204 205 2560
205 206 2560
206 207 2560
207 208 2560
208 209 2560
209 210 2560
210 211 2560
211 212 2560
212 213 2560
213 214 2560
214 215 2560
215 216 2560
216 217 2560
217 218 2560
218 219 2560
219 220 2560
220 221 2560
221 222 2560
222 223 2560
223 224 2560
224 225 2560
225 226 2560
226 227 2560
227 228 2560
228 229 2560
229 230 2560
230 231 2560
231 232 2560
232 233 2560
233 234 2560
234 235 2560
235 236 2560
236 237 2560
237 238 2560
238 239 2560
239 240 2560
240 241 2560
241 242 2560
242 243 2560
243 244 2560
244 245 2560
245 246 2560
246 247 2560
247 248 2560
248 249 2560
249 250 2560
250 251 2560
251 252 2560
252 253 2560
253 254 2560
254 255 2560
59 115 2560
106 194 2560
32 75 2560
89 124 2560
118 160 2560
107 227 2560
56 248 2560
90 147 2560
119 214 2560
34 108 2560
20 109 2560
73 98 2560
126 218 2560
8 224 2560
125 210 2560
91 190 2560
59 157 2560
101 251 2560
27 75 2560
124 249 2560
84 240 2560
119 137 2560
94 154 2560
126 244 2560
122 171 2560
4 235 2560
48 243 2560
31 57 2560
19 31 2560
16 166 2560
95 97 2560
98 132 2560
18 199 2560
42 240 2560
33 198 2560
62 158 2560
56 141 2560
27 213 2560
56 148 2560
109 197 2560
35 213 2560
3 201 2560
11 215 2560
75 148 2560
54 92 2560
16 126 2560
64 73 2560
29 138 2560
0 167 2560
61 65 2560
103 221 2560
30 109 2560
111 130 2560
83 180 2560
8 202 2560
2 221 2560
107 130 2560
98 227 2560
115 160 2560
36 48 2560
26 119 2560
57 182 2560
103 161 2560
18 167 2560
44 72 2560
31 186 2560
74 144 2560
104 114 2560
73 171 2560
22 200 2560
104 162 2560
1 100 2560
60 73 2560
102 198 2560
114 131 2560
104 136 2560
53 102 2560
95 154 2560
12 48 2560
62 229 2560
34 131 2560
60 98 2560
105 182 2560
32 174 2560
28 181 2560
21 51 2560
64 219 2560
23 100 2560
109 134 2560
113 151 2560
57 141 2560
37 112 2560
51 58 2560
37 202 2560
4 115 2560
66 233 2560
63 193 2560
122 231 2560
74 162 2560
86 221 2560
104 125 2560
73 177 2560
89 180 2560
23 183 2560
15 103 2560
45 228 2560
68 237 2560
80 213 2560
71 132 2560
83 95 2560
23 221 2560
105 145 2560
5 166 2560
81 177 2560
70 94 2560
106 196 2560
2 192 2560
49 175 2560
85 100 2560
101 192 2560
17 138 2560
106 119 2560
27 239 2560
8 18 2560
88 160 2560
30 46 2560
83 187 2560
80 125 2560
89 128 2560
47 52 2560
68 204 2560
98 138 2560
64 178 2560
3 218 2560
126 208 2560
38 218 2560
5 173 2560
53 90 2560
1 164 2560
128 139 2560
4 40 2560
93 217 2560
8 146 2560
66 185 2560
114 117 2560
39 196 2560
114 116 2560
95 154 2560
92 111 2560
37 120 2560
45 131 2560
117 248 2560
56 160 2560
56 206 2560
84 94 2560
83 202 2560
128 156 2560
12 155 2560
53 149 2560
63 82 2560
35 251 2560
94 139 2560
14 20 2560
12 196 2560
110 172 2560
44 178 2560
62 187 2560
75 129 2560
121 165 2560
50 214 2560
90 241 2560
125 196 2560
81 90 2560
27 117 2560
7 252 2560
22 192 2560
16 101 2560
14 248 2560
91 204 2560
3 71 2560
83 181 2560
110 251 2560
55 250 2560
66 200 2560
19 124 2560
56 114 2560
84 139 2560
78 221 2560
31 122 2560
76 159 2560
63 138 2560
58 133 2560
3 79 2560
104 229 2560
49 244 2560
125 237 2560
122 254 2560
90 166 2560
73 126 2560
119 209 2560
4 6 2560
47 163 2560
34 146 2560
76 227 2560
114 255 2560
28 121 2560
98 247 2560
31 36 2560
53 95 2560
112 197 2560
90 239 2560
38 184 2560
25 152 2560
9 187 2560
5 131 2560
43 196 2560
83 236 2560
67 204 2560
110 185 2560
64 173 2560
107 215 2560
71 106 2560
67 226 2560
68 246 2560
104 200 2560
25 109 2560
82 109 2560
118 252 2560
25 175 2560
121 125 2560
57 227 2560
17 170 2560
6 194 2560
26 197 2560
121 190 2560
73 88 2560
122 132 2560
56 95 2560
31 251 2560
54 217 2560
37 203 2560
117 169 2560
73 133 2560
92 200 2560
89 160 2560
18 221 2560
20 98 2560
105 118 2560
38 240 2560
106 217 2560
14 192 2560
62 128 2560
114 227 2560
99 102 2560
