0 1 2600
1 2 2600
2 3 2600
3 4 2600
4 5 2600
5 6 2600
6 7 2600
7 8 2600
8 9 2600
9 10 2600
10 11 2600
11 12 2600
12 13 2600
13 14 2600
14 15 2600
15 16 2600
16 17 2600
17 18 2600
18 19 2600
19 20 2600
20 21 2600
21 22 2600
22 23 2600
23 24 2600
24 25 2600
25 26 2600
26 27 2600
27 28 2600
28 29 2600
29 30 2600
30 31 2600
31 32 2600
32 33 2600
33 34 2600
34 35 2600
35 36 2600
36 37 2600
37 38 2600
38 39 2600
39 40 2600
40 41 2600
41 42 2600
42 43 2600
43 44 2600
44 45 2600
45 46 2600
46 47 2600
47 48 2600
48 49 2600
49 50 2600
50 51 2600
51 52 2600
52 53 2600
53 54 2600
54 55 2600
55 56 2600
56 57 2600
57 58 2600
58 59 2600
59 60 2600
60 61 2600
61 62 2600
62 63 2600
63 64 2600
64 65 2600
65 66 2600
66 67 2600
67 68 2600
68 69 2600
69 70 2600
70 71 2600
71 72 2600
72 73 2600
73 74 2600
74 75 2600
75 76 2600
76 77 2600
77 78 2600
78 79 2600
79 80 2600
80 81 2600
81 82 2600
82 83 2600
83 84 2600
84 85 2600
85 86 2600
86 87 2600
87 88 2600
88 89 2600
89 90 2600
90 91 2600
91 92 2600
92 93 2600
93 94 2600
94 95 2600
95 96 2600
96 97 2600
97 98 2600
98 99 2600
99 100 2600
100 101 2600
101 102 2600
102 103 2600
103 104 2600
104 105 2600
105 106 2600
106 107 2600
107 108 2600
108 109 2600
109 110 2600
110 111 2600
111 112 2600
112 113 2600
113 114 2600
114 115 2600
115 116 2600
116 117 2600
117 118 2600
118 119 2600
119 120 2600
120 121 2600
121 122 2600
122 123 2600
123 124 2600
124 125 2600
125 126 2600
126 127 2600
127 128 2600
128 129 2600
129 130 2600
130 131 2600
131 132 2600
132 133 2600
133 134 2600
134 135 2600
135 136 2600
136 137 2600
137 138 2600
138 139 2600
139 140 2600
140 141 2600
141 142 2600
142 143 2600
143 144 2600
144 145 2600
145 146 2600
146 147 2600
147 148 2600
148 149 2600
149 150 2600
150 151 2600
151 152 2600
152 153 2600
153 154 2600
154 155 2600
155 156 2600
156 157 2600
157 158 2600
158 159 2600
159 160 2600
160 161 2600
161 162 2600
162 163 2600
163 164 2600
164 165 2600
165 166 2600
166 167 2600
167 168 2600
168 169 2600
169 170 2600
170 171 2600
171 172 2600
172 173 2600
173 174 2600
174 175 2600
175 176 2600
176 177 2600
177 178 2600
178 179 2600
179 180 2600
180 181 2600
181 182 2600
182 183 2600
183 184 2600
184 185 2600
185 186 2600
186 187 2600
187 188 2600
188 189 2600
189 190 2600
190 191 2600
191 192 2600
192 193 2600
193 194 2600
194 195 2600
195 196 2600
196 197 2600
197 198 2600
198 199 2600
199 200 2600
200 201 2600
201 202 2600
202 203 2600
203 204 2600
204 205 2600
205 206 2600
206 207 2600
207 208 2600
208 209 2600
209 210 2600
210 211 2600
211 212 2600
212 213 2600
213 214 2600
214 215 2600
215 216 2600
216 217 2600
217 218 2600
218 219 2600
219 220 2600
220 221 2600
221 222 2600
222 223 2600
223 224 2600
224 225 2600
225 226 2600
226 227 2600
227 228 2600
228 229 2600
229 230 2600
230 231 2600
231 232 2600
232 233 2600
233 234 2600
234 235 2600
235 236 2600
236 237 2600
237 238 2600
238 239 2600
239 240 2600
240 241 2600
241 242 2600
242 243 2600
243 244 2600
244 245 2600
245 246 2600
246 247 2600
247 248 2600
248 249 2600
249 250 2600
250 251 2600
251 252 2600
252 253 2600
253 254 2600
254 255 2600
255 256 2600
256 257 2600
257 258 2600
258 259 2600
119 155 2600
95 156 2600
43 169 2600
55 92 2600
25 36 2600
86 142 2600
19 178 2600
110 222 2600
8 48 2600
63 102 2600
29 242 2600
57 116 2600
21 118 2600
71 198 2600
111 231 2600
50 172 2600
16 242 2600
69 171 2600
96 194 2600
70 196 2600
122 250 2600
119 189 2600
102 124 2600
19 161 2600
30 250 2600
8 78 2600
37 54 2600
113 247 2600
126 237 2600
99 130 2600
9 232 2600
81 175 2600
86 257 2600
116 184 2600
61 104 2600
86 122 2600
95 169 2600
38 85 2600
109 242 2600
120 255 2600
86 241 2600
54 149 2600
56 237 2600
3 172 2600
2 170 2600
21 158 2600
26 38 2600
50 205 2600
53 154 2600
15 94 2600
7 215 2600
80 211 2600
74 215 2600
18 32 2600
99 217 2600
32 205 2600
121 192 2600
95 162 2600
39 197 2600
19 169 2600
105 158 2600
16 240 2600
128 202 2600
103 195 2600
46 220 2600
105 163 2600
48 69 2600
91 96 2600
62 182 2600
117 146 2600
115 222 2600
51 56 2600
84 163 2600
74 200 2600
71 130 2600
40 187 2600
38 68 2600
62 177 2600
116 258 2600
100 148 2600
126 219 2600
82 228 2600
58 87 2600
90 245 2600
14 241 2600
97 204 2600
30 57 2600
95 243 2600
102 104 2600
82 248 2600
46 128 2600
125 228 2600
61 163 2600
20 122 2600
65 142 2600
128 202 2600
101 253 2600
85 122 2600
71 203 2600
14 24 2600
86 189 2600
101 181 2600
32 38 2600
7 214 2600
10 205 2600
49 177 2600
13 157 2600
117 219 2600
128 202 2600
85 238 2600
93 251 2600
38 178 2600
102 124 2600
59 164 2600
116 145 2600
109 163 2600
100 185 2600
2 184 2600
125 231 2600
53 232 2600
124 229 2600
117 234 2600
48 185 2600
34 123 2600
70 77 2600
105 131 2600
89 197 2600
31 106 2600
99 191 2600
31 93 2600
67 127 2600
108 153 2600
2 258 2600
119 150 2600
122 212 2600
33 96 2600
16 234 2600
18 79 2600
105 246 2600
97 194 2600
90 140 2600
28 78 2600
30 138 2600
111 197 2600
83 257 2600
40 151 2600
62 202 2600
105 131 2600
23 250 2600
18 77 2600
101 173 2600
64 93 2600
83 199 2600
86 233 2600
101 209 2600
18 49 2600
77 243 2600
111 142 2600
7 226 2600
79 220 2600
11 56 2600
15 197 2600
54 212 2600
23 92 2600
107 244 2600
25 233 2600
122 170 2600
79 228 2600
87 116 2600
64 223 2600
12 76 2600
105 189 2600
121 243 2600
27 43 2600
79 203 2600
77 119 2600
17 26 2600
26 132 2600
19 123 2600
49 96 2600
78 255 2600
128 255 2600
88 103 2600
73 194 2600
94 122 2600
38 219 2600
107 205 2600
18 150 2600
42 228 2600
94 117 2600
1 249 2600
130 140 2600
89 251 2600
39 182 2600
24 123 2600
124 196 2600
120 236 2600
62 90 2600
127 197 2600
129 171 2600
70 102 2600
4 51 2600
64 198 2600
90 164 2600
38 163 2600
25 189 2600
121 137 2600
60 97 2600
7 138 2600
126 198 2600
44 179 2600
79 171 2600
127 184 2600
13 51 2600
12 248 2600
9 80 2600
113 175 2600
26 62 2600
30 187 2600
0 161 2600
124 230 2600
129 243 2600
91 190 2600
111 167 2600
76 186 2600
12 76 2600
75 108 2600
54 226 2600
19 176 2600
44 191 2600
117 210 2600
41 43 2600
40 249 2600
88 237 2600
71 238 2600
112 145 2600
84 249 2600
31 35 2600
86 184 2600
71 92 2600
45 87 2600
98 113 2600
112 221 2600
44 122 2600
71 178 2600
69 171 2600
104 125 2600
34 136 2600
15 202 2600
94 179 2600
66 177 2600
43 114 2600
18 195 2600
2 250 2600
9 48 2600
102 122 2600
47 257 2600
71 154 2600
