0 1 2640
1 2 2640
2 3 2640
3 4 2640
4 5 2640
5 6 2640
6 7 2640
7 8 2640
8 9 2640
9 10 2640
10 11 2640
11 12 2640
12 13 2640
13 14 2640
14 15 2640
15 16 2640
16 17 2640
17 18 2640
18 19 2640
19 20 2640
20 21 2640
21 22 2640
22 23 2640
23 24 2640
24 25 2640
25 26 2640
26 27 2640
27 28 2640
28 29 2640
29 30 2640
30 31 2640
31 32 2640
32 33 2640
33 34 2640
34 35 2640
35 36 2640
36 37 2640
37 38 2640
38 39 2640
39 40 2640
40 41 2640
41 42 2640
42 43 2640
43 44 2640
44 45 2640
45 46 2640
46 47 2640
47 48 2640
48 49 2640
49 50 2640
50 51 2640
51 52 2640
52 53 2640
53 54 2640
54 55 2640
55 56 2640
56 57 2640
57 58 2640
58 59 2640
59 60 2640
60 61 2640
61 62 2640
62 63 2640
63 64 2640
64 65 2640
65 66 2640
66 67 2640
67 68 2640
68 69 2640
69 70 2640
70 71 2640
71 72 2640
72 73 2640
73 74 2640
74 75 2640
75 76 2640
76 77 2640
77 78 2640
78 79 2640
79 80 2640
80 81 2640
81 82 2640
82 83 2640
83 84 2640
84 85 2640
85 86 2640
86 87 2640
87 88 2640
88 89 2640
89 90 2640
90 91 2640
91 92 2640
92 93 2640
93 94 2640
94 95 2640
95 96 2640
96 97 2640
97 98 2640
98 99 2640
99 100 2640
100 101 2640
101 102 2640
102 103 2640
103 104 2640
104 105 2640
105 106 2640
106 107 2640
107 108 2640
108 109 2640
109 110 2640
110 111 2640
111 112 2640
112 113 2640
113 114 2640
114 115 2640
115 116 2640
116 117 2640
117 118 2640
118 119 2640
119 120 2640
120 121 2640
121 122 2640
122 123 2640
123 124 2640
124 125 2640
125 126 2640
126 127 2640
127 128 2640
128 129 2640
129 130 2640
130 131 2640
131 132 2640
132 133 2640
133 134 2640
134 135 2640
135 136 2640
136 137 2640
137 138 2640
138 139 2640
139 140 2640
140 141 2640
141 142 2640
142 143 2640
143 144 2640
144 145 2640
145 146 2640
146 147 2640
147 148 2640
148 149 2640
149 150 2640
150 151 2640
151 152 2640
152 153 2640
153 154 2640
154 155 2640
155 156 2640
156 157 2640
157 158 2640
158 159 2640
159 160 2640
160 161 2640
161 162 2640
162 163 2640
163 164 2640
164 165 2640
165 166 2640
166 167 2640
167 168 2640
168 169 2640
169 170 2640
170 171 2640
171 172 2640
172 173 2640
173 174 2640
174 175 2640
175 176 2640
176 177 2640
177 178 2640
178 179 2640
179 180 2640
180 181 2640
181 182 2640
182 183 2640
183 184 2640
184 185 2640
185 186 2640
186 187 2640
187 188 2640
188 189 2640
189 190 2640
190 191 2640
191 192 2640
192 193 2640
193 194 2640
194 195 2640
195 196 2640
196 197 2640
197 198 2640
198 199 2640
199 200 2640
200 201 2640
201 202 2640
202 203 2640
203 204 2640
204 205 2640
205 206 2640
206 207 2640
207 208 2640
208 209 2640
209 210 2640
210 211 2640
211 212 2640
212 213 2640
213 214 2640
214 215 2640
215 216 2640
216 217 2640
217 218 2640
218 219 2640
219 220 2640
220 221 2640
221 222 2640
222 223 2640
223 224 2640
224 225 2640
225 226 2640
226 227 2640
227 228 2640
228 229 2640
229 230 2640
230 231 2640
231 232 2640
232 233 2640
233 234 2640
234 235 2640
235 236 2640
236 237 2640
237 238 2640
238 239 2640
239 240 2640
240 241 2640
241 242 2640
242 243 2640
243 244 2640
244 245 2640
245 246 2640
246 247 2640
247 248 2640
248 249 2640
249 250 2640
250 251 2640
251 252 2640
252 253 2640
253 254 2640
254 255 2640
255 256 2640
256 257 2640
257 258 2640
258 259 2640
259 260 2640
260 261 2640
261 262 2640
262 263 2640
18 144 2640
57 112 2640
127 246 2640
126 169 2640
68 131 2640
110 207 2640
99 207 2640
130 252 2640
60 191 2640
54 156 2640
131 240 2640
27 246 2640
24 125 2640
84 182 2640
2 198 2640
72 130 2640
65 230 2640
31 190 2640
90 191 2640
101 236 2640
45 76 2640
94 124 2640
18 41 2640
115 219 2640
26 33 2640
83 190 2640
105 199 2640
101 178 2640
57 111 2640
117 190 2640
35 206 2640
7 42 2640
29 135 2640
104 113 2640
38 237 2640
29 68 2640
19 124 2640
18 102 2640
51 125 2640
124 214 2640
79 222 2640
12 117 2640
56 218 2640
84 144 2640
88 194 2640
80 98 2640
26 212 2640
49 132 2640
101 114 2640
10 65 2640
107 167 2640
60 217 2640
46 115 2640
93 148 2640
61 166 2640
127 196 2640
50 175 2640
19 246 2640
33 194 2640
81 183 2640
13 112 2640
102 143 2640
20 173 2640
123 143 2640
79 192 2640
99 206 2640
95 128 2640
1 180 2640
97 263 2640
9 191 2640
7 68 2640
16 41 2640
118 210 2640
99 208 2640
102 253 2640
96 260 2640
34 62 2640
93 145 2640
18 79 2640
14 197 2640
63 205 2640
118 248 2640
30 49 2640
51 62 2640
47 187 2640
100 199 2640
64 259 2640
118 252 2640
87 163 2640
87 93 2640
103 149 2640
100 220 2640
42 93 2640
75 147 2640
88 240 2640
14 141 2640
119 158 2640
12 231 2640
28 48 2640
58 61 2640
118 197 2640
26 80 2640
45 233 2640
3 114 2640
54 93 2640
54 66 2640
40 71 2640
47 210 2640
127 131 2640
31 215 2640
113 135 2640
35 171 2640
101 120 2640
119 248 2640
11 89 2640
122 162 2640
106 213 2640
58 166 2640
76 180 2640
44 216 2640
107 136 2640
83 147 2640
106 188 2640
82 255 2640
35 99 2640
88 222 2640
78 215 2640
119 192 2640
65 139 2640
83 213 2640
128 258 2640
90 218 2640
82 121 2640
37 41 2640
72 174 2640
15 215 2640
71 81 2640
13 83 2640
93 112 2640
104 133 2640
86 218 2640
110 228 2640
44 168 2640
19 164 2640
123 218 2640
90 145 2640
68 216 2640
27 249 2640
20 256 2640
25 94 2640
21 175 2640
99 178 2640
14 195 2640
126 225 2640
114 241 2640
19 90 2640
72 87 2640
3 164 2640
12 255 2640
93 248 2640
18 186 2640
42 50 2640
112 186 2640
20 196 2640
23 49 2640
109 168 2640
25 173 2640
126 180 2640
18 103 2640
24 242 2640
69 198 2640
106 248 2640
128 171 2640
112 179 2640
27 61 2640
46 233 2640
27 258 2640
37 105 2640
42 78 2640
87 251 2640
52 76 2640
10 71 2640
60 190 2640
71 80 2640
94 151 2640
27 225 2640
65 114 2640
9 114 2640
67 168 2640
83 86 2640
39 182 2640
12 250 2640
87 254 2640
94 118 2640
69 80 2640
97 242 2640
70 260 2640
118 186 2640
68 240 2640
107 208 2640
22 125 2640
106 180 2640
58 214 2640
80 206 2640
116 217 2640
6 217 2640
10 260 2640
99 113 2640
77 233 2640
98 191 2640
94 233 2640
5 110 2640
25 90 2640
132 166 2640
68 188 2640
82 112 2640
79 81 2640
76 222 2640
10 87 2640
94 206 2640
107 231 2640
41 110 2640
7 118 2640
99 167 2640
110 246 2640
105 209 2640
24 225 2640
68 261 2640
33 45 2640
94 178 2640
47 78 2640
127 153 2640
93 159 2640
128 142 2640
73 155 2640
50 123 2640
55 238 2640
129 179 2640
26 215 2640
71 244 2640
81 118 2640
93 248 2640
14 194 2640
99 217 2640
34 152 2640
85 122 2640
67 71 2640
40 155 2640
122 193 2640
4 59 2640
103 151 2640
100 217 2640
67 159 2640
75 102 2640
23 75 2640
120 166 2640
28 46 2640
29 131 2640
104 195 2640
103 146 2640
91 217 2640
