0 1 2680
1 2 2680
2 3 2680
3 4 2680
4 5 2680
5 6 2680
6 7 2680
7 8 2680
8 9 2680
9 10 2680
10 11 2680
11 12 2680
12 13 2680
13 14 2680
14 15 2680
15 16 2680
16 17 2680
17 18 2680
18 19 2680
19 20 2680
20 21 2680
21 22 2680
22 23 2680
23 24 2680
24 25 2680
25 26 2680
26 27 2680
27 28 2680
28 29 2680
29 30 2680
30 31 2680
31 32 2680
32 33 2680
33 34 2680
34 35 2680
35 36 2680
36 37 2680
37 38 2680
38 39 2680
39 40 2680
40 41 2680
41 42 2680
42 43 2680
43 44 2680
44 45 2680
45 46 2680
46 47 2680
47 48 2680
48 49 2680
49 50 2680
50 51 2680
51 52 2680
52 53 2680
53 54 2680
54 55 2680
55 56 2680
56 57 2680
57 58 2680
58 59 2680
59 60 2680
60 61 2680
61 62 2680
62 63 2680
63 64 2680
64 65 2680
65 66 2680
66 67 2680
67 68 2680
68 69 2680
69 70 2680
70 71 2680
71 72 2680
72 73 2680
73 74 2680
74 75 2680
75 76 2680
76 77 2680
77 78 2680
78 79 2680
79 80 2680
80 81 2680
81 82 2680
82 83 2680
83 84 2680
84 85 2680
85 86 2680
86 87 2680
87 88 2680
88 89 2680
89 90 2680
90 91 2680
91 92 2680
92 93 2680
93 94 2680
94 95 2680
95 96 2680
96 97 2680
97 98 2680
98 99 2680
99 100 2680
100 101 2680
101 102 2680
102 103 2680
103 104 2680
104 105 2680
105 106 2680
106 107 2680
107 108 2680
108 109 2680
109 110 2680
110 111 2680
111 112 2680
112 113 2680
113 114 2680
114 115 2680
115 116 2680
116 117 2680
117 118 2680
118 119 2680
119 120 2680
120 121 2680
121 122 2680
122 123 2680
123 124 2680
124 125 2680
125 126 2680
126 127 2680
127 128 2680
128 129 2680
129 130 2680
130 131 2680
131 132 2680
132 133 2680
133 134 2680
134 135 2680
135 136 2680
136 137 2680
137 138 2680
138 139 2680
139 140 2680
140 141 2680
141 142 2680
142 143 2680
143 144 2680
144 145 2680
145 146 2680
146 147 2680
147 148 2680
148 149 2680
149 150 2680
150 151 2680
151 152 2680
152 153 2680
153 154 2680
154 155 2680
155 156 2680
156 157 2680
157 158 2680
158 159 2680
159 160 2680
160 161 2680
161 162 2680
162 163 2680
163 164 2680
164 165 2680
165 166 2680
166 167 2680
167 168 2680
168 169 2680
169 170 2680
170 171 2680
171 172 2680
172 173 2680
173 174 2680
174 175 2680
175 176 2680
176 177 2680
177 178 2680
178 179 2680
179 180 2680
180 181 2680
181 182 2680
182 183 2680
183 184 2680
184 185 2680
185 186 2680
186 187 2680
187 188 2680
188 189 2680
189 190 2680
190 191 2680
191 192 2680
192 193 2680
193 194 2680
194 195 2680
195 196 2680
196 197 2680
197 198 2680
198 199 2680
199 200 2680
200 201 2680
201 202 2680
202 203 2680
203 204 2680
204 205 2680
205 206 2680
206 207 2680
207 208 2680
208 209 2680
209 210 2680
210 211 2680
211 212 2680
212 213 2680
213 214 2680
214 215 2680
215 216 2680
216 217 2680
217 218 2680
218 219 2680
219 220 2680
220 221 2680
221 222 2680
222 223 2680
223 224 2680
224 225 2680
225 226 2680
226 227 2680
227 228 2680
228 229 2680
229 230 2680
230 231 2680
231 232 2680
232 233 2680
233 234 2680
234 235 2680
235 236 2680
236 237 2680
237 238 2680
238 239 2680
239 240 2680
240 241 2680
241 242 2680
242 243 2680
243 244 2680
244 245 2680
245 246 2680
246 247 2680
247 248 2680
248 249 2680
249 250 2680
250 251 2680
251 252 2680
252 253 2680
253 254 2680
254 255 2680
255 256 2680
256 257 2680
257 258 2680
258 259 2680
259 260 2680
260 261 2680
261 262 2680
262 263 2680
263 264 2680
264 265 2680
265 266 2680
266 267 2680
120 138 2680
126 241 2680
105 223 2680
127 144 2680
46 239 2680
105 265 2680
15 76 2680
7 147 2680
92 232 2680
23 92 2680
0 147 2680
123 198 2680
38 259 2680
127 222 2680
40 182 2680
132 135 2680
104 110 2680
85 185 2680
4 43 2680
52 68 2680
25 156 2680
8 173 2680
120 145 2680
61 139 2680
99 261 2680
58 225 2680
98 162 2680
103 222 2680
40 151 2680
21 263 2680
46 58 2680
124 263 2680
42 264 2680
57 165 2680
56 247 2680
1 40 2680
4 38 2680
37 99 2680
97 231 2680
31 156 2680
58 192 2680
103 116 2680
70 161 2680
74 123 2680
62 154 2680
1 72 2680
114 198 2680
95 131 2680
17 149 2680
128 243 2680
42 194 2680
46 157 2680
10 54 2680
32 259 2680
0 214 2680
16 202 2680
133 139 2680
45 174 2680
8 255 2680
43 111 2680
63 184 2680
75 203 2680
31 218 2680
119 165 2680
76 175 2680
36 157 2680
108 221 2680
13 111 2680
100 142 2680
68 81 2680
26 238 2680
2 8 2680
38 230 2680
130 259 2680
80 233 2680
47 170 2680
100 192 2680
119 153 2680
20 258 2680
44 53 2680
48 247 2680
77 239 2680
127 251 2680
42 68 2680
77 191 2680
76 244 2680
47 249 2680
49 144 2680
68 260 2680
68 163 2680
81 118 2680
65 216 2680
93 107 2680
112 165 2680
18 131 2680
84 104 2680
33 198 2680
49 76 2680
117 264 2680
23 97 2680
78 174 2680
3 213 2680
73 160 2680
20 115 2680
44 138 2680
9 240 2680
4 263 2680
90 112 2680
93 226 2680
17 44 2680
19 194 2680
23 75 2680
69 190 2680
33 166 2680
35 71 2680
53 72 2680
129 172 2680
116 260 2680
121 194 2680
22 252 2680
39 43 2680
94 236 2680
54 136 2680
81 232 2680
132 261 2680
69 168 2680
109 232 2680
66 68 2680
71 107 2680
28 241 2680
49 207 2680
134 158 2680
116 205 2680
1 44 2680
68 110 2680
110 130 2680
86 243 2680
64 117 2680
13 266 2680
25 229 2680
129 232 2680
76 261 2680
49 159 2680
67 180 2680
132 163 2680
121 176 2680
47 139 2680
62 215 2680
8 99 2680
78 212 2680
94 212 2680
83 267 2680
24 131 2680
42 137 2680
89 260 2680
67 243 2680
125 178 2680
81 116 2680
110 181 2680
36 224 2680
4 257 2680
128 157 2680
112 236 2680
55 204 2680
105 245 2680
123 153 2680
24 253 2680
22 139 2680
111 259 2680
90 161 2680
56 108 2680
84 93 2680
29 216 2680
7 143 2680
87 99 2680
38 55 2680
132 258 2680
59 201 2680
131 145 2680
13 203 2680
91 255 2680
45 199 2680
33 120 2680
96 236 2680
128 181 2680
36 199 2680
17 226 2680
95 145 2680
73 207 2680
26 238 2680
60 75 2680
91 180 2680
82 165 2680
2 10 2680
107 190 2680
24 77 2680
119 180 2680
122 249 2680
45 178 2680
60 215 2680
33 204 2680
103 149 2680
68 146 2680
126 173 2680
99 235 2680
64 225 2680
128 212 2680
40 83 2680
12 176 2680
109 209 2680
27 232 2680
82 167 2680
125 203 2680
42 254 2680
48 145 2680
120 250 2680
107 167 2680
81 108 2680
38 47 2680
108 197 2680
23 198 2680
45 108 2680
88 262 2680
105 193 2680
131 226 2680
133 183 2680
33 172 2680
21 39 2680
22 221 2680
125 141 2680
93 233 2680
47 225 2680
79 177 2680
58 133 2680
116 225 2680
59 246 2680
128 166 2680
19 251 2680
11 205 2680
6 113 2680
23 242 2680
5 207 2680
60 110 2680
25 135 2680
22 157 2680
107 144 2680
125 264 2680
59 124 2680
73 174 2680
62 232 2680
30 116 2680
14 104 2680
5 173 2680
34 156 2680
2 239 2680
7 17 2680
130 144 2680
64 106 2680
105 144 2680
83 203 2680
102 220 2680
32 116 2680
116 260 2680
32 64 2680
