0 1 2720
1 2 2720
2 3 2720
3 4 2720
4 5 2720
5 6 2720
6 7 2720
7 8 2720
8 9 2720
9 10 2720
10 11 2720
11 12 2720
12 13 2720
13 14 2720
14 15 2720
15 16 2720
16 17 2720
17 18 2720
18 19 2720
19 20 2720
20 21 2720
21 22 2720
22 23 2720
23 24 2720
24 25 2720
25 26 2720
26 27 2720
27 28 2720
28 29 2720
29 30 2720
30 31 2720
31 32 2720
32 33 2720
33 34 2720
34 35 2720
35 36 2720
36 37 2720
37 38 2720
38 39 2720
39 40 2720
40 41 2720
41 42 2720
42 43 2720
43 44 2720
44 45 2720
45 46 2720
46 47 2720
47 48 2720
48 49 2720
49 50 2720
50 51 2720
51 52 2720
52 53 2720
53 54 2720
54 55 2720
55 56 2720
56 57 2720
57 58 2720
58 59 2720
59 60 2720
60 61 2720
61 62 2720
62 63 2720
63 64 2720
64 65 2720
65 66 2720
66 67 2720
67 68 2720
68 69 2720
69 70 2720
70 71 2720
71 72 2720
72 73 2720
73 74 2720
74 75 2720
75 76 2720
76 77 2720
77 78 2720
78 79 2720
79 80 2720
80 81 2720
81 82 2720
82 83 2720
83 84 2720
84 85 2720
85 86 2720
86 87 2720
87 88 2720
88 89 2720
89 90 2720
90 91 2720
91 92 2720
92 93 2720
93 94 2720
94 95 2720
95 96 2720
96 97 2720
97 98 2720
98 99 2720
99 100 2720
100 101 2720
101 102 2720
102 103 2720
103 104 2720
104 105 2720
105 106 2720
106 107 2720
107 108 2720
108 109 2720
109 110 2720
110 111 2720
111 112 2720
112 113 2720
113 114 2720
114 115 2720
115 116 2720
116 117 2720
117 118 2720
118 119 2720
119 120 2720
120 121 2720
121 122 2720
122 123 2720
123 124 2720
124 125 2720
125 126 2720
126 127 2720
127 128 2720
128 129 2720
129 130 2720
130 131 2720
131 132 2720
132 133 2720
133 134 2720
134 135 2720
135 136 2720
136 137 2720
137 138 2720
138 139 2720
139 140 2720
140 141 2720
141 142 2720
142 143 2720
143 144 2720
144 145 2720
145 146 2720
146 147 2720
147 148 2720
148 149 2720
149 150 2720
150 151 2720
151 152 2720
152 153 2720
153 154 2720
154 155 2720
155 156 2720
156 157 2720
157 158 2720
158 159 2720
159 160 2720
160 161 2720
161 162 2720
162 163 2720
163 164 2720
164 165 2720
165 166 2720
166 167 2720
167 168 2720
168 169 2720
169 170 2720
170 171 2720
171 172 2720
172 173 2720
173 174 2720
174 175 2720
175 176 2720
176 177 2720
177 178 2720
178 179 2720
179 180 2720
180 181 2720
181 182 2720
182 183 2720
183 184 2720
184 185 2720
185 186 2720
186 187 2720
187 188 2720
188 189 2720
189 190 2720
190 191 2720
191 192 2720
192 193 2720
193 194 2720
194 195 2720
195 196 2720
196 197 2720
197 198 2720
198 199 2720
199 200 2720
200 201 2720
201 202 2720
202 203 2720
203 204 2720
204 205 2720
205 206 2720
206 207 2720
207 208 2720
208 209 2720
209 210 2720
210 211 2720
211 212 2720
212 213 2720
213 214 2720
214 215 2720
215 216 2720
216 217 2720
217 218 2720
218 219 2720
219 220 2720
220 221 2720
221 222 2720
222 223 2720
223 224 2720
224 225 2720
225 226 2720
226 227 2720
227 228 2720
228 229 2720
229 230 2720
230 231 2720
231 232 2720
232 233 2720
233 234 2720
234 235 2720
235 236 2720
236 237 2720
237 238 2720
238 239 2720
239 240 2720
240 241 2720
241 242 2720
242 243 2720
243 244 2720
244 245 2720
245 246 2720
246 247 2720
247 248 2720
248 249 2720
249 250 2720
250 251 2720
251 252 2720
252 253 2720
253 254 2720
254 255 2720
255 256 2720
256 257 2720
257 258 2720
258 259 2720
259 260 2720
260 261 2720
261 262 2720
262 263 2720
263 264 2720
264 265 2720
265 266 2720
266 267 2720
267 268 2720
268 269 2720
269 270 2720
270 271 2720
45 120 2720
10 269 2720
16 102 2720
131 161 2720
32 173 2720
110 202 2720
30 264 2720
135 251 2720
91 105 2720
119 262 2720
0 186 2720
96 228 2720
117 225 2720
99 122 2720
22 257 2720
1 72 2720
112 206 2720
135 160 2720
110 147 2720
98 153 2720
88 175 2720
130 264 2720
112 249 2720
131 187 2720
88 106 2720
110 203 2720
81 259 2720
90 187 2720
90 249 2720
45 118 2720
85 263 2720
9 82 2720
85 119 2720
104 123 2720
118 217 2720
40 94 2720
121 170 2720
72 105 2720
58 108 2720
28 127 2720
130 227 2720
97 176 2720
48 140 2720
78 93 2720
127 130 2720
122 164 2720
29 167 2720
83 85 2720
17 53 2720
29 200 2720
120 205 2720
33 117 2720
26 29 2720
106 207 2720
71 177 2720
14 54 2720
45 88 2720
72 251 2720
62 70 2720
79 83 2720
124 185 2720
100 175 2720
69 261 2720
99 190 2720
109 115 2720
72 180 2720
80 259 2720
96 121 2720
134 269 2720
31 219 2720
131 184 2720
63 208 2720
81 188 2720
27 103 2720
19 147 2720
123 208 2720
70 230 2720
117 126 2720
8 233 2720
46 122 2720
10 167 2720
20 245 2720
70 116 2720
57 209 2720
22 172 2720
133 218 2720
30 239 2720
15 156 2720
53 171 2720
94 144 2720
125 161 2720
0 33 2720
3 185 2720
46 210 2720
40 111 2720
87 188 2720
108 184 2720
24 225 2720
35 159 2720
57 147 2720
74 91 2720
63 122 2720
116 268 2720
134 175 2720
36 215 2720
70 79 2720
132 163 2720
15 220 2720
20 179 2720
88 150 2720
124 129 2720
18 148 2720
67 141 2720
118 241 2720
127 204 2720
12 244 2720
101 220 2720
54 238 2720
74 125 2720
65 208 2720
1 140 2720
66 115 2720
22 171 2720
34 200 2720
62 171 2720
31 244 2720
27 36 2720
101 255 2720
53 57 2720
33 121 2720
117 214 2720
123 247 2720
123 173 2720
97 170 2720
115 181 2720
125 150 2720
76 170 2720
47 134 2720
131 135 2720
103 205 2720
117 258 2720
108 262 2720
109 121 2720
125 229 2720
48 256 2720
37 261 2720
21 29 2720
2 66 2720
39 56 2720
13 214 2720
67 72 2720
21 183 2720
43 218 2720
20 170 2720
69 163 2720
104 207 2720
56 155 2720
101 111 2720
38 202 2720
135 190 2720
47 221 2720
72 126 2720
74 237 2720
50 164 2720
8 190 2720
67 139 2720
107 116 2720
62 130 2720
99 243 2720
80 139 2720
82 124 2720
108 156 2720
10 132 2720
110 154 2720
128 260 2720
27 246 2720
22 147 2720
35 263 2720
28 110 2720
14 179 2720
29 45 2720
5 76 2720
32 264 2720
16 161 2720
135 211 2720
111 202 2720
4 129 2720
16 111 2720
49 68 2720
43 103 2720
128 199 2720
40 51 2720
134 250 2720
112 260 2720
70 269 2720
35 271 2720
113 181 2720
101 142 2720
65 184 2720
18 206 2720
115 172 2720
112 225 2720
107 184 2720
122 135 2720
92 183 2720
44 238 2720
8 27 2720
24 79 2720
121 237 2720
112 235 2720
85 205 2720
109 167 2720
29 229 2720
0 68 2720
44 80 2720
27 245 2720
90 195 2720
41 204 2720
60 115 2720
14 123 2720
3 60 2720
99 201 2720
100 143 2720
48 234 2720
110 198 2720
110 165 2720
34 77 2720
10 256 2720
47 208 2720
109 250 2720
84 221 2720
46 262 2720
53 245 2720
10 105 2720
60 185 2720
44 198 2720
65 141 2720
16 101 2720
83 131 2720
9 51 2720
136 255 2720
131 184 2720
33 212 2720
60 150 2720
135 244 2720
90 131 2720
28 175 2720
133 268 2720
49 69 2720
79 211 2720
100 246 2720
70 117 2720
100 249 2720
136 229 2720
20 246 2720
79 184 2720
82 270 2720
87 125 2720
57 228 2720
49 145 2720
102 271 2720
59 156 2720
37 258 2720
51 54 2720
114 134 2720
84 142 2720
22 156 2720
49 135 2720
131 245 2720
23 75 2720
