0 1 2760
1 2 2760
2 3 2760
3 4 2760
4 5 2760
5 6 2760
6 7 2760
7 8 2760
8 9 2760
9 10 2760
10 11 2760
11 12 2760
12 13 2760
13 14 2760
14 15 2760
15 16 2760
16 17 2760
17 18 2760
18 19 2760
19 20 2760
20 21 2760
21 22 2760
22 23 2760
23 24 2760
24 25 2760
25 26 2760
26 27 2760
27 28 2760
28 29 2760
29 30 2760
30 31 2760
31 32 2760
32 33 2760
33 34 2760
34 35 2760
35 36 2760
36 37 2760
37 38 2760
38 39 2760
39 40 2760
40 41 2760
41 42 2760
42 43 2760
43 44 2760
44 45 2760
45 46 2760
46 47 2760
47 48 2760
48 49 2760
49 50 2760
50 51 2760
51 52 2760
52 53 2760
53 54 2760
54 55 2760
55 56 2760
56 57 2760
57 58 2760
58 59 2760
59 60 2760
60 61 2760
61 62 2760
62 63 2760
63 64 2760
64 65 2760
65 66 2760
66 67 2760
67 68 2760
68 69 2760
69 70 2760
70 71 2760
71 72 2760
72 73 2760
73 74 2760
74 75 2760
75 76 2760
76 77 2760
77 78 2760
78 79 2760
79 80 2760
80 81 2760
81 82 2760
82 83 2760
83 84 2760
84 85 2760
85 86 2760
86 87 2760
87 88 2760
88 89 2760
89 90 2760
90 91 2760
91 92 2760
92 93 2760
93 94 2760
94 95 2760
95 96 2760
96 97 2760
97 98 2760
98 99 2760
99 100 2760
100 101 2760
101 102 2760
102 103 2760
103 104 2760
104 105 2760
105 106 2760
106 107 2760
107 108 2760
108 109 2760
109 110 2760
110 111 2760
111 112 2760
112 113 2760
113 114 2760
114 115 2760
115 116 2760
116 117 2760
117 118 2760
118 119 2760
119 120 2760
120 121 2760
121 122 2760
122 123 2760
123 124 2760
124 125 2760
125 126 2760
126 127 2760
127 128 2760
128 129 2760
129 130 2760
130 131 2760
131 132 2760
132 133 2760
133 134 2760
134 135 2760
135 136 2760
136 137 2760
137 138 2760
138 139 2760
139 140 2760
140 141 2760
141 142 2760
142 143 2760
143 144 2760
144 145 2760
145 146 2760
146 147 2760
147 148 2760
148 149 2760
149 150 2760
150 151 2760
151 152 2760
152 153 2760
153 154 2760
154 155 2760
155 156 2760
156 157 2760
157 158 2760
158 159 2760
159 160 2760
160 161 2760
161 162 2760
162 163 2760
163 164 2760
164 165 2760
165 166 2760
166 167 2760
167 168 2760
168 169 2760
169 170 2760
170 171 2760
171 172 2760
172 173 2760
173 174 2760
174 175 2760
175 176 2760
176 177 2760
177 178 2760
178 179 2760
179 180 2760
180 181 2760
181 182 2760
182 183 2760
183 184 2760
184 185 2760
185 186 2760
186 187 2760
187 188 2760
188 189 2760
189 190 2760
190 191 2760
191 192 2760
192 193 2760
193 194 2760
194 195 2760
195 196 2760
196 197 2760
197 198 2760
198 199 2760
199 200 2760
200 201 2760
201 202 2760
202 203 2760
203 204 2760
204 205 2760
205 206 2760
206 207 2760
207 208 2760
208 209 2760
209 210 2760
210 211 2760
211 212 2760
212 213 2760
213 214 2760
214 215 2760
215 216 2760
216 217 2760
217 218 2760
218 219 2760
219 220 2760
220 221 2760
221 222 2760
222 223 2760
223 224 2760
224 225 2760
225 226 2760
226 227 2760
227 228 2760
228 229 2760
229 230 2760
230 231 2760
231 232 2760
232 233 2760
233 234 2760
234 235 2760
235 236 2760
236 237 2760
237 238 2760
238 239 2760
239 240 2760
240 241 2760
241 242 2760
242 243 2760
243 244 2760
244 245 2760
245 246 2760
246 247 2760
247 248 2760
248 249 2760
249 250 2760
250 251 2760
251 252 2760
252 253 2760
253 254 2760
254 255 2760
255 256 2760
256 257 2760
257 258 2760
258 259 2760
259 260 2760
260 261 2760
261 262 2760
262 263 2760
263 264 2760
264 265 2760
265 266 2760
266 267 2760
267 268 2760
268 269 2760
269 270 2760
270 271 2760
271 272 2760
272 273 2760
273 274 2760
274 275 2760
13 74 2760
49 232 2760
99 267 2760
8 109 2760
115 165 2760
67 256 2760
111 265 2760
13 169 2760
24 152 2760
6 16 2760
134 197 2760
100 138 2760
41 64 2760
50 260 2760
39 260 2760
80 269 2760
32 243 2760
113 120 2760
77 88 2760
23 73 2760
103 250 2760
88 98 2760
38 54 2760
86 195 2760
87 109 2760
117 229 2760
61 272 2760
77 212 2760
1 24 2760
48 185 2760
21 154 2760
16 203 2760
69 132 2760
63 102 2760
102 131 2760
132 170 2760
90 250 2760
96 202 2760
31 100 2760
66 169 2760
83 205 2760
85 210 2760
22 102 2760
132 234 2760
90 264 2760
16 32 2760
49 65 2760
132 157 2760
84 175 2760
123 234 2760
138 142 2760
41 57 2760
128 231 2760
28 57 2760
59 145 2760
0 87 2760
17 170 2760
43 78 2760
84 180 2760
108 268 2760
27 138 2760
137 163 2760
49 212 2760
129 248 2760
53 165 2760
29 38 2760
133 150 2760
55 181 2760
97 116 2760
113 157 2760
64 186 2760
3 191 2760
114 245 2760
110 168 2760
77 215 2760
95 172 2760
108 219 2760
79 255 2760
123 263 2760
116 212 2760
30 127 2760
93 142 2760
133 247 2760
15 210 2760
111 215 2760
98 259 2760
53 243 2760
84 270 2760
129 168 2760
59 132 2760
15 153 2760
44 262 2760
64 233 2760
19 195 2760
110 119 2760
121 179 2760
119 226 2760
55 74 2760
9 158 2760
44 192 2760
104 112 2760
91 207 2760
136 270 2760
55 202 2760
67 141 2760
117 261 2760
132 254 2760
77 174 2760
112 230 2760
97 158 2760
7 99 2760
57 98 2760
6 52 2760
137 187 2760
83 133 2760
14 236 2760
88 259 2760
103 266 2760
37 131 2760
84 246 2760
44 122 2760
101 128 2760
134 247 2760
111 193 2760
31 41 2760
92 135 2760
16 196 2760
59 68 2760
105 155 2760
138 256 2760
0 63 2760
18 186 2760
74 161 2760
25 45 2760
127 233 2760
71 198 2760
85 161 2760
60 198 2760
68 212 2760
117 264 2760
23 105 2760
4 202 2760
79 199 2760
71 93 2760
17 92 2760
10 196 2760
54 116 2760
57 236 2760
112 269 2760
131 245 2760
59 67 2760
107 135 2760
78 119 2760
54 62 2760
105 221 2760
86 129 2760
36 184 2760
98 125 2760
47 192 2760
83 184 2760
34 88 2760
8 150 2760
22 133 2760
61 233 2760
120 233 2760
120 208 2760
136 256 2760
59 185 2760
100 188 2760
113 222 2760
93 154 2760
45 47 2760
116 190 2760
138 160 2760
50 144 2760
94 152 2760
83 135 2760
63 227 2760
43 261 2760
123 151 2760
55 155 2760
26 106 2760
138 140 2760
9 45 2760
7 269 2760
26 59 2760
136 246 2760
66 129 2760
19 142 2760
22 183 2760
128 257 2760
21 223 2760
17 119 2760
110 163 2760
131 173 2760
112 131 2760
34 150 2760
107 152 2760
85 142 2760
123 241 2760
60 197 2760
60 247 2760
118 136 2760
70 142 2760
1 196 2760
57 149 2760
54 193 2760
76 187 2760
92 216 2760
25 35 2760
14 180 2760
117 157 2760
3 98 2760
109 251 2760
132 169 2760
96 104 2760
129 238 2760
21 154 2760
5 132 2760
13 191 2760
32 145 2760
36 183 2760
13 29 2760
99 188 2760
131 173 2760
109 130 2760
126 175 2760
19 187 2760
73 87 2760
72 130 2760
71 155 2760
11 30 2760
94 209 2760
70 191 2760
122 147 2760
135 144 2760
52 259 2760
64 273 2760
133 174 2760
30 198 2760
4 97 2760
90 121 2760
108 171 2760
121 150 2760
11 145 2760
131 244 2760
33 61 2760
83 107 2760
21 125 2760
61 183 2760
80 156 2760
108 222 2760
38 109 2760
53 261 2760
137 164 2760
93 234 2760
82 224 2760
30 245 2760
42 118 2760
89 131 2760
55 161 2760
69 182 2760
93 137 2760
124 132 2760
77 230 2760
119 222 2760
43 199 2760
19 54 2760
7 253 2760
27 50 2760
138 153 2760
19 55 2760
130 149 2760
12 138 2760
95 197 2760
