0 1 2800
1 2 2800
2 3 2800
3 4 2800
4 5 2800
5 6 2800
6 7 2800
7 8 2800
8 9 2800
9 10 2800
10 11 2800
11 12 2800
12 13 2800
13 14 2800
14 15 2800
15 16 2800
16 17 2800
17 18 2800
18 19 2800
19 20 2800
20 21 2800
21 22 2800
22 23 2800
23 24 2800
24 25 2800
25 26 2800
26 27 2800
27 28 2800
28 29 2800
29 30 2800
30 31 2800
31 32 2800
32 33 2800
33 34 2800
34 35 2800
35 36 2800
36 37 2800
37 38 2800
38 39 2800
39 40 2800
40 41 2800
41 42 2800
42 43 2800
43 44 2800
44 45 2800
45 46 2800
46 47 2800
47 48 2800
48 49 2800
49 50 2800
50 51 2800
51 52 2800
52 53 2800
53 54 2800
54 55 2800
55 56 2800
56 57 2800
57 58 2800
58 59 2800
59 60 2800
60 61 2800
61 62 2800
62 63 2800
63 64 2800
64 65 2800
65 66 2800
66 67 2800
67 68 2800
68 69 2800
69 70 2800
70 71 2800
71 72 2800
72 73 2800
73 74 2800
74 75 2800
75 76 2800
76 77 2800
77 78 2800
78 79 2800
79 80 2800
80 81 2800
81 82 2800
82 83 2800
83 84 2800
84 85 2800
85 86 2800
86 87 2800
87 88 2800
88 89 2800
89 90 2800
90 91 2800
91 92 2800
92 93 2800
93 94 2800
94 95 2800
95 96 2800
96 97 2800
97 98 2800
98 99 2800
99 100 2800
100 101 2800
101 102 2800
102 103 2800
103 104 2800
104 105 2800
105 106 2800
106 107 2800
107 108 2800
108 109 2800
109 110 2800
110 111 2800
111 112 2800
112 113 2800
113 114 2800
114 115 2800
115 116 2800
116 117 2800
117 118 2800
118 119 2800
119 120 2800
120 121 2800
121 122 2800
122 123 2800
123 124 2800
124 125 2800
125 126 2800
126 127 2800
127 128 2800
128 129 2800
129 130 2800
130 131 2800
131 132 2800
132 133 2800
133 134 2800
134 135 2800
135 136 2800
136 137 2800
137 138 2800
138 139 2800
139 140 2800
140 141 2800
141 142 2800
142 143 2800
143 144 2800
144 145 2800
145 146 2800
146 147 2800
147 148 2800
148 149 2800
149 150 2800
150 151 2800
151 152 2800
152 153 2800
153 154 2800
154 155 2800
155 156 2800
156 157 2800
157 158 2800
158 159 2800
159 160 2800
160 161 2800
161 162 2800
162 163 2800
163 164 2800
164 165 2800
165 166 2800
166 167 2800
167 168 2800
168 169 2800
169 170 2800
170 171 2800
171 172 2800
172 173 2800
173 174 2800
174 175 2800
175 176 2800
176 177 2800
177 178 2800
178 179 2800
179 180 2800
180 181 2800
181 182 2800
182 183 2800
183 184 2800
184 185 2800
185 186 2800
186 187 2800
187 188 2800
188 189 2800
189 190 2800
190 191 2800
191 192 2800
192 193 2800
193 194 2800
194 195 2800
195 196 2800
196 197 2800
197 198 2800
198 199 2800
199 200 2800
200 201 2800
201 202 2800
202 203 2800
203 204 2800
204 205 2800
205 206 2800
206 207 2800
207 208 2800
208 209 2800
209 210 2800
210 211 2800
211 212 2800
212 213 2800
213 214 2800
214 215 2800
215 216 2800
216 217 2800
217 218 2800
218 219 2800
219 220 2800
220 221 2800
221 222 2800
222 223 2800
223 224 2800
224 225 2800
225 226 2800
226 227 2800
227 228 2800
228 229 2800
229 230 2800
230 231 2800
231 232 2800
232 233 2800
233 234 2800
234 235 2800
235 236 2800
236 237 2800
237 238 2800
238 239 2800
239 240 2800
240 241 2800
241 242 2800
242 243 2800
243 244 2800
244 245 2800
245 246 2800
246 247 2800
247 248 2800
248 249 2800
249 250 2800
250 251 2800
251 252 2800
252 253 2800
253 254 2800
254 255 2800
255 256 2800
256 257 2800
257 258 2800
258 259 2800
259 260 2800
260 261 2800
261 262 2800
262 263 2800
263 264 2800
264 265 2800
265 266 2800
266 267 2800
267 268 2800
268 269 2800
269 270 2800
270 271 2800
271 272 2800
272 273 2800
273 274 2800
274 275 2800
275 276 2800
276 277 2800
277 278 2800
278 279 2800
77 87 2800
23 94 2800
87 238 2800
125 238 2800
132 210 2800
116 134 2800
86 90 2800
92 226 2800
94 215 2800
49 83 2800
112 117 2800
97 260 2800
60 102 2800
119 148 2800
27 279 2800
9 103 2800
117 238 2800
35 188 2800
81 110 2800
116 135 2800
28 123 2800
76 225 2800
139 176 2800
108 178 2800
136 174 2800
51 259 2800
93 225 2800
111 200 2800
50 240 2800
8 273 2800
69 256 2800
62 132 2800
14 46 2800
61 131 2800
43 82 2800
117 152 2800
10 85 2800
56 211 2800
97 202 2800
101 249 2800
124 227 2800
138 147 2800
12 32 2800
135 270 2800
131 151 2800
118 258 2800
66 268 2800
55 247 2800
41 183 2800
5 251 2800
97 170 2800
139 249 2800
81 100 2800
8 258 2800
104 176 2800
5 14 2800
88 261 2800
132 193 2800
42 174 2800
32 192 2800
49 248 2800
105 255 2800
60 176 2800
27 80 2800
1 187 2800
133 184 2800
100 104 2800
46 141 2800
100 169 2800
111 179 2800
80 231 2800
74 213 2800
0 153 2800
74 100 2800
127 232 2800
32 80 2800
113 123 2800
32 120 2800
25 51 2800
114 154 2800
14 162 2800
123 246 2800
69 232 2800
45 241 2800
94 203 2800
79 198 2800
43 259 2800
26 76 2800
63 206 2800
126 186 2800
112 230 2800
55 254 2800
79 189 2800
137 178 2800
73 251 2800
109 238 2800
138 265 2800
127 243 2800
41 203 2800
72 278 2800
94 133 2800
105 187 2800
20 111 2800
2 179 2800
115 125 2800
47 236 2800
25 111 2800
8 65 2800
121 176 2800
73 84 2800
53 171 2800
83 237 2800
98 107 2800
48 135 2800
61 228 2800
61 69 2800
20 143 2800
24 91 2800
83 194 2800
25 129 2800
97 216 2800
80 174 2800
78 140 2800
3 119 2800
52 215 2800
64 271 2800
93 166 2800
65 79 2800
1 205 2800
5 66 2800
50 245 2800
77 237 2800
67 129 2800
25 112 2800
79 134 2800
37 272 2800
31 250 2800
138 231 2800
140 187 2800
81 234 2800
136 149 2800
35 72 2800
50 198 2800
10 130 2800
99 187 2800
34 243 2800
26 201 2800
55 157 2800
59 140 2800
58 125 2800
110 269 2800
48 229 2800
51 128 2800
53 112 2800
91 193 2800
93 229 2800
85 100 2800
133 278 2800
130 255 2800
55 218 2800
4 268 2800
26 49 2800
62 106 2800
78 113 2800
26 185 2800
111 231 2800
123 263 2800
29 264 2800
68 170 2800
23 257 2800
33 61 2800
84 87 2800
140 278 2800
4 96 2800
99 163 2800
42 256 2800
56 188 2800
138 165 2800
11 102 2800
54 196 2800
20 105 2800
129 200 2800
20 171 2800
130 273 2800
50 107 2800
30 90 2800
53 109 2800
5 145 2800
103 179 2800
60 150 2800
106 145 2800
133 248 2800
59 114 2800
106 212 2800
117 227 2800
13 61 2800
77 236 2800
75 235 2800
3 257 2800
87 252 2800
125 243 2800
86 156 2800
140 259 2800
127 208 2800
20 27 2800
77 106 2800
25 54 2800
39 231 2800
63 221 2800
66 253 2800
85 221 2800
127 129 2800
55 200 2800
78 190 2800
73 248 2800
111 227 2800
81 141 2800
34 160 2800
23 218 2800
28 272 2800
69 143 2800
3 183 2800
134 239 2800
82 201 2800
116 138 2800
73 99 2800
57 267 2800
80 115 2800
40 265 2800
109 225 2800
106 192 2800
138 215 2800
68 199 2800
134 276 2800
103 157 2800
103 270 2800
136 257 2800
131 146 2800
136 155 2800
86 96 2800
136 251 2800
76 151 2800
31 224 2800
14 236 2800
60 117 2800
33 183 2800
89 195 2800
21 107 2800
75 211 2800
6 220 2800
71 98 2800
98 170 2800
94 227 2800
89 223 2800
122 130 2800
50 109 2800
131 232 2800
2 111 2800
108 165 2800
62 145 2800
109 248 2800
96 196 2800
80 84 2800
101 208 2800
63 88 2800
98 195 2800
118 141 2800
82 107 2800
0 171 2800
83 105 2800
51 218 2800
52 259 2800
95 191 2800
109 250 2800
1 56 2800
84 173 2800
