0 1 2840
1 2 2840
2 3 2840
3 4 2840
4 5 2840
5 6 2840
6 7 2840
7 8 2840
8 9 2840
9 10 2840
10 11 2840
11 12 2840
12 13 2840
13 14 2840
14 15 2840
15 16 2840
16 17 2840
17 18 2840
18 19 2840
19 20 2840
20 21 2840
21 22 2840
22 23 2840
23 24 2840
24 25 2840
25 26 2840
26 27 2840
27 28 2840
28 29 2840
29 30 2840
30 31 2840
31 32 2840
32 33 2840
33 34 2840
34 35 2840
35 36 2840
36 37 2840
37 38 2840
38 39 2840
39 40 2840
40 41 2840
41 42 2840
42 43 2840
43 44 2840
44 45 2840
45 46 2840
46 47 2840
47 48 2840
48 49 2840
49 50 2840
50 51 2840
51 52 2840
52 53 2840
53 54 2840
54 55 2840
55 56 2840
56 57 2840
57 58 2840
58 59 2840
59 60 2840
60 61 2840
61 62 2840
62 63 2840
63 64 2840
64 65 2840
65 66 2840
66 67 2840
67 68 2840
68 69 2840
69 70 2840
70 71 2840
71 72 2840
72 73 2840
73 74 2840
74 75 2840
75 76 2840
76 77 2840
77 78 2840
78 79 2840
79 80 2840
80 81 2840
81 82 2840
82 83 2840
83 84 2840
84 85 2840
85 86 2840
86 87 2840
87 88 2840
88 89 2840
89 90 2840
90 91 2840
91 92 2840
92 93 2840
93 94 2840
94 95 2840
95 96 2840
96 97 2840
97 98 2840
98 99 2840
99 100 2840
100 101 2840
101 102 2840
102 103 2840
103 104 2840
104 105 2840
105 106 2840
106 107 2840
107 108 2840
108 109 2840
109 110 2840
110 111 2840
111 112 2840
112 113 2840
113 114 2840
114 115 2840
115 116 2840
116 117 2840
117 118 2840
118 119 2840
119 120 2840
120 121 2840
121 122 2840
122 123 2840
123 124 2840
124 125 2840
125 126 2840
126 127 2840
127 128 2840
128 129 2840
129 130 2840
130 131 2840
131 132 2840
132 133 2840
133 134 2840
134 135 2840
135 136 2840
136 137 2840
137 138 2840
138 139 2840
139 140 2840
140 141 2840
141 142 2840
142 143 2840
143 144 2840
144 145 2840
145 146 2840
146 147 2840
147 148 2840
148 149 2840
149 150 2840
150 151 2840
151 152 2840
152 153 2840
153 154 2840
154 155 2840
155 156 2840
156 157 2840
157 158 2840
158 159 2840
159 160 2840
160 161 2840
161 162 2840
162 163 2840
163 164 2840
164 165 2840
165 166 2840
166 167 2840
167 168 2840
168 169 2840
169 170 2840
170 171 2840
171 172 2840
172 173 2840
173 174 2840
174 175 2840
175 176 2840
176 177 2840
177 178 2840
178 179 2840
179 180 2840
180 181 2840
181 182 2840
182 183 2840
183 184 2840
184 185 2840
185 186 2840
186 187 2840
187 188 2840
188 189 2840
189 190 2840
190 191 2840
191 192 2840
192 193 2840
193 194 2840
194 195 2840
195 196 2840
196 197 2840
197 198 2840
198 199 2840
199 200 2840
200 201 2840
201 202 2840
202 203 2840
203 204 2840
204 205 2840
205 206 2840
206 207 2840
207 208 2840
208 209 2840
209 210 2840
210 211 2840
211 212 2840
212 213 2840
213 214 2840
214 215 2840
215 216 2840
216 217 2840
217 218 2840
218 219 2840
219 220 2840
220 221 2840
221 222 2840
222 223 2840
223 224 2840
224 225 2840
225 226 2840
226 227 2840
227 228 2840
228 229 2840
229 230 2840
230 231 2840
231 232 2840
232 233 2840
233 234 2840
234 235 2840
235 236 2840
236 237 2840
237 238 2840
238 239 2840
239 240 2840
240 241 2840
241 242 2840
242 243 2840
243 244 2840
244 245 2840
245 246 2840
246 247 2840
247 248 2840
248 249 2840
249 250 2840
250 251 2840
251 252 2840
252 253 2840
253 254 2840
254 255 2840
255 256 2840
256 257 2840
257 258 2840
258 259 2840
259 260 2840
260 261 2840
261 262 2840
262 263 2840
263 264 2840
264 265 2840
265 266 2840
266 267 2840
267 268 2840
268 269 2840
269 270 2840
270 271 2840
271 272 2840
272 273 2840
273 274 2840
274 275 2840
275 276 2840
276 277 2840
277 278 2840
278 279 2840
279 280 2840
280 281 2840
281 282 2840
282 283 2840
26 145 2840
27 230 2840
16 269 2840
36 71 2840
123 283 2840
30 53 2840
20 37 2840
135 227 2840
122 154 2840
57 113 2840
21 50 2840
3 62 2840
8 263 2840
3 256 2840
66 195 2840
105 122 2840
68 199 2840
18 20 2840
59 258 2840
2 160 2840
64 183 2840
22 188 2840
81 179 2840
58 222 2840
15 260 2840
128 242 2840
52 105 2840
141 241 2840
27 48 2840
93 250 2840
17 277 2840
65 248 2840
73 192 2840
114 189 2840
98 234 2840
44 121 2840
51 283 2840
104 236 2840
134 171 2840
41 85 2840
9 259 2840
109 171 2840
115 166 2840
38 198 2840
25 176 2840
44 75 2840
83 189 2840
124 189 2840
65 230 2840
131 181 2840
35 180 2840
24 223 2840
50 163 2840
86 88 2840
116 118 2840
126 177 2840
45 54 2840
101 177 2840
22 55 2840
101 247 2840
31 126 2840
109 169 2840
42 63 2840
26 120 2840
126 203 2840
88 111 2840
124 227 2840
54 266 2840
83 225 2840
25 259 2840
119 202 2840
31 192 2840
57 187 2840
78 252 2840
88 104 2840
133 252 2840
10 40 2840
116 213 2840
62 247 2840
17 39 2840
136 233 2840
46 236 2840
33 255 2840
36 214 2840
23 240 2840
32 172 2840
48 264 2840
49 85 2840
125 169 2840
116 169 2840
42 80 2840
61 234 2840
61 267 2840
51 56 2840
12 92 2840
131 235 2840
71 141 2840
96 241 2840
94 275 2840
74 153 2840
85 139 2840
118 212 2840
115 260 2840
48 213 2840
109 139 2840
58 135 2840
18 118 2840
124 235 2840
56 196 2840
71 197 2840
36 45 2840
19 100 2840
20 35 2840
130 238 2840
20 83 2840
46 192 2840
89 122 2840
113 216 2840
102 193 2840
109 176 2840
99 232 2840
9 230 2840
100 165 2840
55 152 2840
137 279 2840
75 134 2840
2 196 2840
60 205 2840
61 101 2840
84 125 2840
136 262 2840
132 138 2840
68 86 2840
33 258 2840
123 172 2840
132 160 2840
47 127 2840
26 93 2840
7 128 2840
35 190 2840
44 114 2840
22 41 2840
34 51 2840
10 24 2840
101 219 2840
24 205 2840
34 202 2840
141 195 2840
119 190 2840
81 253 2840
47 179 2840
63 81 2840
27 220 2840
23 93 2840
17 119 2840
43 179 2840
87 252 2840
19 252 2840
75 278 2840
105 148 2840
23 72 2840
109 243 2840
100 263 2840
3 248 2840
94 133 2840
117 265 2840
132 280 2840
132 142 2840
10 82 2840
92 227 2840
142 183 2840
0 93 2840
66 278 2840
108 194 2840
130 195 2840
66 136 2840
68 274 2840
73 258 2840
79 166 2840
61 76 2840
128 154 2840
83 147 2840
75 188 2840
8 155 2840
123 279 2840
65 259 2840
107 231 2840
36 132 2840
103 162 2840
30 236 2840
97 216 2840
114 209 2840
80 204 2840
11 266 2840
39 233 2840
9 72 2840
119 191 2840
113 205 2840
16 269 2840
20 251 2840
1 130 2840
128 269 2840
130 167 2840
46 264 2840
41 225 2840
71 122 2840
37 275 2840
118 132 2840
129 256 2840
122 172 2840
69 244 2840
114 240 2840
119 157 2840
11 239 2840
22 270 2840
123 282 2840
106 139 2840
134 201 2840
59 105 2840
125 258 2840
120 257 2840
3 84 2840
86 172 2840
121 166 2840
64 158 2840
62 235 2840
79 212 2840
90 250 2840
25 110 2840
78 249 2840
93 208 2840
53 123 2840
74 270 2840
7 260 2840
9 140 2840
72 273 2840
103 126 2840
136 234 2840
5 85 2840
130 236 2840
141 262 2840
5 43 2840
16 237 2840
41 60 2840
103 212 2840
95 217 2840
14 267 2840
35 172 2840
102 133 2840
52 167 2840
120 263 2840
28 202 2840
125 166 2840
137 263 2840
23 33 2840
114 161 2840
32 104 2840
107 224 2840
71 268 2840
88 124 2840
130 188 2840
129 179 2840
27 140 2840
94 242 2840
34 251 2840
102 116 2840
77 222 2840
55 237 2840
89 121 2840
76 213 2840
6 173 2840
4 276 2840
18 53 2840
120 255 2840
127 228 2840
52 223 2840
79 260 2840
118 254 2840
126 218 2840
80 202 2840
87 250 2840
94 274 2840
