0 1 2880
1 2 2880
2 3 2880
3 4 2880
4 5 2880
5 6 2880
6 7 2880
7 8 2880
8 9 2880
9 10 2880
10 11 2880
11 12 2880
12 13 2880
13 14 2880
14 15 2880
15 16 2880
16 17 2880
17 18 2880
18 19 2880
19 20 2880
20 21 2880
21 22 2880
22 23 2880
23 24 2880
24 25 2880
25 26 2880
26 27 2880
27 28 2880
28 29 2880
29 30 2880
30 31 2880
31 32 2880
32 33 2880
33 34 2880
34 35 2880
35 36 2880
36 37 2880
37 38 2880
38 39 2880
39 40 2880
40 41 2880
41 42 2880
42 43 2880
43 44 2880
44 45 2880
45 46 2880
46 47 2880
47 48 2880
48 49 2880
49 50 2880
50 51 2880
51 52 2880
52 53 2880
53 54 2880
54 55 2880
55 56 2880
56 57 2880
57 58 2880
58 59 2880
59 60 2880
60 61 2880
61 62 2880
62 63 2880
63 64 2880
64 65 2880
65 66 2880
66 67 2880
67 68 2880
68 69 2880
69 70 2880
70 71 2880
71 72 2880
72 73 2880
73 74 2880
74 75 2880
75 76 2880
76 77 2880
77 78 2880
78 79 2880
79 80 2880
80 81 2880
81 82 2880
82 83 2880
83 84 2880
84 85 2880
85 86 2880
86 87 2880
87 88 2880
88 89 2880
89 90 2880
90 91 2880
91 92 2880
92 93 2880
93 94 2880
94 95 2880
95 96 2880
96 97 2880
97 98 2880
98 99 2880
99 100 2880
100 101 2880
101 102 2880
102 103 2880
103 104 2880
104 105 2880
105 106 2880
106 107 2880
107 108 2880
108 109 2880
109 110 2880
110 111 2880
111 112 2880
112 113 2880
113 114 2880
114 115 2880
115 116 2880
116 117 2880
117 118 2880
118 119 2880
119 120 2880
120 121 2880
121 122 2880
122 123 2880
123 124 2880
124 125 2880
125 126 2880
126 127 2880
127 128 2880
128 129 2880
129 130 2880
130 131 2880
131 132 2880
132 133 2880
133 134 2880
134 135 2880
135 136 2880
136 137 2880
137 138 2880
138 139 2880
139 140 2880
140 141 2880
141 142 2880
142 143 2880
143 144 2880
144 145 2880
145 146 2880
146 147 2880
147 148 2880
148 149 2880
149 150 2880
150 151 2880
151 152 2880
152 153 2880
153 154 2880
154 155 2880
155 156 2880
156 157 2880
157 158 2880
158 159 2880
159 160 2880
160 161 2880
161 162 2880
162 163 2880
163 164 2880
164 165 2880
165 166 2880
166 167 2880
167 168 2880
168 169 2880
169 170 2880
170 171 2880
171 172 2880
172 173 2880
173 174 2880
174 175 2880
175 176 2880
176 177 2880
177 178 2880
178 179 2880
179 180 2880
180 181 2880
181 182 2880
182 183 2880
183 184 2880
184 185 2880
185 186 2880
186 187 2880
187 188 2880
188 189 2880
189 190 2880
190 191 2880
191 192 2880
192 193 2880
193 194 2880
194 195 2880
195 196 2880
196 197 2880
197 198 2880
198 199 2880
199 200 2880
200 201 2880
201 202 2880
202 203 2880
203 204 2880
204 205 2880
205 206 2880
206 207 2880
207 208 2880
208 209 2880
209 210 2880
210 211 2880
211 212 2880
212 213 2880
213 214 2880
214 215 2880
215 216 2880
216 217 2880
217 218 2880
218 219 2880
219 220 2880
220 221 2880
221 222 2880
222 223 2880
223 224 2880
224 225 2880
225 226 2880
226 227 2880
227 228 2880
228 229 2880
229 230 2880
230 231 2880
231 232 2880
232 233 2880
233 234 2880
234 235 2880
235 236 2880
236 237 2880
237 238 2880
238 239 2880
239 240 2880
240 241 2880
241 242 2880
242 243 2880
243 244 2880
244 245 2880
245 246 2880
246 247 2880
247 248 2880
248 249 2880
249 250 2880
250 251 2880
251 252 2880
252 253 2880
253 254 2880
254 255 2880
255 256 2880
256 257 2880
257 258 2880
258 259 2880
259 260 2880
260 261 2880
261 262 2880
262 263 2880
263 264 2880
264 265 2880
265 266 2880
266 267 2880
267 268 2880
268 269 2880
269 270 2880
270 271 2880
271 272 2880
272 273 2880
273 274 2880
274 275 2880
275 276 2880
276 277 2880
277 278 2880
278 279 2880
279 280 2880
280 281 2880
281 282 2880
282 283 2880
283 284 2880
284 285 2880
285 286 2880
286 287 2880
98 134 2880
115 259 2880
4 7 2880
121 172 2880
126 246 2880
89 187 2880
5 84 2880
44 107 2880
9 39 2880
77 169 2880
136 157 2880
38 231 2880
35 181 2880
111 232 2880
86 226 2880
95 267 2880
34 236 2880
42 70 2880
67 132 2880
108 164 2880
131 256 2880
94 132 2880
140 221 2880
25 63 2880
66 276 2880
91 132 2880
130 212 2880
77 155 2880
28 219 2880
32 204 2880
99 258 2880
70 237 2880
37 96 2880
60 250 2880
80 103 2880
93 168 2880
8 99 2880
58 229 2880
60 252 2880
35 162 2880
71 145 2880
86 199 2880
20 139 2880
37 185 2880
139 273 2880
94 173 2880
107 183 2880
57 67 2880
114 194 2880
38 126 2880
103 170 2880
21 169 2880
132 200 2880
87 208 2880
72 74 2880
112 214 2880
2 92 2880
85 130 2880
21 77 2880
19 37 2880
125 221 2880
27 260 2880
25 216 2880
38 76 2880
33 173 2880
105 165 2880
4 170 2880
138 251 2880
142 246 2880
23 249 2880
58 263 2880
110 236 2880
132 144 2880
2 228 2880
69 91 2880
141 253 2880
111 149 2880
66 225 2880
37 247 2880
77 176 2880
123 208 2880
121 187 2880
116 165 2880
130 145 2880
24 125 2880
55 239 2880
49 162 2880
123 210 2880
37 194 2880
98 160 2880
144 258 2880
63 196 2880
18 176 2880
140 223 2880
76 181 2880
4 124 2880
104 176 2880
124 207 2880
27 90 2880
85 206 2880
3 276 2880
131 165 2880
68 74 2880
132 275 2880
94 158 2880
114 191 2880
100 122 2880
95 158 2880
54 250 2880
139 275 2880
39 44 2880
131 233 2880
104 172 2880
0 90 2880
43 71 2880
90 102 2880
16 227 2880
77 173 2880
77 92 2880
94 203 2880
116 177 2880
21 227 2880
108 221 2880
95 154 2880
77 226 2880
21 274 2880
24 108 2880
136 174 2880
8 104 2880
36 233 2880
11 129 2880
48 131 2880
48 214 2880
71 176 2880
116 215 2880
1 228 2880
52 252 2880
139 165 2880
116 181 2880
64 151 2880
36 142 2880
16 125 2880
42 144 2880
138 180 2880
92 187 2880
18 72 2880
97 200 2880
125 177 2880
126 129 2880
40 160 2880
34 54 2880
104 177 2880
27 176 2880
30 228 2880
3 124 2880
6 236 2880
88 213 2880
68 272 2880
48 267 2880
7 261 2880
130 271 2880
88 177 2880
36 269 2880
75 91 2880
124 155 2880
15 43 2880
60 149 2880
17 176 2880
13 197 2880
100 117 2880
29 149 2880
50 170 2880
3 204 2880
83 203 2880
98 150 2880
1 11 2880
18 56 2880
111 243 2880
19 135 2880
108 173 2880
132 167 2880
116 178 2880
49 270 2880
140 174 2880
80 211 2880
122 182 2880
75 124 2880
5 32 2880
128 132 2880
20 246 2880
69 97 2880
68 131 2880
121 156 2880
26 88 2880
113 137 2880
8 30 2880
58 250 2880
115 186 2880
29 46 2880
41 66 2880
97 216 2880
98 111 2880
139 151 2880
116 179 2880
51 212 2880
37 275 2880
101 188 2880
33 276 2880
27 230 2880
30 115 2880
10 223 2880
21 137 2880
132 154 2880
17 111 2880
103 131 2880
27 105 2880
123 230 2880
135 227 2880
114 262 2880
82 248 2880
99 144 2880
132 257 2880
9 180 2880
115 242 2880
73 118 2880
6 132 2880
69 278 2880
34 93 2880
23 217 2880
60 152 2880
76 152 2880
79 229 2880
30 179 2880
28 32 2880
110 234 2880
100 244 2880
38 170 2880
7 50 2880
100 280 2880
77 172 2880
124 194 2880
139 168 2880
139 168 2880
79 265 2880
76 78 2880
76 189 2880
144 218 2880
22 177 2880
90 99 2880
47 219 2880
87 252 2880
21 199 2880
69 190 2880
8 98 2880
120 187 2880
67 284 2880
27 161 2880
101 178 2880
86 95 2880
104 127 2880
0 118 2880
119 138 2880
94 271 2880
130 220 2880
48 151 2880
7 33 2880
94 209 2880
132 256 2880
95 235 2880
139 242 2880
15 211 2880
120 199 2880
129 217 2880
113 133 2880
94 216 2880
100 273 2880
96 190 2880
47 59 2880
5 192 2880
57 84 2880
90 168 2880
111 184 2880
30 229 2880
