0 1 2920
1 2 2920
2 3 2920
3 4 2920
4 5 2920
5 6 2920
6 7 2920
7 8 2920
8 9 2920
9 10 2920
10 11 2920
11 12 2920
12 13 2920
13 14 2920
14 15 2920
15 16 2920
16 17 2920
17 18 2920
18 19 2920
19 20 2920
20 21 2920
21 22 2920
22 23 2920
23 24 2920
24 25 2920
25 26 2920
26 27 2920
27 28 2920
28 29 2920
29 30 2920
30 31 2920
31 32 2920
32 33 2920
33 34 2920
34 35 2920
35 36 2920
36 37 2920
37 38 2920
38 39 2920
39 40 2920
40 41 2920
41 42 2920
42 43 2920
43 44 2920
44 45 2920
45 46 2920
46 47 2920
47 48 2920
48 49 2920
49 50 2920
50 51 2920
51 52 2920
52 53 2920
53 54 2920
54 55 2920
55 56 2920
56 57 2920
57 58 2920
58 59 2920
59 60 2920
60 61 2920
61 62 2920
62 63 2920
63 64 2920
64 65 2920
65 66 2920
66 67 2920
67 68 2920
68 69 2920
69 70 2920
70 71 2920
71 72 2920
72 73 2920
73 74 2920
74 75 2920
75 76 2920
76 77 2920
77 78 2920
78 79 2920
79 80 2920
80 81 2920
81 82 2920
82 83 2920
83 84 2920
84 85 2920
85 86 2920
86 87 2920
87 88 2920
88 89 2920
89 90 2920
90 91 2920
91 92 2920
92 93 2920
93 94 2920
94 95 2920
95 96 2920
96 97 2920
97 98 2920
98 99 2920
99 100 2920
100 101 2920
101 102 2920
102 103 2920
103 104 2920
104 105 2920
105 106 2920
106 107 2920
107 108 2920
108 109 2920
109 110 2920
110 111 2920
111 112 2920
112 113 2920
113 114 2920
114 115 2920
115 116 2920
116 117 2920
117 118 2920
118 119 2920
119 120 2920
120 121 2920
121 122 2920
122 123 2920
123 124 2920
124 125 2920
125 126 2920
126 127 2920
127 128 2920
128 129 2920
129 130 2920
130 131 2920
131 132 2920
132 133 2920
133 134 2920
134 135 2920
135 136 2920
136 137 2920
137 138 2920
138 139 2920
139 140 2920
140 141 2920
141 142 2920
142 143 2920
143 144 2920
144 145 2920
145 146 2920
146 147 2920
147 148 2920
148 149 2920
149 150 2920
150 151 2920
151 152 2920
152 153 2920
153 154 2920
154 155 2920
155 156 2920
156 157 2920
157 158 2920
158 159 2920
159 160 2920
160 161 2920
161 162 2920
162 163 2920
163 164 2920
164 165 2920
165 166 2920
166 167 2920
167 168 2920
168 169 2920
169 170 2920
170 171 2920
171 172 2920
172 173 2920
173 174 2920
174 175 2920
175 176 2920
176 177 2920
177 178 2920
178 179 2920
179 180 2920
180 181 2920
181 182 2920
182 183 2920
183 184 2920
184 185 2920
185 186 2920
186 187 2920
187 188 2920
188 189 2920
189 190 2920
190 191 2920
191 192 2920
192 193 2920
193 194 2920
194 195 2920
195 196 2920
196 197 2920
197 198 2920
198 199 2920
199 200 2920
200 201 2920
201 202 2920
202 203 2920
203 204 2920
204 205 2920
205 206 2920
206 207 2920
207 208 2920
208 209 2920
209 210 2920
210 211 2920
211 212 2920
212 213 2920
213 214 2920
214 215 2920
215 216 2920
216 217 2920
217 218 2920
218 219 2920
219 220 2920
220 221 2920
221 222 2920
222 223 2920
223 224 2920
224 225 2920
225 226 2920
226 227 2920
227 228 2920
228 229 2920
229 230 2920
230 231 2920
231 232 2920
232 233 2920
233 234 2920
234 235 2920
235 236 2920
236 237 2920
237 238 2920
238 239 2920
239 240 2920
240 241 2920
241 242 2920
242 243 2920
243 244 2920
244 245 2920
245 246 2920
246 247 2920
247 248 2920
248 249 2920
249 250 2920
250 251 2920
251 252 2920
252 253 2920
253 254 2920
254 255 2920
255 256 2920
256 257 2920
257 258 2920
258 259 2920
259 260 2920
260 261 2920
261 262 2920
262 263 2920
263 264 2920
264 265 2920
265 266 2920
266 267 2920
267 268 2920
268 269 2920
269 270 2920
270 271 2920
271 272 2920
272 273 2920
273 274 2920
274 275 2920
275 276 2920
276 277 2920
277 278 2920
278 279 2920
279 280 2920
280 281 2920
281 282 2920
282 283 2920
283 284 2920
284 285 2920
285 286 2920
286 287 2920
287 288 2920
288 289 2920
289 290 2920
290 291 2920
35 133 2920
123 232 2920
84 245 2920
72 253 2920
132 222 2920
140 160 2920
76 276 2920
57 155 2920
88 283 2920
18 97 2920
76 244 2920
50 157 2920
9 130 2920
10 98 2920
123 212 2920
102 244 2920
145 162 2920
18 109 2920
0 41 2920
48 191 2920
59 154 2920
70 239 2920
63 139 2920
145 240 2920
133 143 2920
4 176 2920
125 248 2920
27 241 2920
133 278 2920
70 230 2920
96 282 2920
82 223 2920
85 255 2920
101 258 2920
38 133 2920
106 232 2920
56 115 2920
44 255 2920
83 178 2920
2 8 2920
33 256 2920
43 158 2920
136 152 2920
99 165 2920
126 178 2920
105 177 2920
4 266 2920
41 122 2920
50 273 2920
137 218 2920
12 151 2920
143 273 2920
57 207 2920
18 75 2920
102 173 2920
56 250 2920
140 262 2920
90 190 2920
81 270 2920
17 123 2920
12 138 2920
49 110 2920
144 204 2920
129 154 2920
30 255 2920
81 193 2920
73 93 2920
81 86 2920
118 262 2920
33 198 2920
76 138 2920
125 251 2920
31 99 2920
47 130 2920
72 108 2920
113 151 2920
60 149 2920
57 229 2920
92 232 2920
19 79 2920
31 83 2920
42 247 2920
73 193 2920
16 97 2920
126 277 2920
94 173 2920
29 196 2920
17 94 2920
117 262 2920
132 208 2920
4 140 2920
40 241 2920
89 196 2920
97 202 2920
69 285 2920
76 216 2920
47 181 2920
21 291 2920
131 291 2920
18 83 2920
137 236 2920
106 130 2920
125 286 2920
107 159 2920
139 206 2920
60 174 2920
110 142 2920
64 198 2920
125 175 2920
41 261 2920
47 152 2920
83 246 2920
25 257 2920
102 120 2920
99 203 2920
68 109 2920
78 174 2920
97 253 2920
78 89 2920
50 275 2920
47 187 2920
43 255 2920
74 129 2920
128 242 2920
133 286 2920
117 269 2920
57 232 2920
34 72 2920
10 235 2920
84 175 2920
1 38 2920
115 159 2920
101 280 2920
90 177 2920
50 273 2920
15 192 2920
79 128 2920
128 244 2920
87 269 2920
78 121 2920
73 194 2920
41 210 2920
136 182 2920
50 179 2920
3 129 2920
54 261 2920
22 131 2920
43 202 2920
71 119 2920
17 185 2920
59 149 2920
79 120 2920
65 218 2920
14 195 2920
58 215 2920
6 187 2920
137 169 2920
117 273 2920
30 266 2920
95 133 2920
95 195 2920
61 263 2920
114 269 2920
122 187 2920
96 111 2920
39 53 2920
45 72 2920
133 190 2920
117 248 2920
84 249 2920
72 135 2920
140 215 2920
73 264 2920
18 134 2920
31 160 2920
96 205 2920
99 251 2920
105 231 2920
63 179 2920
109 245 2920
33 272 2920
51 272 2920
114 271 2920
112 150 2920
144 164 2920
79 96 2920
142 155 2920
83 204 2920
138 178 2920
96 291 2920
131 196 2920
68 223 2920
124 249 2920
136 272 2920
1 130 2920
139 172 2920
30 108 2920
91 141 2920
73 130 2920
138 231 2920
106 264 2920
75 166 2920
103 269 2920
19 245 2920
92 186 2920
142 279 2920
31 255 2920
49 170 2920
74 268 2920
65 274 2920
113 253 2920
49 207 2920
0 151 2920
119 138 2920
121 195 2920
39 100 2920
125 289 2920
86 93 2920
64 174 2920
5 251 2920
113 274 2920
90 251 2920
48 111 2920
97 146 2920
145 147 2920
125 232 2920
5 260 2920
52 117 2920
22 55 2920
142 155 2920
80 211 2920
22 278 2920
121 180 2920
143 257 2920
72 117 2920
130 279 2920
112 208 2920
16 78 2920
9 52 2920
78 270 2920
26 181 2920
46 253 2920
2 4 2920
33 186 2920
31 106 2920
4 189 2920
115 187 2920
15 194 2920
81 118 2920
59 241 2920
23 154 2920
17 232 2920
134 214 2920
25 128 2920
84 238 2920
90 145 2920
30 160 2920
97 122 2920
54 262 2920
50 74 2920
19 21 2920
92 205 2920
87 164 2920
15 144 2920
33 239 2920
122 173 2920
130 195 2920
63 271 2920
101 273 2920
79 214 2920
44 256 2920
117 271 2920
80 225 2920
3 206 2920
118 234 2920
47 114 2920
61 74 2920
75 99 2920
104 258 2920
0 275 2920
117 130 2920
52 175 2920
135 154 2920
30 197 2920
91 127 2920
74 166 2920
124 233 2920
61 181 2920
133 267 2920
129 152 2920
73 197 2920
