0 1 2960
1 2 2960
2 3 2960
3 4 2960
4 5 2960
5 6 2960
6 7 2960
7 8 2960
8 9 2960
9 10 2960
10 11 2960
11 12 2960
12 13 2960
13 14 2960
14 15 2960
15 16 2960
16 17 2960
17 18 2960
18 19 2960
19 20 2960
20 21 2960
21 22 2960
22 23 2960
23 24 2960
24 25 2960
25 26 2960
26 27 2960
27 28 2960
28 29 2960
29 30 2960
30 31 2960
31 32 2960
32 33 2960
33 34 2960
34 35 2960
35 36 2960
36 37 2960
37 38 2960
38 39 2960
39 40 2960
40 41 2960
41 42 2960
42 43 2960
43 44 2960
44 45 2960
45 46 2960
46 47 2960
47 48 2960
48 49 2960
49 50 2960
50 51 2960
51 52 2960
52 53 2960
53 54 2960
54 55 2960
55 56 2960
56 57 2960
57 58 2960
58 59 2960
59 60 2960
60 61 2960
61 62 2960
62 63 2960
63 64 2960
64 65 2960
65 66 2960
66 67 2960
67 68 2960
68 69 2960
69 70 2960
70 71 2960
71 72 2960
72 73 2960
73 74 2960
74 75 2960
75 76 2960
76 77 2960
77 78 2960
78 79 2960
79 80 2960
80 81 2960
81 82 2960
82 83 2960
83 84 2960
84 85 2960
85 86 2960
86 87 2960
87 88 2960
88 89 2960
89 90 2960
90 91 2960
91 92 2960
92 93 2960
93 94 2960
94 95 2960
95 96 2960
96 97 2960
97 98 2960
98 99 2960
99 100 2960
100 101 2960
101 102 2960
102 103 2960
103 104 2960
104 105 2960
105 106 2960
106 107 2960
107 108 2960
108 109 2960
109 110 2960
110 111 2960
111 112 2960
112 113 2960
113 114 2960
114 115 2960
115 116 2960
116 117 2960
117 118 2960
118 119 2960
119 120 2960
120 121 2960
121 122 2960
122 123 2960
123 124 2960
124 125 2960
125 126 2960
126 127 2960
127 128 2960
128 129 2960
129 130 2960
130 131 2960
131 132 2960
132 133 2960
133 134 2960
134 135 2960
135 136 2960
136 137 2960
137 138 2960
138 139 2960
139 140 2960
140 141 2960
141 142 2960
142 143 2960
143 144 2960
144 145 2960
145 146 2960
146 147 2960
147 148 2960
148 149 2960
149 150 2960
150 151 2960
151 152 2960
152 153 2960
153 154 2960
154 155 2960
155 156 2960
156 157 2960
157 158 2960
158 159 2960
159 160 2960
160 161 2960
161 162 2960
162 163 2960
163 164 2960
164 165 2960
165 166 2960
166 167 2960
167 168 2960
168 169 2960
169 170 2960
170 171 2960
171 172 2960
172 173 2960
173 174 2960
174 175 2960
175 176 2960
176 177 2960
177 178 2960
178 179 2960
179 180 2960
180 181 2960
181 182 2960
182 183 2960
183 184 2960
184 185 2960
185 186 2960
186 187 2960
187 188 2960
188 189 2960
189 190 2960
190 191 2960
191 192 2960
192 193 2960
193 194 2960
194 195 2960
195 196 2960
196 197 2960
197 198 2960
198 199 2960
199 200 2960
200 201 2960
201 202 2960
202 203 2960
203 204 2960
204 205 2960
205 206 2960
206 207 2960
207 208 2960
208 209 2960
209 210 2960
210 211 2960
211 212 2960
212 213 2960
213 214 2960
214 215 2960
215 216 2960
216 217 2960
217 218 2960
218 219 2960
219 220 2960
220 221 2960
221 222 2960
222 223 2960
223 224 2960
224 225 2960
225 226 2960
226 227 2960
227 228 2960
228 229 2960
229 230 2960
230 231 2960
231 232 2960
232 233 2960
233 234 2960
234 235 2960
235 236 2960
236 237 2960
237 238 2960
238 239 2960
239 240 2960
240 241 2960
241 242 2960
242 243 2960
243 244 2960
244 245 2960
245 246 2960
246 247 2960
247 248 2960
248 249 2960
249 250 2960
250 251 2960
251 252 2960
252 253 2960
253 254 2960
254 255 2960
255 256 2960
256 257 2960
257 258 2960
258 259 2960
259 260 2960
260 261 2960
261 262 2960
262 263 2960
263 264 2960
264 265 2960
265 266 2960
266 267 2960
267 268 2960
268 269 2960
269 270 2960
270 271 2960
271 272 2960
272 273 2960
273 274 2960
274 275 2960
275 276 2960
276 277 2960
277 278 2960
278 279 2960
279 280 2960
280 281 2960
281 282 2960
282 283 2960
283 284 2960
284 285 2960
285 286 2960
286 287 2960
287 288 2960
288 289 2960
289 290 2960
290 291 2960
291 292 2960
292 293 2960
293 294 2960
294 295 2960
10 277 2960
24 170 2960
88 281 2960
20 161 2960
138 210 2960
133 208 2960
124 183 2960
17 41 2960
67 128 2960
100 141 2960
137 261 2960
16 68 2960
84 191 2960
102 224 2960
114 215 2960
130 192 2960
117 233 2960
50 95 2960
139 191 2960
80 150 2960
13 81 2960
50 213 2960
78 233 2960
28 112 2960
141 149 2960
14 123 2960
21 223 2960
47 175 2960
112 120 2960
24 250 2960
101 208 2960
75 246 2960
19 195 2960
94 106 2960
0 85 2960
45 191 2960
2 157 2960
132 162 2960
23 244 2960
129 188 2960
19 173 2960
119 294 2960
45 236 2960
106 266 2960
131 209 2960
26 253 2960
15 96 2960
12 236 2960
78 200 2960
91 257 2960
137 209 2960
6 135 2960
67 138 2960
33 231 2960
63 74 2960
128 281 2960
52 74 2960
21 115 2960
49 272 2960
33 81 2960
115 250 2960
130 168 2960
53 105 2960
41 138 2960
93 215 2960
142 251 2960
125 274 2960
44 156 2960
9 134 2960
12 161 2960
13 263 2960
112 185 2960
113 223 2960
43 218 2960
110 241 2960
22 77 2960
82 224 2960
65 277 2960
103 291 2960
73 277 2960
146 276 2960
137 190 2960
11 165 2960
101 243 2960
61 142 2960
105 123 2960
82 108 2960
69 256 2960
83 267 2960
7 90 2960
145 179 2960
28 53 2960
73 203 2960
95 232 2960
51 208 2960
118 197 2960
123 221 2960
107 258 2960
20 182 2960
68 114 2960
59 293 2960
108 232 2960
93 197 2960
17 123 2960
13 267 2960
25 187 2960
39 211 2960
1 32 2960
142 287 2960
61 80 2960
29 169 2960
66 206 2960
2 170 2960
88 150 2960
98 129 2960
105 149 2960
120 187 2960
131 133 2960
73 179 2960
143 244 2960
36 178 2960
55 205 2960
77 94 2960
93 173 2960
11 63 2960
91 122 2960
70 218 2960
2 105 2960
147 173 2960
79 220 2960
94 169 2960
122 238 2960
46 123 2960
142 182 2960
62 267 2960
120 282 2960
87 133 2960
127 255 2960
99 275 2960
63 216 2960
63 143 2960
73 203 2960
114 217 2960
59 142 2960
52 175 2960
46 219 2960
71 144 2960
104 171 2960
87 134 2960
53 108 2960
144 183 2960
109 150 2960
71 197 2960
11 181 2960
144 146 2960
129 167 2960
2 211 2960
30 254 2960
57 272 2960
129 248 2960
48 71 2960
115 230 2960
0 245 2960
89 267 2960
34 157 2960
86 132 2960
103 206 2960
2 162 2960
124 248 2960
119 139 2960
83 115 2960
103 132 2960
39 103 2960
65 218 2960
6 138 2960
18 26 2960
1 225 2960
8 124 2960
22 43 2960
138 151 2960
17 78 2960
138 256 2960
85 116 2960
20 164 2960
129 267 2960
33 129 2960
136 248 2960
46 83 2960
57 182 2960
39 224 2960
131 230 2960
111 147 2960
62 291 2960
12 120 2960
48 146 2960
122 249 2960
75 191 2960
88 237 2960
143 198 2960
75 261 2960
38 267 2960
12 81 2960
31 139 2960
72 274 2960
29 278 2960
34 84 2960
55 291 2960
35 292 2960
25 247 2960
67 259 2960
133 181 2960
57 159 2960
103 291 2960
19 214 2960
146 170 2960
64 172 2960
19 30 2960
139 211 2960
133 256 2960
54 274 2960
115 215 2960
79 138 2960
60 107 2960
112 222 2960
58 256 2960
145 194 2960
97 213 2960
69 272 2960
55 92 2960
118 271 2960
49 151 2960
9 162 2960
108 256 2960
86 179 2960
43 194 2960
59 147 2960
137 241 2960
145 248 2960
10 233 2960
58 80 2960
47 114 2960
48 136 2960
133 147 2960
94 178 2960
138 183 2960
61 216 2960
82 241 2960
105 209 2960
122 228 2960
38 172 2960
24 176 2960
57 195 2960
92 283 2960
92 107 2960
63 290 2960
74 124 2960
134 161 2960
72 86 2960
68 287 2960
33 254 2960
120 170 2960
7 171 2960
32 213 2960
143 207 2960
129 206 2960
84 271 2960
35 122 2960
131 278 2960
102 193 2960
22 183 2960
62 100 2960
99 138 2960
27 112 2960
91 134 2960
72 138 2960
95 230 2960
22 270 2960
35 179 2960
87 233 2960
68 159 2960
140 158 2960
54 66 2960
9 240 2960
78 260 2960
44 131 2960
76 218 2960
75 113 2960
115 288 2960
74 128 2960
71 121 2960
66 90 2960
10 234 2960
131 136 2960
