0 1 3000
1 2 3000
2 3 3000
3 4 3000
4 5 3000
5 6 3000
6 7 3000
7 8 3000
8 9 3000
9 10 3000
10 11 3000
11 12 3000
12 13 3000
13 14 3000
14 15 3000
15 16 3000
16 17 3000
17 18 3000
18 19 3000
19 20 3000
20 21 3000
21 22 3000
22 23 3000
23 24 3000
24 25 3000
25 26 3000
26 27 3000
27 28 3000
28 29 3000
29 30 3000
30 31 3000
31 32 3000
32 33 3000
33 34 3000
34 35 3000
35 36 3000
36 37 3000
37 38 3000
38 39 3000
39 40 3000
40 41 3000
41 42 3000
42 43 3000
43 44 3000
44 45 3000
45 46 3000
46 47 3000
47 48 3000
48 49 3000
49 50 3000
50 51 3000
51 52 3000
52 53 3000
53 54 3000
54 55 3000
55 56 3000
56 57 3000
57 58 3000
58 59 3000
59 60 3000
60 61 3000
61 62 3000
62 63 3000
63 64 3000
64 65 3000
65 66 3000
66 67 3000
67 68 3000
68 69 3000
69 70 3000
70 71 3000
71 72 3000
72 73 3000
73 74 3000
74 75 3000
75 76 3000
76 77 3000
77 78 3000
78 79 3000
79 80 3000
80 81 3000
81 82 3000
82 83 3000
83 84 3000
84 85 3000
85 86 3000
86 87 3000
87 88 3000
88 89 3000
89 90 3000
90 91 3000
91 92 3000
92 93 3000
93 94 3000
94 95 3000
95 96 3000
96 97 3000
97 98 3000
98 99 3000
99 100 3000
100 101 3000
101 102 3000
102 103 3000
103 104 3000
104 105 3000
105 106 3000
106 107 3000
107 108 3000
108 109 3000
109 110 3000
110 111 3000
111 112 3000
112 113 3000
113 114 3000
114 115 3000
115 116 3000
116 117 3000
117 118 3000
118 119 3000
119 120 3000
120 121 3000
121 122 3000
122 123 3000
123 124 3000
124 125 3000
125 126 3000
126 127 3000
127 128 3000
128 129 3000
129 130 3000
130 131 3000
131 132 3000
132 133 3000
133 134 3000
134 135 3000
135 136 3000
136 137 3000
137 138 3000
138 139 3000
139 140 3000
140 141 3000
141 142 3000
142 143 3000
143 144 3000
144 145 3000
145 146 3000
146 147 3000
147 148 3000
148 149 3000
149 150 3000
150 151 3000
151 152 3000
152 153 3000
153 154 3000
154 155 3000
155 156 3000
156 157 3000
157 158 3000
158 159 3000
159 160 3000
160 161 3000
161 162 3000
162 163 3000
163 164 3000
164 165 3000
165 166 3000
166 167 3000
167 168 3000
168 169 3000
169 170 3000
170 171 3000
171 172 3000
172 173 3000
173 174 3000
174 175 3000
175 176 3000
176 177 3000
177 178 3000
178 179 3000
179 180 3000
180 181 3000
181 182 3000
182 183 3000
183 184 3000
184 185 3000
185 186 3000
186 187 3000
187 188 3000
188 189 3000
189 190 3000
190 191 3000
191 192 3000
192 193 3000
193 194 3000
194 195 3000
195 196 3000
196 197 3000
197 198 3000
198 199 3000
199 200 3000
200 201 3000
201 202 3000
202 203 3000
203 204 3000
204 205 3000
205 206 3000
206 207 3000
207 208 3000
208 209 3000
209 210 3000
210 211 3000
211 212 3000
212 213 3000
213 214 3000
214 215 3000
215 216 3000
216 217 3000
217 218 3000
218 219 3000
219 220 3000
220 221 3000
221 222 3000
222 223 3000
223 224 3000
224 225 3000
225 226 3000
226 227 3000
227 228 3000
228 229 3000
229 230 3000
230 231 3000
231 232 3000
232 233 3000
233 234 3000
234 235 3000
235 236 3000
236 237 3000
237 238 3000
238 239 3000
239 240 3000
240 241 3000
241 242 3000
242 243 3000
243 244 3000
244 245 3000
245 246 3000
246 247 3000
247 248 3000
248 249 3000
249 250 3000
250 251 3000
251 252 3000
252 253 3000
253 254 3000
254 255 3000
255 256 3000
256 257 3000
257 258 3000
258 259 3000
259 260 3000
260 261 3000
261 262 3000
262 263 3000
263 264 3000
264 265 3000
265 266 3000
266 267 3000
267 268 3000
268 269 3000
269 270 3000
270 271 3000
271 272 3000
272 273 3000
273 274 3000
274 275 3000
275 276 3000
276 277 3000
277 278 3000
278 279 3000
279 280 3000
280 281 3000
281 282 3000
282 283 3000
283 284 3000
284 285 3000
285 286 3000
286 287 3000
287 288 3000
288 289 3000
289 290 3000
290 291 3000
291 292 3000
292 293 3000
293 294 3000
294 295 3000
295 296 3000
296 297 3000
297 298 3000
298 299 3000
68 178 3000
1 192 3000
98 213 3000
110 155 3000
77 162 3000
67 124 3000
116 188 3000
26 211 3000
117 287 3000
12 113 3000
55 126 3000
22 280 3000
127 225 3000
36 153 3000
61 138 3000
85 284 3000
90 202 3000
47 168 3000
29 210 3000
16 284 3000
129 205 3000
103 257 3000
63 162 3000
15 44 3000
45 197 3000
29 223 3000
45 168 3000
34 87 3000
57 225 3000
149 162 3000
50 102 3000
25 253 3000
74 237 3000
75 214 3000
107 251 3000
147 190 3000
142 258 3000
94 165 3000
130 238 3000
120 194 3000
120 126 3000
140 143 3000
142 170 3000
4 24 3000
2 295 3000
37 69 3000
83 284 3000
23 164 3000
62 290 3000
15 266 3000
22 216 3000
130 265 3000
71 272 3000
116 161 3000
23 151 3000
80 286 3000
78 198 3000
97 144 3000
123 280 3000
8 36 3000
145 155 3000
129 177 3000
106 280 3000
36 265 3000
131 213 3000
90 162 3000
94 234 3000
27 266 3000
65 70 3000
66 129 3000
57 193 3000
128 187 3000
109 185 3000
121 161 3000
145 166 3000
41 288 3000
126 241 3000
67 118 3000
42 134 3000
92 116 3000
36 258 3000
44 242 3000
42 250 3000
26 117 3000
74 237 3000
111 167 3000
86 163 3000
61 141 3000
136 166 3000
69 290 3000
62 209 3000
22 208 3000
115 149 3000
50 80 3000
31 50 3000
113 206 3000
66 122 3000
51 232 3000
5 22 3000
7 103 3000
104 202 3000
16 50 3000
29 240 3000
2 184 3000
9 297 3000
75 178 3000
71 223 3000
36 212 3000
11 133 3000
53 229 3000
146 252 3000
110 165 3000
13 174 3000
135 254 3000
142 219 3000
78 226 3000
88 169 3000
93 262 3000
76 87 3000
26 77 3000
129 138 3000
42 118 3000
117 157 3000
9 79 3000
36 158 3000
105 190 3000
84 170 3000
10 198 3000
45 205 3000
124 221 3000
101 255 3000
85 212 3000
70 124 3000
103 273 3000
74 206 3000
54 211 3000
102 138 3000
78 263 3000
0 170 3000
146 167 3000
99 158 3000
55 76 3000
10 41 3000
114 224 3000
148 177 3000
90 159 3000
107 136 3000
39 48 3000
93 204 3000
127 137 3000
2 92 3000
139 289 3000
126 149 3000
79 299 3000
48 260 3000
137 169 3000
29 277 3000
131 220 3000
5 12 3000
146 194 3000
4 25 3000
23 270 3000
69 134 3000
108 286 3000
139 186 3000
133 150 3000
32 297 3000
91 192 3000
42 283 3000
103 193 3000
43 218 3000
101 139 3000
146 232 3000
18 205 3000
148 189 3000
29 250 3000
41 212 3000
2 233 3000
115 125 3000
12 299 3000
91 111 3000
87 178 3000
130 176 3000
93 157 3000
31 283 3000
93 124 3000
122 265 3000
94 283 3000
69 240 3000
29 157 3000
59 236 3000
5 157 3000
8 178 3000
126 244 3000
22 294 3000
137 158 3000
112 281 3000
59 119 3000
19 278 3000
108 181 3000
26 220 3000
18 264 3000
24 223 3000
46 218 3000
77 218 3000
124 217 3000
25 235 3000
0 238 3000
105 190 3000
23 209 3000
51 83 3000
37 113 3000
4 121 3000
146 252 3000
60 213 3000
9 249 3000
122 236 3000
12 23 3000
43 105 3000
76 151 3000
45 56 3000
117 181 3000
65 114 3000
148 217 3000
51 276 3000
118 262 3000
33 117 3000
10 96 3000
79 269 3000
148 244 3000
141 189 3000
127 151 3000
96 209 3000
98 168 3000
43 261 3000
30 116 3000
13 16 3000
101 183 3000
48 192 3000
53 135 3000
31 261 3000
118 255 3000
59 133 3000
88 153 3000
51 237 3000
31 131 3000
46 150 3000
62 245 3000
107 297 3000
40 117 3000
88 118 3000
117 191 3000
118 143 3000
97 248 3000
72 208 3000
14 214 3000
127 193 3000
47 231 3000
123 276 3000
113 230 3000
89 292 3000
33 171 3000
96 145 3000
133 161 3000
1 113 3000
89 280 3000
73 262 3000
35 149 3000
71 174 3000
123 185 3000
66 285 3000
30 118 3000
35 199 3000
131 169 3000
131 274 3000
149 156 3000
26 112 3000
58 296 3000
148 218 3000
94 102 3000
106 143 3000
41 226 3000
66 176 3000
99 246 3000
34 98 3000
111 134 3000
69 132 3000
56 161 3000
60 107 3000
65 78 3000
137 238 3000
39 94 3000
60 275 3000
126 293 3000
18 204 3000
58 218 3000
148 261 3000
108 132 3000
