0 1 3040
1 2 3040
2 3 3040
3 4 3040
4 5 3040
5 6 3040
6 7 3040
7 8 3040
8 9 3040
9 10 3040
10 11 3040
11 12 3040
12 13 3040
13 14 3040
14 15 3040
15 16 3040
16 17 3040
17 18 3040
18 19 3040
19 20 3040
20 21 3040
21 22 3040
22 23 3040
23 24 3040
24 25 3040
25 26 3040
26 27 3040
27 28 3040
28 29 3040
29 30 3040
30 31 3040
31 32 3040
32 33 3040
33 34 3040
34 35 3040
35 36 3040
36 37 3040
37 38 3040
38 39 3040
39 40 3040
40 41 3040
41 42 3040
42 43 3040
43 44 3040
44 45 3040
45 46 3040
46 47 3040
47 48 3040
48 49 3040
49 50 3040
50 51 3040
51 52 3040
52 53 3040
53 54 3040
54 55 3040
55 56 3040
56 57 3040
57 58 3040
58 59 3040
59 60 3040
60 61 3040
61 62 3040
62 63 3040
63 64 3040
64 65 3040
65 66 3040
66 67 3040
67 68 3040
68 69 3040
69 70 3040
70 71 3040
71 72 3040
72 73 3040
73 74 3040
74 75 3040
75 76 3040
76 77 3040
77 78 3040
78 79 3040
79 80 3040
80 81 3040
81 82 3040
82 83 3040
83 84 3040
84 85 3040
85 86 3040
86 87 3040
87 88 3040
88 89 3040
89 90 3040
90 91 3040
91 92 3040
92 93 3040
93 94 3040
94 95 3040
95 96 3040
96 97 3040
97 98 3040
98 99 3040
99 100 3040
100 101 3040
101 102 3040
102 103 3040
103 104 3040
104 105 3040
105 106 3040
106 107 3040
107 108 3040
108 109 3040
109 110 3040
110 111 3040
111 112 3040
112 113 3040
113 114 3040
114 115 3040
115 116 3040
116 117 3040
117 118 3040
118 119 3040
119 120 3040
120 121 3040
121 122 3040
122 123 3040
123 124 3040
124 125 3040
125 126 3040
126 127 3040
127 128 3040
128 129 3040
129 130 3040
130 131 3040
131 132 3040
132 133 3040
133 134 3040
134 135 3040
135 136 3040
136 137 3040
137 138 3040
138 139 3040
139 140 3040
140 141 3040
141 142 3040
142 143 3040
143 144 3040
144 145 3040
145 146 3040
146 147 3040
147 148 3040
148 149 3040
149 150 3040
150 151 3040
151 152 3040
152 153 3040
153 154 3040
154 155 3040
155 156 3040
156 157 3040
157 158 3040
158 159 3040
159 160 3040
160 161 3040
161 162 3040
162 163 3040
163 164 3040
164 165 3040
165 166 3040
166 167 3040
167 168 3040
168 169 3040
169 170 3040
170 171 3040
171 172 3040
172 173 3040
173 174 3040
174 175 3040
175 176 3040
176 177 3040
177 178 3040
178 179 3040
179 180 3040
180 181 3040
181 182 3040
182 183 3040
183 184 3040
184 185 3040
185 186 3040
186 187 3040
187 188 3040
188 189 3040
189 190 3040
190 191 3040
191 192 3040
192 193 3040
193 194 3040
194 195 3040
195 196 3040
196 197 3040
197 198 3040
198 199 3040
199 200 3040
200 201 3040
201 202 3040
202 203 3040
203 204 3040
204 205 3040
205 206 3040
206 207 3040
207 208 3040
208 209 3040
209 210 3040
210 211 3040
211 212 3040
212 213 3040
213 214 3040
214 215 3040
215 216 3040
216 217 3040
217 218 3040
218 219 3040
219 220 3040
220 221 3040
221 222 3040
222 223 3040
223 224 3040
224 225 3040
225 226 3040
226 227 3040
227 228 3040
228 229 3040
229 230 3040
230 231 3040
231 232 3040
232 233 3040
233 234 3040
234 235 3040
235 236 3040
236 237 3040
237 238 3040
238 239 3040
239 240 3040
240 241 3040
241 242 3040
242 243 3040
243 244 3040
244 245 3040
245 246 3040
246 247 3040
247 248 3040
248 249 3040
249 250 3040
250 251 3040
251 252 3040
252 253 3040
253 254 3040
254 255 3040
255 256 3040
256 257 3040
257 258 3040
258 259 3040
259 260 3040
260 261 3040
261 262 3040
262 263 3040
263 264 3040
264 265 3040
265 266 3040
266 267 3040
267 268 3040
268 269 3040
269 270 3040
270 271 3040
271 272 3040
272 273 3040
273 274 3040
274 275 3040
275 276 3040
276 277 3040
277 278 3040
278 279 3040
279 280 3040
280 281 3040
281 282 3040
282 283 3040
283 284 3040
284 285 3040
285 286 3040
286 287 3040
287 288 3040
288 289 3040
289 290 3040
290 291 3040
291 292 3040
292 293 3040
293 294 3040
294 295 3040
295 296 3040
296 297 3040
297 298 3040
298 299 3040
299 300 3040
300 301 3040
301 302 3040
302 303 3040
75 160 3040
44 118 3040
98 151 3040
54 65 3040
33 116 3040
28 217 3040
137 259 3040
43 233 3040
38 208 3040
129 171 3040
110 113 3040
70 250 3040
63 295 3040
55 201 3040
60 225 3040
17 225 3040
52 280 3040
145 180 3040
32 244 3040
71 204 3040
48 271 3040
3 214 3040
40 231 3040
30 273 3040
8 141 3040
115 143 3040
103 177 3040
48 96 3040
7 188 3040
18 185 3040
144 263 3040
86 147 3040
95 208 3040
140 151 3040
121 294 3040
69 226 3040
19 97 3040
121 270 3040
132 246 3040
112 252 3040
89 104 3040
139 141 3040
14 231 3040
17 118 3040
27 174 3040
149 202 3040
118 225 3040
134 291 3040
91 192 3040
24 264 3040
143 202 3040
21 57 3040
59 182 3040
18 22 3040
98 113 3040
70 292 3040
112 226 3040
55 120 3040
97 247 3040
35 149 3040
5 281 3040
133 216 3040
145 200 3040
65 283 3040
62 187 3040
89 258 3040
48 161 3040
110 229 3040
36 285 3040
148 227 3040
57 252 3040
127 144 3040
96 278 3040
150 221 3040
37 127 3040
145 249 3040
95 235 3040
145 216 3040
146 148 3040
21 192 3040
128 233 3040
33 163 3040
138 176 3040
101 114 3040
48 175 3040
56 150 3040
9 18 3040
22 90 3040
25 159 3040
95 276 3040
134 278 3040
26 203 3040
67 195 3040
129 265 3040
6 154 3040
16 244 3040
62 258 3040
147 227 3040
96 163 3040
40 284 3040
34 160 3040
94 122 3040
126 208 3040
118 169 3040
108 111 3040
70 232 3040
57 245 3040
106 192 3040
13 60 3040
58 208 3040
88 178 3040
54 129 3040
82 161 3040
55 208 3040
121 170 3040
103 157 3040
73 231 3040
22 238 3040
23 95 3040
97 266 3040
79 269 3040
149 165 3040
59 284 3040
1 159 3040
124 159 3040
100 136 3040
128 210 3040
112 178 3040
46 193 3040
50 90 3040
30 117 3040
16 38 3040
90 93 3040
48 234 3040
49 162 3040
12 52 3040
50 234 3040
62 100 3040
54 84 3040
16 20 3040
47 225 3040
11 242 3040
138 181 3040
69 169 3040
89 249 3040
141 227 3040
58 111 3040
6 174 3040
42 243 3040
102 287 3040
100 132 3040
108 297 3040
39 267 3040
0 196 3040
48 200 3040
50 250 3040
102 137 3040
69 200 3040
149 262 3040
44 200 3040
37 86 3040
150 180 3040
128 255 3040
107 227 3040
34 192 3040
109 181 3040
129 293 3040
94 164 3040
133 269 3040
72 154 3040
137 172 3040
111 226 3040
88 138 3040
132 228 3040
109 163 3040
106 118 3040
68 133 3040
101 209 3040
127 158 3040
30 259 3040
130 176 3040
30 123 3040
15 29 3040
119 223 3040
128 144 3040
116 123 3040
102 280 3040
145 219 3040
62 191 3040
53 235 3040
49 228 3040
22 283 3040
11 141 3040
75 163 3040
143 168 3040
34 292 3040
133 275 3040
14 256 3040
60 189 3040
24 185 3040
87 174 3040
33 161 3040
138 213 3040
53 120 3040
76 80 3040
73 238 3040
125 193 3040
60 136 3040
93 147 3040
7 231 3040
6 277 3040
132 189 3040
121 155 3040
141 215 3040
136 256 3040
48 149 3040
48 201 3040
120 223 3040
116 157 3040
118 162 3040
28 179 3040
62 221 3040
28 303 3040
135 199 3040
63 154 3040
103 221 3040
3 122 3040
62 277 3040
59 291 3040
89 225 3040
67 262 3040
8 66 3040
13 251 3040
34 181 3040
84 247 3040
107 170 3040
3 90 3040
111 189 3040
103 295 3040
24 61 3040
11 59 3040
88 128 3040
84 123 3040
34 43 3040
32 294 3040
118 189 3040
64 172 3040
47 275 3040
42 289 3040
0 205 3040
20 108 3040
14 262 3040
39 53 3040
56 176 3040
33 149 3040
70 135 3040
136 191 3040
40 195 3040
67 129 3040
113 252 3040
2 148 3040
128 254 3040
133 282 3040
122 162 3040
61 132 3040
51 137 3040
9 291 3040
43 103 3040
127 248 3040
145 215 3040
140 144 3040
105 189 3040
24 144 3040
3 104 3040
113 182 3040
39 134 3040
17 35 3040
100 269 3040
48 251 3040
136 255 3040
145 246 3040
110 173 3040
89 210 3040
52 54 3040
102 266 3040
118 137 3040
31 281 3040
42 96 3040
117 230 3040
75 198 3040
133 181 3040
19 56 3040
104 222 3040
6 81 3040
46 290 3040
74 96 3040
52 151 3040
80 132 3040
13 253 3040
103 261 3040
42 75 3040
118 292 3040
