0 1 3080
1 2 3080
2 3 3080
3 4 3080
4 5 3080
5 6 3080
6 7 3080
7 8 3080
8 9 3080
9 10 3080
10 11 3080
11 12 3080
12 13 3080
13 14 3080
14 15 3080
15 16 3080
16 17 3080
17 18 3080
18 19 3080
19 20 3080
20 21 3080
21 22 3080
22 23 3080
23 24 3080
24 25 3080
25 26 3080
26 27 3080
27 28 3080
28 29 3080
29 30 3080
30 31 3080
31 32 3080
32 33 3080
33 34 3080
34 35 3080
35 36 3080
36 37 3080
37 38 3080
38 39 3080
39 40 3080
40 41 3080
41 42 3080
42 43 3080
43 44 3080
44 45 3080
45 46 3080
46 47 3080
47 48 3080
48 49 3080
49 50 3080
50 51 3080
51 52 3080
52 53 3080
53 54 3080
54 55 3080
55 56 3080
56 57 3080
57 58 3080
58 59 3080
59 60 3080
60 61 3080
61 62 3080
62 63 3080
63 64 3080
64 65 3080
65 66 3080
66 67 3080
67 68 3080
68 69 3080
69 70 3080
70 71 3080
71 72 3080
72 73 3080
73 74 3080
74 75 3080
75 76 3080
76 77 3080
77 78 3080
78 79 3080
79 80 3080
80 81 3080
81 82 3080
82 83 3080
83 84 3080
84 85 3080
85 86 3080
86 87 3080
87 88 3080
88 89 3080
89 90 3080
90 91 3080
91 92 3080
92 93 3080
93 94 3080
94 95 3080
95 96 3080
96 97 3080
97 98 3080
98 99 3080
99 100 3080
100 101 3080
101 102 3080
102 103 3080
103 104 3080
104 105 3080
105 106 3080
106 107 3080
107 108 3080
108 109 3080
109 110 3080
110 111 3080
111 112 3080
112 113 3080
113 114 3080
114 115 3080
115 116 3080
116 117 3080
117 118 3080
118 119 3080
119 120 3080
120 121 3080
121 122 3080
122 123 3080
123 124 3080
124 125 3080
125 126 3080
126 127 3080
127 128 3080
128 129 3080
129 130 3080
130 131 3080
131 132 3080
132 133 3080
133 134 3080
134 135 3080
135 136 3080
136 137 3080
137 138 3080
138 139 3080
139 140 3080
140 141 3080
141 142 3080
142 143 3080
143 144 3080
144 145 3080
145 146 3080
146 147 3080
147 148 3080
148 149 3080
149 150 3080
150 151 3080
151 152 3080
152 153 3080
153 154 3080
154 155 3080
155 156 3080
156 157 3080
157 158 3080
158 159 3080
159 160 3080
160 161 3080
161 162 3080
162 163 3080
163 164 3080
164 165 3080
165 166 3080
166 167 3080
167 168 3080
168 169 3080
169 170 3080
170 171 3080
171 172 3080
172 173 3080
173 174 3080
174 175 3080
175 176 3080
176 177 3080
177 178 3080
178 179 3080
179 180 3080
180 181 3080
181 182 3080
182 183 3080
183 184 3080
184 185 3080
185 186 3080
186 187 3080
187 188 3080
188 189 3080
189 190 3080
190 191 3080
191 192 3080
192 193 3080
193 194 3080
194 195 3080
195 196 3080
196 197 3080
197 198 3080
198 199 3080
199 200 3080
200 201 3080
201 202 3080
202 203 3080
203 204 3080
204 205 3080
205 206 3080
206 207 3080
207 208 3080
208 209 3080
209 210 3080
210 211 3080
211 212 3080
212 213 3080
213 214 3080
214 215 3080
215 216 3080
216 217 3080
217 218 3080
218 219 3080
219 220 3080
220 221 3080
221 222 3080
222 223 3080
223 224 3080
224 225 3080
225 226 3080
226 227 3080
227 228 3080
228 229 3080
229 230 3080
230 231 3080
231 232 3080
232 233 3080
233 234 3080
234 235 3080
235 236 3080
236 237 3080
237 238 3080
238 239 3080
239 240 3080
240 241 3080
241 242 3080
242 243 3080
243 244 3080
244 245 3080
245 246 3080
246 247 3080
247 248 3080
248 249 3080
249 250 3080
250 251 3080
251 252 3080
252 253 3080
253 254 3080
254 255 3080
255 256 3080
256 257 3080
257 258 3080
258 259 3080
259 260 3080
260 261 3080
261 262 3080
262 263 3080
263 264 3080
264 265 3080
265 266 3080
266 267 3080
267 268 3080
268 269 3080
269 270 3080
270 271 3080
271 272 3080
272 273 3080
273 274 3080
274 275 3080
275 276 3080
276 277 3080
277 278 3080
278 279 3080
279 280 3080
280 281 3080
281 282 3080
282 283 3080
283 284 3080
284 285 3080
285 286 3080
286 287 3080
287 288 3080
288 289 3080
289 290 3080
290 291 3080
291 292 3080
292 293 3080
293 294 3080
294 295 3080
295 296 3080
296 297 3080
297 298 3080
298 299 3080
299 300 3080
300 301 3080
301 302 3080
302 303 3080
303 304 3080
304 305 3080
305 306 3080
306 307 3080
139 175 3080
105 291 3080
96 119 3080
13 75 3080
86 222 3080
21 185 3080
60 304 3080
27 90 3080
93 262 3080
117 249 3080
43 306 3080
125 212 3080
148 226 3080
68 130 3080
45 75 3080
147 258 3080
9 233 3080
32 50 3080
31 34 3080
29 224 3080
111 149 3080
3 227 3080
72 99 3080
86 235 3080
5 108 3080
147 229 3080
143 205 3080
11 148 3080
111 291 3080
85 161 3080
2 76 3080
46 200 3080
41 154 3080
87 253 3080
109 168 3080
76 281 3080
86 94 3080
62 81 3080
12 44 3080
17 152 3080
28 236 3080
85 132 3080
17 141 3080
10 193 3080
143 231 3080
17 139 3080
108 175 3080
43 187 3080
124 271 3080
99 263 3080
18 125 3080
79 83 3080
10 248 3080
104 275 3080
113 223 3080
122 304 3080
3 77 3080
34 137 3080
87 304 3080
136 290 3080
53 233 3080
84 274 3080
117 145 3080
72 167 3080
75 101 3080
53 170 3080
148 298 3080
10 104 3080
80 272 3080
41 116 3080
55 118 3080
105 192 3080
146 216 3080
127 149 3080
144 221 3080
86 150 3080
24 34 3080
35 213 3080
19 237 3080
40 47 3080
133 260 3080
100 198 3080
4 147 3080
24 66 3080
14 214 3080
44 296 3080
117 276 3080
102 106 3080
32 47 3080
20 40 3080
130 221 3080
72 203 3080
125 182 3080
145 152 3080
47 136 3080
31 128 3080
13 203 3080
2 87 3080
87 99 3080
17 164 3080
82 244 3080
70 217 3080
37 206 3080
23 91 3080
28 293 3080
138 301 3080
55 208 3080
130 156 3080
62 159 3080
60 96 3080
91 186 3080
147 225 3080
12 67 3080
67 197 3080
81 89 3080
109 178 3080
55 299 3080
51 198 3080
31 223 3080
51 195 3080
57 132 3080
70 207 3080
5 28 3080
146 258 3080
125 147 3080
115 264 3080
42 160 3080
63 207 3080
102 163 3080
21 254 3080
57 95 3080
29 179 3080
60 270 3080
142 237 3080
7 168 3080
23 160 3080
46 289 3080
8 54 3080
75 259 3080
31 105 3080
134 272 3080
43 117 3080
27 247 3080
108 198 3080
91 269 3080
34 215 3080
121 154 3080
8 14 3080
11 45 3080
41 214 3080
86 288 3080
121 216 3080
43 104 3080
13 241 3080
55 67 3080
147 187 3080
16 124 3080
109 257 3080
153 210 3080
57 261 3080
11 255 3080
23 100 3080
58 79 3080
49 130 3080
65 153 3080
103 131 3080
71 175 3080
140 184 3080
15 289 3080
125 229 3080
51 201 3080
46 139 3080
95 130 3080
93 233 3080
91 181 3080
9 58 3080
103 189 3080
32 55 3080
107 286 3080
142 253 3080
76 183 3080
102 306 3080
108 160 3080
16 302 3080
129 297 3080
128 226 3080
126 304 3080
140 289 3080
14 203 3080
49 145 3080
149 175 3080
63 284 3080
52 189 3080
8 176 3080
147 287 3080
154 263 3080
118 243 3080
67 232 3080
68 305 3080
38 298 3080
109 231 3080
134 260 3080
40 100 3080
5 48 3080
119 260 3080
147 216 3080
39 182 3080
86 263 3080
24 33 3080
60 124 3080
145 261 3080
65 262 3080
39 253 3080
35 193 3080
53 129 3080
31 223 3080
81 88 3080
48 299 3080
47 261 3080
104 140 3080
75 237 3080
42 245 3080
92 207 3080
131 157 3080
55 175 3080
93 234 3080
5 28 3080
91 143 3080
19 59 3080
50 74 3080
52 244 3080
93 119 3080
108 205 3080
125 226 3080
37 297 3080
105 149 3080
102 129 3080
66 130 3080
6 221 3080
68 240 3080
12 179 3080
100 279 3080
102 194 3080
51 174 3080
1 170 3080
11 114 3080
98 180 3080
63 203 3080
125 178 3080
58 291 3080
131 177 3080
57 169 3080
37 69 3080
82 171 3080
67 289 3080
128 215 3080
45 249 3080
57 109 3080
5 52 3080
93 108 3080
79 246 3080
12 206 3080
36 213 3080
109 282 3080
86 134 3080
26 213 3080
46 85 3080
9 173 3080
48 248 3080
117 212 3080
149 223 3080
44 123 3080
55 196 3080
91 114 3080
137 305 3080
35 131 3080
26 72 3080
71 264 3080
6 9 3080
64 84 3080
129 285 3080
116 223 3080
52 144 3080
58 218 3080
94 270 3080
68 114 3080
23 298 3080
71 170 3080
125 243 3080
111 216 3080
73 235 3080
24 127 3080
120 285 3080
23 103 3080
22 76 3080
67 96 3080
17 274 3080
71 285 3080
46 147 3080
89 185 3080
97 133 3080
108 306 3080
62 184 3080
138 235 3080
39 272 3080
149 279 3080
