0 1 3120
1 2 3120
2 3 3120
3 4 3120
4 5 3120
5 6 3120
6 7 3120
7 8 3120
8 9 3120
9 10 3120
10 11 3120
11 12 3120
12 13 3120
13 14 3120
14 15 3120
15 16 3120
16 17 3120
17 18 3120
18 19 3120
19 20 3120
20 21 3120
21 22 3120
22 23 3120
23 24 3120
24 25 3120
25 26 3120
26 27 3120
27 28 3120
28 29 3120
29 30 3120
30 31 3120
31 32 3120
32 33 3120
33 34 3120
34 35 3120
35 36 3120
36 37 3120
37 38 3120
38 39 3120
39 40 3120
40 41 3120
41 42 3120
42 43 3120
43 44 3120
44 45 3120
45 46 3120
46 47 3120
47 48 3120
48 49 3120
49 50 3120
50 51 3120
51 52 3120
52 53 3120
53 54 3120
54 55 3120
55 56 3120
56 57 3120
57 58 3120
58 59 3120
59 60 3120
60 61 3120
61 62 3120
62 63 3120
63 64 3120
64 65 3120
65 66 3120
66 67 3120
67 68 3120
68 69 3120
69 70 3120
70 71 3120
71 72 3120
72 73 3120
73 74 3120
74 75 3120
75 76 3120
76 77 3120
77 78 3120
78 79 3120
79 80 3120
80 81 3120
81 82 3120
82 83 3120
83 84 3120
84 85 3120
85 86 3120
86 87 3120
87 88 3120
88 89 3120
89 90 3120
90 91 3120
91 92 3120
92 93 3120
93 94 3120
94 95 3120
95 96 3120
96 97 3120
97 98 3120
98 99 3120
99 100 3120
100 101 3120
101 102 3120
102 103 3120
103 104 3120
104 105 3120
105 106 3120
106 107 3120
107 108 3120
108 109 3120
109 110 3120
110 111 3120
111 112 3120
112 113 3120
113 114 3120
114 115 3120
115 116 3120
116 117 3120
117 118 3120
118 119 3120
119 120 3120
120 121 3120
121 122 3120
122 123 3120
123 124 3120
124 125 3120
125 126 3120
126 127 3120
127 128 3120
128 129 3120
129 130 3120
130 131 3120
131 132 3120
132 133 3120
133 134 3120
134 135 3120
135 136 3120
136 137 3120
137 138 3120
138 139 3120
139 140 3120
140 141 3120
141 142 3120
142 143 3120
143 144 3120
144 145 3120
145 146 3120
146 147 3120
147 148 3120
148 149 3120
149 150 3120
150 151 3120
151 152 3120
152 153 3120
153 154 3120
154 155 3120
155 156 3120
156 157 3120
157 158 3120
158 159 3120
159 160 3120
160 161 3120
161 162 3120
162 163 3120
163 164 3120
164 165 3120
165 166 3120
166 167 3120
167 168 3120
168 169 3120
169 170 3120
170 171 3120
171 172 3120
172 173 3120
173 174 3120
174 175 3120
175 176 3120
176 177 3120
177 178 3120
178 179 3120
179 180 3120
180 181 3120
181 182 3120
182 183 3120
183 184 3120
184 185 3120
185 186 3120
186 187 3120
187 188 3120
188 189 3120
189 190 3120
190 191 3120
191 192 3120
192 193 3120
193 194 3120
194 195 3120
195 196 3120
196 197 3120
197 198 3120
198 199 3120
199 200 3120
200 201 3120
201 202 3120
202 203 3120
203 204 3120
204 205 3120
205 206 3120
206 207 3120
207 208 3120
208 209 3120
209 210 3120
210 211 3120
211 212 3120
212 213 3120
213 214 3120
214 215 3120
215 216 3120
216 217 3120
217 218 3120
218 219 3120
219 220 3120
220 221 3120
221 222 3120
222 223 3120
223 224 3120
224 225 3120
225 226 3120
226 227 3120
227 228 3120
228 229 3120
229 230 3120
230 231 3120
231 232 3120
232 233 3120
233 234 3120
234 235 3120
235 236 3120
236 237 3120
237 238 3120
238 239 3120
239 240 3120
240 241 3120
241 242 3120
242 243 3120
243 244 3120
244 245 3120
245 246 3120
246 247 3120
247 248 3120
248 249 3120
249 250 3120
250 251 3120
251 252 3120
252 253 3120
253 254 3120
254 255 3120
255 256 3120
256 257 3120
257 258 3120
258 259 3120
259 260 3120
260 261 3120
261 262 3120
262 263 3120
263 264 3120
264 265 3120
265 266 3120
266 267 3120
267 268 3120
268 269 3120
269 270 3120
270 271 3120
271 272 3120
272 273 3120
273 274 3120
274 275 3120
275 276 3120
276 277 3120
277 278 3120
278 279 3120
279 280 3120
280 281 3120
281 282 3120
282 283 3120
283 284 3120
284 285 3120
285 286 3120
286 287 3120
287 288 3120
288 289 3120
289 290 3120
290 291 3120
291 292 3120
292 293 3120
293 294 3120
294 295 3120
295 296 3120
296 297 3120
297 298 3120
298 299 3120
299 300 3120
300 301 3120
301 302 3120
302 303 3120
303 304 3120
304 305 3120
305 306 3120
306 307 3120
307 308 3120
308 309 3120
309 310 3120
310 311 3120
56 179 3120
97 207 3120
127 240 3120
16 258 3120
106 245 3120
21 246 3120
121 294 3120
2 291 3120
72 201 3120
19 283 3120
139 277 3120
34 188 3120
97 152 3120
52 311 3120
91 238 3120
96 162 3120
2 24 3120
122 303 3120
131 234 3120
17 293 3120
49 138 3120
53 240 3120
21 31 3120
75 289 3120
108 183 3120
72 304 3120
77 221 3120
49 183 3120
115 134 3120
72 174 3120
114 280 3120
123 310 3120
124 289 3120
137 145 3120
73 144 3120
5 192 3120
87 223 3120
103 172 3120
81 252 3120
43 165 3120
119 260 3120
105 230 3120
33 176 3120
89 110 3120
18 193 3120
0 109 3120
17 150 3120
105 236 3120
23 133 3120
11 132 3120
137 281 3120
38 121 3120
107 257 3120
6 177 3120
61 112 3120
139 220 3120
89 201 3120
133 296 3120
72 243 3120
19 199 3120
125 252 3120
1 72 3120
58 284 3120
114 121 3120
31 262 3120
119 256 3120
126 263 3120
152 300 3120
74 228 3120
147 206 3120
135 271 3120
136 241 3120
36 109 3120
15 109 3120
19 296 3120
113 180 3120
156 199 3120
37 110 3120
31 242 3120
19 298 3120
51 251 3120
36 154 3120
95 291 3120
91 167 3120
123 147 3120
38 142 3120
3 236 3120
140 238 3120
40 93 3120
50 275 3120
43 124 3120
73 226 3120
153 159 3120
104 261 3120
116 210 3120
121 127 3120
90 250 3120
105 290 3120
77 242 3120
69 185 3120
120 164 3120
124 173 3120
10 253 3120
112 302 3120
73 215 3120
79 86 3120
80 304 3120
108 209 3120
149 197 3120
69 233 3120
97 158 3120
108 246 3120
100 235 3120
131 217 3120
102 173 3120
43 150 3120
88 253 3120
74 203 3120
67 269 3120
84 186 3120
155 226 3120
65 92 3120
35 217 3120
89 261 3120
80 208 3120
59 70 3120
43 62 3120
79 280 3120
62 97 3120
94 222 3120
67 105 3120
107 169 3120
64 180 3120
118 163 3120
67 229 3120
53 257 3120
128 256 3120
75 282 3120
77 146 3120
105 176 3120
43 137 3120
133 147 3120
58 207 3120
95 154 3120
147 182 3120
33 244 3120
57 121 3120
85 92 3120
34 133 3120
56 93 3120
89 284 3120
50 69 3120
73 238 3120
48 101 3120
28 202 3120
14 184 3120
137 214 3120
108 239 3120
118 305 3120
75 245 3120
74 234 3120
51 254 3120
110 224 3120
154 264 3120
21 55 3120
82 168 3120
83 235 3120
93 281 3120
89 270 3120
77 170 3120
135 295 3120
63 167 3120
53 177 3120
140 169 3120
64 153 3120
46 276 3120
99 240 3120
140 280 3120
131 174 3120
103 264 3120
39 267 3120
96 248 3120
81 293 3120
76 285 3120
83 148 3120
56 211 3120
33 207 3120
14 147 3120
67 277 3120
138 195 3120
86 98 3120
31 251 3120
106 279 3120
113 162 3120
36 296 3120
37 45 3120
117 154 3120
56 278 3120
143 209 3120
69 215 3120
47 124 3120
19 291 3120
61 206 3120
83 310 3120
1 275 3120
144 192 3120
12 58 3120
108 277 3120
127 150 3120
55 165 3120
62 73 3120
132 153 3120
95 159 3120
24 152 3120
151 254 3120
17 231 3120
146 153 3120
5 190 3120
133 166 3120
38 68 3120
65 95 3120
82 235 3120
32 279 3120
126 308 3120
16 49 3120
64 224 3120
132 292 3120
88 269 3120
54 62 3120
89 241 3120
129 160 3120
104 152 3120
146 305 3120
108 287 3120
101 209 3120
10 305 3120
102 205 3120
86 236 3120
89 196 3120
42 84 3120
45 310 3120
92 143 3120
115 162 3120
3 95 3120
58 282 3120
90 289 3120
75 193 3120
39 289 3120
27 68 3120
146 200 3120
18 100 3120
78 141 3120
119 121 3120
114 185 3120
8 298 3120
121 185 3120
109 284 3120
104 287 3120
95 195 3120
57 208 3120
49 60 3120
81 279 3120
96 307 3120
88 300 3120
17 284 3120
93 196 3120
106 156 3120
37 80 3120
82 256 3120
132 220 3120
138 168 3120
141 237 3120
43 139 3120
54 200 3120
110 285 3120
146 296 3120
20 117 3120
105 107 3120
146 270 3120
105 107 3120
10 137 3120
39 47 3120
39 160 3120
111 156 3120
60 138 3120
8 109 3120
19 181 3120
11 177 3120
97 257 3120
29 106 3120
102 164 3120
102 221 3120
129 294 3120
2 32 3120
24 273 3120
154 211 3120
1 50 3120
8 22 3120
11 247 3120
75 252 3120
98 304 3120
52 190 3120
94 259 3120
55 245 3120
77 245 3120
34 219 3120
42 309 3120
84 94 3120
32 210 3120
82 151 3120
