0 1 3160
1 2 3160
2 3 3160
3 4 3160
4 5 3160
5 6 3160
6 7 3160
7 8 3160
8 9 3160
9 10 3160
10 11 3160
11 12 3160
12 13 3160
13 14 3160
14 15 3160
15 16 3160
16 17 3160
17 18 3160
18 19 3160
19 20 3160
20 21 3160
21 22 3160
22 23 3160
23 24 3160
24 25 3160
25 26 3160
26 27 3160
27 28 3160
28 29 3160
29 30 3160
30 31 3160
31 32 3160
32 33 3160
33 34 3160
34 35 3160
35 36 3160
36 37 3160
37 38 3160
38 39 3160
39 40 3160
40 41 3160
41 42 3160
42 43 3160
43 44 3160
44 45 3160
45 46 3160
46 47 3160
47 48 3160
48 49 3160
49 50 3160
50 51 3160
51 52 3160
52 53 3160
53 54 3160
54 55 3160
55 56 3160
56 57 3160
57 58 3160
58 59 3160
59 60 3160
60 61 3160
61 62 3160
62 63 3160
63 64 3160
64 65 3160
65 66 3160
66 67 3160
67 68 3160
68 69 3160
69 70 3160
70 71 3160
71 72 3160
72 73 3160
73 74 3160
74 75 3160
75 76 3160
76 77 3160
77 78 3160
78 79 3160
79 80 3160
80 81 3160
81 82 3160
82 83 3160
83 84 3160
84 85 3160
85 86 3160
86 87 3160
87 88 3160
88 89 3160
89 90 3160
90 91 3160
91 92 3160
92 93 3160
93 94 3160
94 95 3160
95 96 3160
96 97 3160
97 98 3160
98 99 3160
99 100 3160
100 101 3160
101 102 3160
102 103 3160
103 104 3160
104 105 3160
105 106 3160
106 107 3160
107 108 3160
108 109 3160
109 110 3160
110 111 3160
111 112 3160
112 113 3160
113 114 3160
114 115 3160
115 116 3160
116 117 3160
117 118 3160
118 119 3160
119 120 3160
120 121 3160
121 122 3160
122 123 3160
123 124 3160
124 125 3160
125 126 3160
126 127 3160
127 128 3160
128 129 3160
129 130 3160
130 131 3160
131 132 3160
132 133 3160
133 134 3160
134 135 3160
135 136 3160
136 137 3160
137 138 3160
138 139 3160
139 140 3160
140 141 3160
141 142 3160
142 143 3160
143 144 3160
144 145 3160
145 146 3160
146 147 3160
147 148 3160
148 149 3160
149 150 3160
150 151 3160
151 152 3160
152 153 3160
153 154 3160
154 155 3160
155 156 3160
156 157 3160
157 158 3160
158 159 3160
159 160 3160
160 161 3160
161 162 3160
162 163 3160
163 164 3160
164 165 3160
165 166 3160
166 167 3160
167 168 3160
168 169 3160
169 170 3160
170 171 3160
171 172 3160
172 173 3160
173 174 3160
174 175 3160
175 176 3160
176 177 3160
177 178 3160
178 179 3160
179 180 3160
180 181 3160
181 182 3160
182 183 3160
183 184 3160
184 185 3160
185 186 3160
186 187 3160
187 188 3160
188 189 3160
189 190 3160
190 191 3160
191 192 3160
192 193 3160
193 194 3160
194 195 3160
195 196 3160
196 197 3160
197 198 3160
198 199 3160
199 200 3160
200 201 3160
201 202 3160
202 203 3160
203 204 3160
204 205 3160
205 206 3160
206 207 3160
207 208 3160
208 209 3160
209 210 3160
210 211 3160
211 212 3160
212 213 3160
213 214 3160
214 215 3160
215 216 3160
216 217 3160
217 218 3160
218 219 3160
219 220 3160
220 221 3160
221 222 3160
222 223 3160
223 224 3160
224 225 3160
225 226 3160
226 227 3160
227 228 3160
228 229 3160
229 230 3160
230 231 3160
231 232 3160
232 233 3160
233 234 3160
234 235 3160
235 236 3160
236 237 3160
237 238 3160
238 239 3160
239 240 3160
240 241 3160
241 242 3160
242 243 3160
243 244 3160
244 245 3160
245 246 3160
246 247 3160
247 248 3160
248 249 3160
249 250 3160
250 251 3160
251 252 3160
252 253 3160
253 254 3160
254 255 3160
255 256 3160
256 257 3160
257 258 3160
258 259 3160
259 260 3160
260 261 3160
261 262 3160
262 263 3160
263 264 3160
264 265 3160
265 266 3160
266 267 3160
267 268 3160
268 269 3160
269 270 3160
270 271 3160
271 272 3160
272 273 3160
273 274 3160
274 275 3160
275 276 3160
276 277 3160
277 278 3160
278 279 3160
279 280 3160
280 281 3160
281 282 3160
282 283 3160
283 284 3160
284 285 3160
285 286 3160
286 287 3160
287 288 3160
288 289 3160
289 290 3160
290 291 3160
291 292 3160
292 293 3160
293 294 3160
294 295 3160
295 296 3160
296 297 3160
297 298 3160
298 299 3160
299 300 3160
300 301 3160
301 302 3160
302 303 3160
303 304 3160
304 305 3160
305 306 3160
306 307 3160
307 308 3160
308 309 3160
309 310 3160
310 311 3160
311 312 3160
312 313 3160
313 314 3160
314 315 3160
84 207 3160
93 166 3160
23 73 3160
60 192 3160
123 134 3160
118 171 3160
65 180 3160
107 121 3160
19 242 3160
106 302 3160
155 160 3160
131 291 3160
112 121 3160
120 304 3160
44 89 3160
1 298 3160
11 203 3160
130 244 3160
110 314 3160
65 199 3160
109 285 3160
30 69 3160
89 266 3160
31 189 3160
105 216 3160
102 166 3160
14 174 3160
14 140 3160
124 216 3160
16 178 3160
97 114 3160
35 79 3160
140 271 3160
58 99 3160
28 74 3160
71 266 3160
2 311 3160
127 222 3160
101 158 3160
125 172 3160
77 248 3160
67 272 3160
31 258 3160
117 228 3160
56 102 3160
49 306 3160
63 307 3160
111 313 3160
8 292 3160
81 156 3160
50 225 3160
144 313 3160
53 242 3160
66 276 3160
30 72 3160
41 86 3160
39 106 3160
60 308 3160
63 187 3160
34 237 3160
110 194 3160
21 68 3160
94 164 3160
19 30 3160
15 84 3160
152 239 3160
54 288 3160
22 128 3160
157 233 3160
50 149 3160
145 174 3160
79 121 3160
44 290 3160
108 162 3160
98 289 3160
54 157 3160
69 200 3160
89 201 3160
82 249 3160
73 114 3160
15 103 3160
64 183 3160
44 231 3160
67 150 3160
95 265 3160
25 196 3160
88 149 3160
118 149 3160
144 278 3160
40 90 3160
81 313 3160
61 247 3160
1 122 3160
34 94 3160
140 150 3160
146 208 3160
18 64 3160
148 211 3160
2 15 3160
4 180 3160
53 211 3160
128 221 3160
140 278 3160
44 162 3160
141 196 3160
70 206 3160
113 169 3160
157 167 3160
78 168 3160
63 199 3160
120 299 3160
92 160 3160
10 106 3160
147 293 3160
61 78 3160
113 167 3160
54 186 3160
51 204 3160
129 279 3160
126 281 3160
124 129 3160
52 133 3160
93 161 3160
113 289 3160
99 209 3160
80 253 3160
83 115 3160
93 182 3160
129 147 3160
15 225 3160
101 300 3160
38 185 3160
16 304 3160
91 153 3160
107 308 3160
127 266 3160
116 203 3160
89 121 3160
142 173 3160
14 202 3160
89 289 3160
152 254 3160
109 255 3160
115 256 3160
34 193 3160
37 230 3160
43 73 3160
153 310 3160
120 183 3160
133 137 3160
98 172 3160
93 295 3160
136 225 3160
97 187 3160
80 128 3160
74 228 3160
117 225 3160
132 243 3160
13 126 3160
89 296 3160
129 311 3160
150 175 3160
43 154 3160
69 227 3160
34 149 3160
20 210 3160
135 233 3160
11 38 3160
54 82 3160
155 280 3160
117 158 3160
83 101 3160
126 166 3160
38 263 3160
101 274 3160
141 159 3160
121 173 3160
92 205 3160
42 95 3160
9 311 3160
108 231 3160
86 88 3160
130 174 3160
27 62 3160
3 88 3160
45 106 3160
65 173 3160
85 311 3160
27 236 3160
20 247 3160
18 53 3160
25 272 3160
16 121 3160
44 284 3160
4 286 3160
74 121 3160
37 222 3160
61 255 3160
93 203 3160
77 101 3160
91 222 3160
147 207 3160
136 225 3160
130 139 3160
34 262 3160
25 243 3160
136 272 3160
74 97 3160
51 238 3160
141 208 3160
20 185 3160
130 295 3160
33 202 3160
153 163 3160
117 212 3160
145 208 3160
46 208 3160
15 284 3160
42 238 3160
99 143 3160
24 162 3160
157 235 3160
3 209 3160
74 91 3160
9 167 3160
5 191 3160
136 239 3160
126 176 3160
92 290 3160
97 284 3160
4 256 3160
60 218 3160
152 263 3160
80 109 3160
17 229 3160
59 73 3160
54 124 3160
74 197 3160
74 277 3160
101 162 3160
92 262 3160
42 90 3160
87 212 3160
111 256 3160
152 198 3160
134 137 3160
100 279 3160
43 235 3160
10 170 3160
62 113 3160
70 153 3160
73 139 3160
129 291 3160
113 275 3160
72 280 3160
88 294 3160
73 201 3160
91 139 3160
118 193 3160
134 244 3160
124 300 3160
60 312 3160
54 294 3160
61 266 3160
151 274 3160
79 146 3160
6 180 3160
125 163 3160
117 217 3160
85 314 3160
122 280 3160
65 195 3160
129 206 3160
89 315 3160
129 277 3160
29 280 3160
53 138 3160
55 188 3160
23 73 3160
110 302 3160
124 237 3160
147 246 3160
99 244 3160
45 236 3160
101 158 3160
137 264 3160
20 26 3160
28 43 3160
96 273 3160
44 51 3160
15 84 3160
121 152 3160
20 256 3160
140 144 3160
137 222 3160
123 130 3160
20 145 3160
137 151 3160
154 189 3160
138 219 3160
157 192 3160
100 309 3160
82 223 3160
113 190 3160
141 144 3160
69 94 3160
84 118 3160
145 212 3160
37 126 3160
50 142 3160
33 266 3160
34 161 3160
