0 1 3200
1 2 3200
2 3 3200
3 4 3200
4 5 3200
5 6 3200
6 7 3200
7 8 3200
8 9 3200
9 10 3200
10 11 3200
11 12 3200
12 13 3200
13 14 3200
14 15 3200
15 16 3200
16 17 3200
17 18 3200
18 19 3200
19 20 3200
20 21 3200
21 22 3200
22 23 3200
23 24 3200
24 25 3200
25 26 3200
26 27 3200
27 28 3200
28 29 3200
29 30 3200
30 31 3200
31 32 3200
32 33 3200
33 34 3200
34 35 3200
35 36 3200
36 37 3200
37 38 3200
38 39 3200
39 40 3200
40 41 3200
41 42 3200
42 43 3200
43 44 3200
44 45 3200
45 46 3200
46 47 3200
47 48 3200
48 49 3200
49 50 3200
50 51 3200
51 52 3200
52 53 3200
53 54 3200
54 55 3200
55 56 3200
56 57 3200
57 58 3200
58 59 3200
59 60 3200
60 61 3200
61 62 3200
62 63 3200
63 64 3200
64 65 3200
65 66 3200
66 67 3200
67 68 3200
68 69 3200
69 70 3200
70 71 3200
71 72 3200
72 73 3200
73 74 3200
74 75 3200
75 76 3200
76 77 3200
77 78 3200
78 79 3200
79 80 3200
80 81 3200
81 82 3200
82 83 3200
83 84 3200
84 85 3200
85 86 3200
86 87 3200
87 88 3200
88 89 3200
89 90 3200
90 91 3200
91 92 3200
92 93 3200
93 94 3200
94 95 3200
95 96 3200
96 97 3200
97 98 3200
98 99 3200
99 100 3200
100 101 3200
101 102 3200
102 103 3200
103 104 3200
104 105 3200
105 106 3200
106 107 3200
107 108 3200
108 109 3200
109 110 3200
110 111 3200
111 112 3200
112 113 3200
113 114 3200
114 115 3200
115 116 3200
116 117 3200
117 118 3200
118 119 3200
119 120 3200
120 121 3200
121 122 3200
122 123 3200
123 124 3200
124 125 3200
125 126 3200
126 127 3200
127 128 3200
128 129 3200
129 130 3200
130 131 3200
131 132 3200
132 133 3200
133 134 3200
134 135 3200
135 136 3200
136 137 3200
137 138 3200
138 139 3200
139 140 3200
140 141 3200
141 142 3200
142 143 3200
143 144 3200
144 145 3200
145 146 3200
146 147 3200
147 148 3200
148 149 3200
149 150 3200
150 151 3200
151 152 3200
152 153 3200
153 154 3200
154 155 3200
155 156 3200
156 157 3200
157 158 3200
158 159 3200
159 160 3200
160 161 3200
161 162 3200
162 163 3200
163 164 3200
164 165 3200
165 166 3200
166 167 3200
167 168 3200
168 169 3200
169 170 3200
170 171 3200
171 172 3200
172 173 3200
173 174 3200
174 175 3200
175 176 3200
176 177 3200
177 178 3200
178 179 3200
179 180 3200
180 181 3200
181 182 3200
182 183 3200
183 184 3200
184 185 3200
185 186 3200
186 187 3200
187 188 3200
188 189 3200
189 190 3200
190 191 3200
191 192 3200
192 193 3200
193 194 3200
194 195 3200
195 196 3200
196 197 3200
197 198 3200
198 199 3200
199 200 3200
200 201 3200
201 202 3200
202 203 3200
203 204 3200
204 205 3200
205 206 3200
206 207 3200
207 208 3200
208 209 3200
209 210 3200
210 211 3200
211 212 3200
212 213 3200
213 214 3200
214 215 3200
215 216 3200
216 217 3200
217 218 3200
218 219 3200
219 220 3200
220 221 3200
221 222 3200
222 223 3200
223 224 3200
224 225 3200
225 226 3200
226 227 3200
227 228 3200
228 229 3200
229 230 3200
230 231 3200
231 232 3200
232 233 3200
233 234 3200
234 235 3200
235 236 3200
236 237 3200
237 238 3200
238 239 3200
239 240 3200
240 241 3200
241 242 3200
242 243 3200
243 244 3200
244 245 3200
245 246 3200
246 247 3200
247 248 3200
248 249 3200
249 250 3200
250 251 3200
251 252 3200
252 253 3200
253 254 3200
254 255 3200
255 256 3200
256 257 3200
257 258 3200
258 259 3200
259 260 3200
260 261 3200
261 262 3200
262 263 3200
263 264 3200
264 265 3200
265 266 3200
266 267 3200
267 268 3200
268 269 3200
269 270 3200
270 271 3200
271 272 3200
272 273 3200
273 274 3200
274 275 3200
275 276 3200
276 277 3200
277 278 3200
278 279 3200
279 280 3200
280 281 3200
281 282 3200
282 283 3200
283 284 3200
284 285 3200
285 286 3200
286 287 3200
287 288 3200
288 289 3200
289 290 3200
290 291 3200
291 292 3200
292 293 3200
293 294 3200
294 295 3200
295 296 3200
296 297 3200
297 298 3200
298 299 3200
299 300 3200
300 301 3200
301 302 3200
302 303 3200
303 304 3200
304 305 3200
305 306 3200
306 307 3200
307 308 3200
308 309 3200
309 310 3200
310 311 3200
311 312 3200
312 313 3200
313 314 3200
314 315 3200
315 316 3200
316 317 3200
317 318 3200
318 319 3200
139 173 3200
17 151 3200
83 281 3200
110 139 3200
118 288 3200
145 275 3200
23 159 3200
71 95 3200
142 240 3200
157 318 3200
135 198 3200
84 237 3200
24 157 3200
77 183 3200
159 297 3200
33 189 3200
26 207 3200
61 190 3200
143 219 3200
138 177 3200
66 131 3200
57 248 3200
107 231 3200
80 239 3200
45 141 3200
49 165 3200
134 221 3200
117 181 3200
156 203 3200
87 194 3200
112 289 3200
93 243 3200
87 275 3200
58 64 3200
160 184 3200
103 186 3200
94 198 3200
3 162 3200
125 237 3200
5 175 3200
22 101 3200
10 125 3200
78 127 3200
43 188 3200
27 242 3200
59 255 3200
47 241 3200
74 231 3200
0 45 3200
24 187 3200
35 66 3200
143 163 3200
121 157 3200
94 310 3200
120 216 3200
142 237 3200
24 252 3200
20 291 3200
96 297 3200
127 243 3200
140 261 3200
16 98 3200
23 161 3200
29 147 3200
79 216 3200
134 231 3200
132 218 3200
134 138 3200
69 276 3200
45 237 3200
93 231 3200
3 204 3200
148 171 3200
133 157 3200
158 305 3200
124 254 3200
27 200 3200
133 141 3200
18 73 3200
34 198 3200
2 16 3200
84 271 3200
35 213 3200
101 272 3200
2 260 3200
23 193 3200
130 209 3200
1 210 3200
5 85 3200
32 301 3200
80 254 3200
67 157 3200
13 64 3200
153 196 3200
110 275 3200
14 300 3200
130 288 3200
68 185 3200
15 245 3200
95 161 3200
92 223 3200
8 237 3200
112 193 3200
56 214 3200
26 41 3200
31 198 3200
151 287 3200
25 169 3200
127 220 3200
99 209 3200
102 250 3200
136 223 3200
77 176 3200
8 180 3200
144 194 3200
160 306 3200
52 86 3200
77 186 3200
37 196 3200
56 237 3200
55 154 3200
34 203 3200
154 176 3200
30 63 3200
99 152 3200
60 246 3200
146 157 3200
45 149 3200
126 306 3200
99 178 3200
139 281 3200
48 265 3200
53 136 3200
41 315 3200
5 275 3200
92 178 3200
155 237 3200
102 185 3200
22 239 3200
85 226 3200
26 135 3200
125 217 3200
70 215 3200
19 142 3200
100 180 3200
39 176 3200
81 275 3200
106 280 3200
156 246 3200
147 195 3200
5 41 3200
21 289 3200
101 190 3200
80 165 3200
95 306 3200
37 213 3200
47 117 3200
71 303 3200
5 118 3200
0 242 3200
40 80 3200
70 132 3200
42 289 3200
98 178 3200
128 266 3200
143 203 3200
117 238 3200
35 203 3200
57 153 3200
58 257 3200
144 246 3200
147 308 3200
106 217 3200
89 173 3200
35 162 3200
66 130 3200
84 279 3200
87 205 3200
34 87 3200
8 238 3200
113 257 3200
81 112 3200
7 40 3200
119 240 3200
155 194 3200
18 116 3200
29 65 3200
4 260 3200
6 93 3200
131 167 3200
137 247 3200
149 213 3200
3 210 3200
123 272 3200
120 263 3200
11 135 3200
124 152 3200
79 308 3200
85 266 3200
56 94 3200
102 143 3200
72 97 3200
136 246 3200
67 182 3200
105 238 3200
145 238 3200
155 227 3200
69 298 3200
134 167 3200
36 108 3200
48 50 3200
149 243 3200
126 206 3200
8 236 3200
127 167 3200
36 301 3200
73 276 3200
76 167 3200
88 134 3200
57 223 3200
68 178 3200
35 138 3200
128 280 3200
152 262 3200
24 206 3200
109 289 3200
123 160 3200
5 202 3200
33 216 3200
118 149 3200
123 154 3200
86 309 3200
124 264 3200
21 206 3200
37 230 3200
111 300 3200
79 240 3200
149 263 3200
102 106 3200
8 288 3200
140 176 3200
92 172 3200
62 67 3200
140 293 3200
129 151 3200
151 303 3200
144 295 3200
31 71 3200
61 75 3200
92 175 3200
122 143 3200
102 162 3200
2 69 3200
90 109 3200
85 172 3200
147 172 3200
156 263 3200
44 103 3200
102 281 3200
25 313 3200
19 53 3200
117 137 3200
98 220 3200
80 107 3200
67 75 3200
122 207 3200
131 318 3200
150 230 3200
71 119 3200
66 241 3200
74 76 3200
88 231 3200
33 114 3200
81 286 3200
25 83 3200
55 300 3200
3 256 3200
149 315 3200
70 256 3200
133 138 3200
40 82 3200
11 55 3200
134 210 3200
86 108 3200
92 151 3200
46 201 3200
49 152 3200
37 52 3200
157 192 3200
147 178 3200
21 276 3200
128 134 3200
152 235 3200
44 301 3200
115 319 3200
141 192 3200
8 173 3200
48 248 3200
92 203 3200
63 118 3200
69 198 3200
35 299 3200
157 276 3200
115 265 3200
91 258 3200
7 41 3200
75 77 3200
70 316 3200
83 186 3200
24 88 3200
28 47 3200
5 145 3200
122 208 3200
19 149 3200
158 243 3200
50 65 3200
111 135 3200
