0 1 3240
1 2 3240
2 3 3240
3 4 3240
4 5 3240
5 6 3240
6 7 3240
7 8 3240
8 9 3240
9 10 3240
10 11 3240
11 12 3240
12 13 3240
13 14 3240
14 15 3240
15 16 3240
16 17 3240
17 18 3240
18 19 3240
19 20 3240
20 21 3240
21 22 3240
22 23 3240
23 24 3240
24 25 3240
25 26 3240
26 27 3240
27 28 3240
28 29 3240
29 30 3240
30 31 3240
31 32 3240
32 33 3240
33 34 3240
34 35 3240
35 36 3240
36 37 3240
37 38 3240
38 39 3240
39 40 3240
40 41 3240
41 42 3240
42 43 3240
43 44 3240
44 45 3240
45 46 3240
46 47 3240
47 48 3240
48 49 3240
49 50 3240
50 51 3240
51 52 3240
52 53 3240
53 54 3240
54 55 3240
55 56 3240
56 57 3240
57 58 3240
58 59 3240
59 60 3240
60 61 3240
61 62 3240
62 63 3240
63 64 3240
64 65 3240
65 66 3240
66 67 3240
67 68 3240
68 69 3240
69 70 3240
70 71 3240
71 72 3240
72 73 3240
73 74 3240
74 75 3240
75 76 3240
76 77 3240
77 78 3240
78 79 3240
79 80 3240
80 81 3240
81 82 3240
82 83 3240
83 84 3240
84 85 3240
85 86 3240
86 87 3240
87 88 3240
88 89 3240
89 90 3240
90 91 3240
91 92 3240
92 93 3240
93 94 3240
94 95 3240
95 96 3240
96 97 3240
97 98 3240
98 99 3240
99 100 3240
100 101 3240
101 102 3240
102 103 3240
103 104 3240
104 105 3240
105 106 3240
106 107 3240
107 108 3240
108 109 3240
109 110 3240
110 111 3240
111 112 3240
112 113 3240
113 114 3240
114 115 3240
115 116 3240
116 117 3240
117 118 3240
118 119 3240
119 120 3240
120 121 3240
121 122 3240
122 123 3240
123 124 3240
124 125 3240
125 126 3240
126 127 3240
127 128 3240
128 129 3240
129 130 3240
130 131 3240
131 132 3240
132 133 3240
133 134 3240
134 135 3240
135 136 3240
136 137 3240
137 138 3240
138 139 3240
139 140 3240
140 141 3240
141 142 3240
142 143 3240
143 144 3240
144 145 3240
145 146 3240
146 147 3240
147 148 3240
148 149 3240
149 150 3240
150 151 3240
151 152 3240
152 153 3240
153 154 3240
154 155 3240
155 156 3240
156 157 3240
157 158 3240
158 159 3240
159 160 3240
160 161 3240
161 162 3240
162 163 3240
163 164 3240
164 165 3240
165 166 3240
166 167 3240
167 168 3240
168 169 3240
169 170 3240
170 171 3240
171 172 3240
172 173 3240
173 174 3240
174 175 3240
175 176 3240
176 177 3240
177 178 3240
178 179 3240
179 180 3240
180 181 3240
181 182 3240
182 183 3240
183 184 3240
184 185 3240
185 186 3240
186 187 3240
187 188 3240
188 189 3240
189 190 3240
190 191 3240
191 192 3240
192 193 3240
193 194 3240
194 195 3240
195 196 3240
196 197 3240
197 198 3240
198 199 3240
199 200 3240
200 201 3240
201 202 3240
202 203 3240
203 204 3240
204 205 3240
205 206 3240
206 207 3240
207 208 3240
208 209 3240
209 210 3240
210 211 3240
211 212 3240
212 213 3240
213 214 3240
214 215 3240
215 216 3240
216 217 3240
217 218 3240
218 219 3240
219 220 3240
220 221 3240
221 222 3240
222 223 3240
223 224 3240
224 225 3240
225 226 3240
226 227 3240
227 228 3240
228 229 3240
229 230 3240
230 231 3240
231 232 3240
232 233 3240
233 234 3240
234 235 3240
235 236 3240
236 237 3240
237 238 3240
238 239 3240
239 240 3240
240 241 3240
241 242 3240
242 243 3240
243 244 3240
244 245 3240
245 246 3240
246 247 3240
247 248 3240
248 249 3240
249 250 3240
250 251 3240
251 252 3240
252 253 3240
253 254 3240
254 255 3240
255 256 3240
256 257 3240
257 258 3240
258 259 3240
259 260 3240
260 261 3240
261 262 3240
262 263 3240
263 264 3240
264 265 3240
265 266 3240
266 267 3240
267 268 3240
268 269 3240
269 270 3240
270 271 3240
271 272 3240
272 273 3240
273 274 3240
274 275 3240
275 276 3240
276 277 3240
277 278 3240
278 279 3240
279 280 3240
280 281 3240
281 282 3240
282 283 3240
283 284 3240
284 285 3240
285 286 3240
286 287 3240
287 288 3240
288 289 3240
289 290 3240
290 291 3240
291 292 3240
292 293 3240
293 294 3240
294 295 3240
295 296 3240
296 297 3240
297 298 3240
298 299 3240
299 300 3240
300 301 3240
301 302 3240
302 303 3240
303 304 3240
304 305 3240
305 306 3240
306 307 3240
307 308 3240
308 309 3240
309 310 3240
310 311 3240
311 312 3240
312 313 3240
313 314 3240
314 315 3240
315 316 3240
316 317 3240
317 318 3240
318 319 3240
319 320 3240
320 321 3240
321 322 3240
322 323 3240
17 113 3240
68 95 3240
104 218 3240
144 252 3240
106 258 3240
30 128 3240
81 196 3240
82 106 3240
108 290 3240
129 187 3240
148 234 3240
135 291 3240
25 122 3240
119 188 3240
11 223 3240
98 148 3240
86 112 3240
6 167 3240
115 310 3240
10 19 3240
57 141 3240
9 221 3240
145 321 3240
156 224 3240
117 294 3240
59 219 3240
70 281 3240
105 155 3240
153 210 3240
135 145 3240
33 48 3240
156 220 3240
83 125 3240
159 229 3240
113 259 3240
147 181 3240
152 316 3240
162 166 3240
42 288 3240
50 210 3240
136 278 3240
72 194 3240
1 43 3240
0 310 3240
144 248 3240
76 132 3240
25 199 3240
69 105 3240
104 201 3240
81 288 3240
7 79 3240
138 201 3240
92 279 3240
39 110 3240
147 283 3240
22 242 3240
130 195 3240
77 267 3240
155 261 3240
45 120 3240
126 161 3240
59 72 3240
5 133 3240
30 45 3240
56 64 3240
82 240 3240
73 209 3240
86 229 3240
1 251 3240
56 231 3240
43 55 3240
24 179 3240
154 237 3240
77 268 3240
35 81 3240
50 199 3240
67 110 3240
149 179 3240
34 54 3240
115 121 3240
47 176 3240
95 278 3240
144 251 3240
155 301 3240
30 315 3240
128 263 3240
0 126 3240
71 274 3240
32 197 3240
151 155 3240
57 152 3240
13 114 3240
155 195 3240
1 145 3240
141 219 3240
135 138 3240
44 223 3240
76 193 3240
47 200 3240
155 207 3240
93 158 3240
49 270 3240
160 261 3240
81 111 3240
150 272 3240
96 176 3240
38 95 3240
72 80 3240
126 251 3240
93 154 3240
80 170 3240
156 169 3240
70 188 3240
155 218 3240
9 57 3240
57 120 3240
15 271 3240
12 20 3240
141 152 3240
119 271 3240
134 285 3240
21 195 3240
91 238 3240
60 104 3240
7 20 3240
124 131 3240
59 221 3240
26 47 3240
139 184 3240
87 92 3240
66 139 3240
10 86 3240
2 255 3240
137 284 3240
158 323 3240
61 159 3240
67 217 3240
9 208 3240
147 172 3240
76 179 3240
36 306 3240
92 101 3240
69 211 3240
79 191 3240
7 208 3240
5 295 3240
115 269 3240
75 143 3240
129 237 3240
139 236 3240
139 209 3240
127 250 3240
119 132 3240
91 265 3240
75 147 3240
32 294 3240
107 258 3240
113 143 3240
113 302 3240
159 248 3240
138 236 3240
95 306 3240
61 113 3240
90 203 3240
99 170 3240
88 164 3240
63 177 3240
48 256 3240
116 217 3240
37 284 3240
142 296 3240
37 102 3240
131 170 3240
127 276 3240
41 151 3240
2 172 3240
16 60 3240
160 244 3240
101 204 3240
46 322 3240
135 285 3240
160 276 3240
17 74 3240
102 108 3240
130 213 3240
57 168 3240
50 88 3240
16 181 3240
36 283 3240
29 46 3240
109 223 3240
131 212 3240
130 232 3240
33 174 3240
84 92 3240
50 149 3240
58 202 3240
140 235 3240
49 230 3240
16 36 3240
93 122 3240
162 261 3240
57 128 3240
100 149 3240
23 117 3240
0 124 3240
115 309 3240
56 300 3240
19 287 3240
132 204 3240
5 163 3240
115 270 3240
108 251 3240
119 159 3240
66 194 3240
116 186 3240
142 188 3240
162 253 3240
143 273 3240
158 237 3240
124 204 3240
149 229 3240
98 258 3240
41 145 3240
49 146 3240
71 131 3240
15 186 3240
129 135 3240
18 35 3240
7 20 3240
43 258 3240
99 201 3240
125 254 3240
35 316 3240
128 224 3240
115 320 3240
125 254 3240
123 178 3240
132 173 3240
106 160 3240
73 303 3240
141 163 3240
95 295 3240
80 271 3240
74 164 3240
23 203 3240
159 221 3240
106 152 3240
57 153 3240
41 92 3240
8 212 3240
49 240 3240
52 259 3240
25 281 3240
65 151 3240
162 205 3240
3 202 3240
42 53 3240
120 249 3240
51 251 3240
37 71 3240
139 150 3240
51 307 3240
83 322 3240
133 301 3240
74 322 3240
10 64 3240
9 54 3240
77 82 3240
69 262 3240
87 302 3240
159 273 3240
29 154 3240
11 112 3240
59 197 3240
138 218 3240
21 40 3240
74 150 3240
70 160 3240
112 232 3240
153 252 3240
13 276 3240
107 299 3240
91 134 3240
162 297 3240
145 234 3240
93 189 3240
95 151 3240
126 188 3240
127 265 3240
78 185 3240
71 182 3240
17 235 3240
95 252 3240
50 186 3240
64 159 3240
153 182 3240
121 189 3240
93 282 3240
74 315 3240
135 209 3240
145 229 3240
70 131 3240
12 213 3240
145 277 3240
73 272 3240
111 137 3240
131 214 3240
161 176 3240
116 272 3240
93 196 3240
51 156 3240
37 150 3240
11 163 3240
87 206 3240
139 176 3240
143 271 3240
139 197 3240
128 287 3240
47 251 3240
3 89 3240
69 271 3240
