0 1 3280
1 2 3280
2 3 3280
3 4 3280
4 5 3280
5 6 3280
6 7 3280
7 8 3280
8 9 3280
9 10 3280
10 11 3280
11 12 3280
12 13 3280
13 14 3280
14 15 3280
15 16 3280
16 17 3280
17 18 3280
18 19 3280
19 20 3280
20 21 3280
21 22 3280
22 23 3280
23 24 3280
24 25 3280
25 26 3280
26 27 3280
27 28 3280
28 29 3280
29 30 3280
30 31 3280
31 32 3280
32 33 3280
33 34 3280
34 35 3280
35 36 3280
36 37 3280
37 38 3280
38 39 3280
39 40 3280
40 41 3280
41 42 3280
42 43 3280
43 44 3280
44 45 3280
45 46 3280
46 47 3280
47 48 3280
48 49 3280
49 50 3280
50 51 3280
51 52 3280
52 53 3280
53 54 3280
54 55 3280
55 56 3280
56 57 3280
57 58 3280
58 59 3280
59 60 3280
60 61 3280
61 62 3280
62 63 3280
63 64 3280
64 65 3280
65 66 3280
66 67 3280
67 68 3280
68 69 3280
69 70 3280
70 71 3280
71 72 3280
72 73 3280
73 74 3280
74 75 3280
75 76 3280
76 77 3280
77 78 3280
78 79 3280
79 80 3280
80 81 3280
81 82 3280
82 83 3280
83 84 3280
84 85 3280
85 86 3280
86 87 3280
87 88 3280
88 89 3280
89 90 3280
90 91 3280
91 92 3280
92 93 3280
93 94 3280
94 95 3280
95 96 3280
96 97 3280
97 98 3280
98 99 3280
99 100 3280
100 101 3280
101 102 3280
102 103 3280
103 104 3280
104 105 3280
105 106 3280
106 107 3280
107 108 3280
108 109 3280
109 110 3280
110 111 3280
111 112 3280
112 113 3280
113 114 3280
114 115 3280
115 116 3280
116 117 3280
117 118 3280
118 119 3280
119 120 3280
120 121 3280
121 122 3280
122 123 3280
123 124 3280
124 125 3280
125 126 3280
126 127 3280
127 128 3280
128 129 3280
129 130 3280
130 131 3280
131 132 3280
132 133 3280
133 134 3280
134 135 3280
135 136 3280
136 137 3280
137 138 3280
138 139 3280
139 140 3280
140 141 3280
141 142 3280
142 143 3280
143 144 3280
144 145 3280
145 146 3280
146 147 3280
147 148 3280
148 149 3280
149 150 3280
150 151 3280
151 152 3280
152 153 3280
153 154 3280
154 155 3280
155 156 3280
156 157 3280
157 158 3280
158 159 3280
159 160 3280
160 161 3280
161 162 3280
162 163 3280
163 164 3280
164 165 3280
165 166 3280
166 167 3280
167 168 3280
168 169 3280
169 170 3280
170 171 3280
171 172 3280
172 173 3280
173 174 3280
174 175 3280
175 176 3280
176 177 3280
177 178 3280
178 179 3280
179 180 3280
180 181 3280
181 182 3280
182 183 3280
183 184 3280
184 185 3280
185 186 3280
186 187 3280
187 188 3280
188 189 3280
189 190 3280
190 191 3280
191 192 3280
192 193 3280
193 194 3280
194 195 3280
195 196 3280
196 197 3280
197 198 3280
198 199 3280
199 200 3280
200 201 3280
201 202 3280
202 203 3280
203 204 3280
204 205 3280
205 206 3280
206 207 3280
207 208 3280
208 209 3280
209 210 3280
210 211 3280
211 212 3280
212 213 3280
213 214 3280
214 215 3280
215 216 3280
216 217 3280
217 218 3280
218 219 3280
219 220 3280
220 221 3280
221 222 3280
222 223 3280
223 224 3280
224 225 3280
225 226 3280
226 227 3280
227 228 3280
228 229 3280
229 230 3280
230 231 3280
231 232 3280
232 233 3280
233 234 3280
234 235 3280
235 236 3280
236 237 3280
237 238 3280
238 239 3280
239 240 3280
240 241 3280
241 242 3280
242 243 3280
243 244 3280
244 245 3280
245 246 3280
246 247 3280
247 248 3280
248 249 3280
249 250 3280
250 251 3280
251 252 3280
252 253 3280
253 254 3280
254 255 3280
255 256 3280
256 257 3280
257 258 3280
258 259 3280
259 260 3280
260 261 3280
261 262 3280
262 263 3280
263 264 3280
264 265 3280
265 266 3280
266 267 3280
267 268 3280
268 269 3280
269 270 3280
270 271 3280
271 272 3280
272 273 3280
273 274 3280
274 275 3280
275 276 3280
276 277 3280
277 278 3280
278 279 3280
279 280 3280
280 281 3280
281 282 3280
282 283 3280
283 284 3280
284 285 3280
285 286 3280
286 287 3280
287 288 3280
288 289 3280
289 290 3280
290 291 3280
291 292 3280
292 293 3280
293 294 3280
294 295 3280
295 296 3280
296 297 3280
297 298 3280
298 299 3280
299 300 3280
300 301 3280
301 302 3280
302 303 3280
303 304 3280
304 305 3280
305 306 3280
306 307 3280
307 308 3280
308 309 3280
309 310 3280
310 311 3280
311 312 3280
312 313 3280
313 314 3280
314 315 3280
315 316 3280
316 317 3280
317 318 3280
318 319 3280
319 320 3280
320 321 3280
321 322 3280
322 323 3280
323 324 3280
324 325 3280
325 326 3280
326 327 3280
39 134 3280
94 244 3280
77 291 3280
0 240 3280
157 250 3280
0 295 3280
4 130 3280
47 116 3280
18 132 3280
23 236 3280
106 156 3280
45 225 3280
13 186 3280
118 121 3280
10 121 3280
74 88 3280
153 278 3280
110 259 3280
52 122 3280
78 194 3280
106 138 3280
11 118 3280
94 309 3280
131 221 3280
150 159 3280
135 213 3280
159 262 3280
87 153 3280
131 249 3280
93 190 3280
95 164 3280
124 205 3280
76 152 3280
42 152 3280
42 316 3280
110 216 3280
76 149 3280
81 257 3280
156 206 3280
103 118 3280
131 147 3280
89 327 3280
36 221 3280
8 314 3280
82 250 3280
30 102 3280
34 285 3280
30 307 3280
142 264 3280
56 256 3280
9 243 3280
112 240 3280
16 189 3280
118 181 3280
51 150 3280
33 205 3280
43 275 3280
115 204 3280
96 112 3280
42 114 3280
56 213 3280
36 320 3280
82 146 3280
156 280 3280
28 309 3280
76 166 3280
115 168 3280
3 30 3280
40 155 3280
73 202 3280
51 53 3280
112 182 3280
97 178 3280
124 196 3280
128 317 3280
159 280 3280
62 295 3280
148 175 3280
3 309 3280
26 225 3280
164 243 3280
13 254 3280
40 44 3280
123 187 3280
84 307 3280
55 75 3280
103 137 3280
14 42 3280
10 327 3280
135 265 3280
131 268 3280
11 214 3280
26 84 3280
20 269 3280
125 297 3280
149 177 3280
119 261 3280
11 204 3280
118 136 3280
93 202 3280
129 145 3280
78 317 3280
113 323 3280
143 279 3280
42 289 3280
10 269 3280
128 230 3280
74 131 3280
31 163 3280
72 139 3280
126 284 3280
81 258 3280
95 193 3280
73 217 3280
44 217 3280
126 273 3280
152 178 3280
164 263 3280
25 322 3280
86 306 3280
27 91 3280
70 295 3280
70 190 3280
90 206 3280
52 175 3280
10 170 3280
57 228 3280
97 162 3280
61 153 3280
162 286 3280
111 278 3280
36 220 3280
155 313 3280
21 25 3280
133 271 3280
71 298 3280
75 236 3280
9 228 3280
53 95 3280
132 268 3280
57 134 3280
19 179 3280
52 265 3280
35 38 3280
143 230 3280
13 174 3280
141 197 3280
59 246 3280
138 160 3280
23 248 3280
81 95 3280
124 139 3280
99 227 3280
133 310 3280
114 289 3280
80 242 3280
76 79 3280
23 282 3280
128 276 3280
59 258 3280
15 191 3280
164 228 3280
72 154 3280
162 191 3280
96 237 3280
6 238 3280
161 274 3280
91 140 3280
138 180 3280
11 154 3280
108 288 3280
21 26 3280
154 250 3280
154 300 3280
10 15 3280
53 271 3280
156 312 3280
59 127 3280
80 285 3280
26 253 3280
64 205 3280
20 114 3280
21 72 3280
76 262 3280
150 229 3280
17 128 3280
73 92 3280
130 325 3280
63 256 3280
25 62 3280
86 160 3280
123 186 3280
50 248 3280
142 233 3280
142 281 3280
20 23 3280
5 171 3280
77 234 3280
75 323 3280
45 50 3280
53 278 3280
71 84 3280
53 146 3280
1 186 3280
7 153 3280
53 224 3280
46 241 3280
49 99 3280
154 204 3280
36 41 3280
132 161 3280
11 280 3280
44 80 3280
34 79 3280
65 114 3280
88 207 3280
3 157 3280
80 294 3280
16 198 3280
77 196 3280
144 230 3280
126 203 3280
87 309 3280
148 266 3280
129 293 3280
150 308 3280
8 220 3280
88 132 3280
64 226 3280
154 320 3280
65 156 3280
163 293 3280
100 171 3280
157 275 3280
158 274 3280
53 69 3280
90 296 3280
5 209 3280
87 241 3280
125 228 3280
59 223 3280
160 191 3280
153 248 3280
116 315 3280
24 158 3280
92 317 3280
120 322 3280
80 90 3280
39 321 3280
22 25 3280
40 262 3280
115 311 3280
10 102 3280
1 222 3280
12 17 3280
155 291 3280
54 276 3280
35 79 3280
90 182 3280
48 137 3280
63 225 3280
65 194 3280
112 262 3280
88 205 3280
14 237 3280
119 209 3280
147 244 3280
27 80 3280
3 284 3280
66 156 3280
18 226 3280
143 308 3280
126 215 3280
97 318 3280
104 271 3280
18 74 3280
142 196 3280
99 166 3280
64 258 3280
37 323 3280
98 238 3280
48 160 3280
119 129 3280
89 162 3280
43 210 3280
117 220 3280
75 171 3280
161 197 3280
43 170 3280
72 218 3280
19 29 3280
123 141 3280
15 194 3280
117 248 3280
12 57 3280
22 306 3280
3 76 3280
45 60 3280
133 274 3280
84 110 3280
13 212 3280
64 225 3280
109 303 3280
96 168 3280
8 70 3280
30 192 3280
29 63 3280
25 218 3280
62 151 3280
142 297 3280
17 107 3280
88 258 3280
108 240 3280
37 261 3280
154 266 3280
119 249 3280
125 257 3280
104 192 3280
95 254 3280
151 243 3280
56 218 3280
58 230 3280
14 29 3280
151 177 3280
95 304 3280
30 107 3280
164 245 3280
