0 1 320
1 2 320
2 3 320
3 4 320
4 5 320
5 6 320
6 7 320
7 8 320
8 9 320
9 10 320
10 11 320
11 12 320
12 13 320
13 14 320
14 15 320
15 16 320
16 17 320
17 18 320
18 19 320
19 20 320
20 21 320
21 22 320
22 23 320
23 24 320
24 25 320
25 26 320
26 27 320
27 28 320
28 29 320
29 30 320
30 31 320
15 30 320
2 28 320
12 19 320
4 10 320
9 21 320
14 23 320
4 26 320
11 19 320
6 13 320
14 29 320
11 20 320
4 29 320
16 23 320
10 12 320
16 24 320
3 19 320
1 18 320
1 12 320
9 13 320
0 27 320
12 31 320
12 24 320
6 10 320
0 23 320
12 21 320
16 30 320
9 25 320
