0 1 3320
1 2 3320
2 3 3320
3 4 3320
4 5 3320
5 6 3320
6 7 3320
7 8 3320
8 9 3320
9 10 3320
10 11 3320
11 12 3320
12 13 3320
13 14 3320
14 15 3320
15 16 3320
16 17 3320
17 18 3320
18 19 3320
19 20 3320
20 21 3320
21 22 3320
22 23 3320
23 24 3320
24 25 3320
25 26 3320
26 27 3320
27 28 3320
28 29 3320
29 30 3320
30 31 3320
31 32 3320
32 33 3320
33 34 3320
34 35 3320
35 36 3320
36 37 3320
37 38 3320
38 39 3320
39 40 3320
40 41 3320
41 42 3320
42 43 3320
43 44 3320
44 45 3320
45 46 3320
46 47 3320
47 48 3320
48 49 3320
49 50 3320
50 51 3320
51 52 3320
52 53 3320
53 54 3320
54 55 3320
55 56 3320
56 57 3320
57 58 3320
58 59 3320
59 60 3320
60 61 3320
61 62 3320
62 63 3320
63 64 3320
64 65 3320
65 66 3320
66 67 3320
67 68 3320
68 69 3320
69 70 3320
70 71 3320
71 72 3320
72 73 3320
73 74 3320
74 75 3320
75 76 3320
76 77 3320
77 78 3320
78 79 3320
79 80 3320
80 81 3320
81 82 3320
82 83 3320
83 84 3320
84 85 3320
85 86 3320
86 87 3320
87 88 3320
88 89 3320
89 90 3320
90 91 3320
91 92 3320
92 93 3320
93 94 3320
94 95 3320
95 96 3320
96 97 3320
97 98 3320
98 99 3320
99 100 3320
100 101 3320
101 102 3320
102 103 3320
103 104 3320
104 105 3320
105 106 3320
106 107 3320
107 108 3320
108 109 3320
109 110 3320
110 111 3320
111 112 3320
112 113 3320
113 114 3320
114 115 3320
115 116 3320
116 117 3320
117 118 3320
118 119 3320
119 120 3320
120 121 3320
121 122 3320
122 123 3320
123 124 3320
124 125 3320
125 126 3320
126 127 3320
127 128 3320
128 129 3320
129 130 3320
130 131 3320
131 132 3320
132 133 3320
133 134 3320
134 135 3320
135 136 3320
136 137 3320
137 138 3320
138 139 3320
139 140 3320
140 141 3320
141 142 3320
142 143 3320
143 144 3320
144 145 3320
145 146 3320
146 147 3320
147 148 3320
148 149 3320
149 150 3320
150 151 3320
151 152 3320
152 153 3320
153 154 3320
154 155 3320
155 156 3320
156 157 3320
157 158 3320
158 159 3320
159 160 3320
160 161 3320
161 162 3320
162 163 3320
163 164 3320
164 165 3320
165 166 3320
166 167 3320
167 168 3320
168 169 3320
169 170 3320
170 171 3320
171 172 3320
172 173 3320
173 174 3320
174 175 3320
175 176 3320
176 177 3320
177 178 3320
178 179 3320
179 180 3320
180 181 3320
181 182 3320
182 183 3320
183 184 3320
184 185 3320
185 186 3320
186 187 3320
187 188 3320
188 189 3320
189 190 3320
190 191 3320
191 192 3320
192 193 3320
193 194 3320
194 195 3320
195 196 3320
196 197 3320
197 198 3320
198 199 3320
199 200 3320
200 201 3320
201 202 3320
202 203 3320
203 204 3320
204 205 3320
205 206 3320
206 207 3320
207 208 3320
208 209 3320
209 210 3320
210 211 3320
211 212 3320
212 213 3320
213 214 3320
214 215 3320
215 216 3320
216 217 3320
217 218 3320
218 219 3320
219 220 3320
220 221 3320
221 222 3320
222 223 3320
223 224 3320
224 225 3320
225 226 3320
226 227 3320
227 228 3320
228 229 3320
229 230 3320
230 231 3320
231 232 3320
232 233 3320
233 234 3320
234 235 3320
235 236 3320
236 237 3320
237 238 3320
238 239 3320
239 240 3320
240 241 3320
241 242 3320
242 243 3320
243 244 3320
244 245 3320
245 246 3320
246 247 3320
247 248 3320
248 249 3320
249 250 3320
250 251 3320
251 252 3320
252 253 3320
253 254 3320
254 255 3320
255 256 3320
256 257 3320
257 258 3320
258 259 3320
259 260 3320
260 261 3320
261 262 3320
262 263 3320
263 264 3320
264 265 3320
265 266 3320
266 267 3320
267 268 3320
268 269 3320
269 270 3320
270 271 3320
271 272 3320
272 273 3320
273 274 3320
274 275 3320
275 276 3320
276 277 3320
277 278 3320
278 279 3320
279 280 3320
280 281 3320
281 282 3320
282 283 3320
283 284 3320
284 285 3320
285 286 3320
286 287 3320
287 288 3320
288 289 3320
289 290 3320
290 291 3320
291 292 3320
292 293 3320
293 294 3320
294 295 3320
295 296 3320
296 297 3320
297 298 3320
298 299 3320
299 300 3320
300 301 3320
301 302 3320
302 303 3320
303 304 3320
304 305 3320
305 306 3320
306 307 3320
307 308 3320
308 309 3320
309 310 3320
310 311 3320
311 312 3320
312 313 3320
313 314 3320
314 315 3320
315 316 3320
316 317 3320
317 318 3320
318 319 3320
319 320 3320
320 321 3320
321 322 3320
322 323 3320
323 324 3320
324 325 3320
325 326 3320
326 327 3320
327 328 3320
328 329 3320
329 330 3320
330 331 3320
91 94 3320
162 240 3320
40 164 3320
63 330 3320
67 226 3320
2 178 3320
48 302 3320
44 194 3320
74 95 3320
67 324 3320
28 165 3320
139 286 3320
84 95 3320
162 316 3320
10 154 3320
116 230 3320
66 258 3320
116 216 3320
144 274 3320
154 264 3320
142 325 3320
49 148 3320
145 249 3320
18 120 3320
133 215 3320
51 59 3320
111 116 3320
45 151 3320
133 260 3320
126 259 3320
40 121 3320
117 274 3320
100 102 3320
120 203 3320
46 64 3320
109 151 3320
13 288 3320
2 233 3320
48 265 3320
81 138 3320
119 139 3320
6 165 3320
93 109 3320
141 277 3320
89 320 3320
27 109 3320
125 280 3320
113 229 3320
143 155 3320
114 159 3320
78 150 3320
70 77 3320
87 236 3320
104 198 3320
2 310 3320
15 294 3320
55 209 3320
0 141 3320
20 331 3320
14 28 3320
117 297 3320
12 22 3320
116 178 3320
145 247 3320
110 112 3320
161 187 3320
0 110 3320
40 175 3320
22 196 3320
46 288 3320
106 220 3320
52 61 3320
142 171 3320
161 215 3320
125 134 3320
146 281 3320
165 258 3320
156 165 3320
74 194 3320
140 211 3320
12 175 3320
119 219 3320
82 144 3320
159 196 3320
83 285 3320
115 247 3320
17 316 3320
90 323 3320
56 59 3320
122 178 3320
54 273 3320
0 94 3320
123 265 3320
150 251 3320
11 31 3320
106 317 3320
102 149 3320
40 70 3320
144 218 3320
111 268 3320
152 313 3320
100 288 3320
55 327 3320
55 183 3320
17 178 3320
96 121 3320
38 42 3320
95 262 3320
101 103 3320
17 308 3320
8 78 3320
151 176 3320
152 241 3320
73 255 3320
155 217 3320
64 172 3320
28 45 3320
97 244 3320
31 208 3320
165 173 3320
139 232 3320
144 165 3320
24 127 3320
104 289 3320
76 251 3320
81 224 3320
38 222 3320
62 224 3320
133 203 3320
149 187 3320
41 180 3320
62 65 3320
164 182 3320
96 139 3320
31 168 3320
28 129 3320
27 86 3320
2 59 3320
153 300 3320
152 196 3320
63 275 3320
70 221 3320
117 147 3320
16 166 3320
91 154 3320
104 204 3320
58 162 3320
110 239 3320
142 314 3320
116 265 3320
29 259 3320
120 171 3320
56 120 3320
149 222 3320
141 223 3320
165 231 3320
101 215 3320
162 313 3320
146 320 3320
71 287 3320
107 231 3320
104 186 3320
154 287 3320
22 294 3320
109 147 3320
131 159 3320
131 147 3320
120 237 3320
44 289 3320
97 321 3320
5 195 3320
25 113 3320
118 155 3320
84 111 3320
26 130 3320
95 119 3320
120 234 3320
55 117 3320
24 49 3320
51 271 3320
53 131 3320
73 239 3320
118 120 3320
142 237 3320
95 252 3320
77 286 3320
29 310 3320
81 98 3320
118 271 3320
165 248 3320
3 234 3320
141 215 3320
22 85 3320
42 103 3320
75 79 3320
108 237 3320
158 170 3320
109 283 3320
127 140 3320
162 267 3320
44 196 3320
153 261 3320
28 189 3320
82 331 3320
33 38 3320
62 268 3320
164 238 3320
157 229 3320
56 171 3320
11 151 3320
26 277 3320
143 329 3320
153 224 3320
149 189 3320
152 165 3320
106 203 3320
17 277 3320
130 183 3320
140 277 3320
121 164 3320
145 276 3320
137 196 3320
85 102 3320
106 286 3320
129 208 3320
125 304 3320
119 129 3320
94 110 3320
89 95 3320
96 274 3320
87 279 3320
138 171 3320
48 171 3320
75 179 3320
153 263 3320
3 202 3320
164 328 3320
14 25 3320
135 331 3320
138 228 3320
104 195 3320
59 122 3320
147 178 3320
88 292 3320
152 254 3320
145 241 3320
106 195 3320
133 176 3320
140 167 3320
132 175 3320
8 76 3320
143 151 3320
122 139 3320
112 248 3320
59 87 3320
41 189 3320
108 243 3320
109 292 3320
143 316 3320
159 220 3320
34 281 3320
156 328 3320
144 224 3320
23 166 3320
14 236 3320
134 147 3320
106 223 3320
97 225 3320
48 128 3320
19 161 3320
59 69 3320
36 171 3320
75 159 3320
8 153 3320
145 230 3320
136 305 3320
133 181 3320
108 118 3320
30 98 3320
23 118 3320
24 88 3320
128 258 3320
79 117 3320
71 91 3320
105 317 3320
69 235 3320
70 99 3320
147 312 3320
39 80 3320
57 140 3320
37 228 3320
93 225 3320
127 132 3320
154 217 3320
145 282 3320
21 252 3320
139 156 3320
141 292 3320
33 99 3320
5 53 3320
111 160 3320
23 116 3320
35 49 3320
91 136 3320
34 153 3320
110 201 3320
138 148 3320
36 317 3320
150 269 3320
113 120 3320
19 272 3320
115 164 3320
103 114 3320
3 312 3320
14 99 3320
52 257 3320
43 88 3320
132 180 3320
70 216 3320
42 231 3320
64 138 3320
42 58 3320
122 265 3320
99 210 3320
122 321 3320
19 218 3320
112 146 3320
88 203 3320
153 297 3320
32 301 3320
