0 1 3360
1 2 3360
2 3 3360
3 4 3360
4 5 3360
5 6 3360
6 7 3360
7 8 3360
8 9 3360
9 10 3360
10 11 3360
11 12 3360
12 13 3360
13 14 3360
14 15 3360
15 16 3360
16 17 3360
17 18 3360
18 19 3360
19 20 3360
20 21 3360
21 22 3360
22 23 3360
23 24 3360
24 25 3360
25 26 3360
26 27 3360
27 28 3360
28 29 3360
29 30 3360
30 31 3360
31 32 3360
32 33 3360
33 34 3360
34 35 3360
35 36 3360
36 37 3360
37 38 3360
38 39 3360
39 40 3360
40 41 3360
41 42 3360
42 43 3360
43 44 3360
44 45 3360
45 46 3360
46 47 3360
47 48 3360
48 49 3360
49 50 3360
50 51 3360
51 52 3360
52 53 3360
53 54 3360
54 55 3360
55 56 3360
56 57 3360
57 58 3360
58 59 3360
59 60 3360
60 61 3360
61 62 3360
62 63 3360
63 64 3360
64 65 3360
65 66 3360
66 67 3360
67 68 3360
68 69 3360
69 70 3360
70 71 3360
71 72 3360
72 73 3360
73 74 3360
74 75 3360
75 76 3360
76 77 3360
77 78 3360
78 79 3360
79 80 3360
80 81 3360
81 82 3360
82 83 3360
83 84 3360
84 85 3360
85 86 3360
86 87 3360
87 88 3360
88 89 3360
89 90 3360
90 91 3360
91 92 3360
92 93 3360
93 94 3360
94 95 3360
95 96 3360
96 97 3360
97 98 3360
98 99 3360
99 100 3360
100 101 3360
101 102 3360
102 103 3360
103 104 3360
104 105 3360
105 106 3360
106 107 3360
107 108 3360
108 109 3360
109 110 3360
110 111 3360
111 112 3360
112 113 3360
113 114 3360
114 115 3360
115 116 3360
116 117 3360
117 118 3360
118 119 3360
119 120 3360
120 121 3360
121 122 3360
122 123 3360
123 124 3360
124 125 3360
125 126 3360
126 127 3360
127 128 3360
128 129 3360
129 130 3360
130 131 3360
131 132 3360
132 133 3360
133 134 3360
134 135 3360
135 136 3360
136 137 3360
137 138 3360
138 139 3360
139 140 3360
140 141 3360
141 142 3360
142 143 3360
143 144 3360
144 145 3360
145 146 3360
146 147 3360
147 148 3360
148 149 3360
149 150 3360
150 151 3360
151 152 3360
152 153 3360
153 154 3360
154 155 3360
155 156 3360
156 157 3360
157 158 3360
158 159 3360
159 160 3360
160 161 3360
161 162 3360
162 163 3360
163 164 3360
164 165 3360
165 166 3360
166 167 3360
167 168 3360
168 169 3360
169 170 3360
170 171 3360
171 172 3360
172 173 3360
173 174 3360
174 175 3360
175 176 3360
176 177 3360
177 178 3360
178 179 3360
179 180 3360
180 181 3360
181 182 3360
182 183 3360
183 184 3360
184 185 3360
185 186 3360
186 187 3360
187 188 3360
188 189 3360
189 190 3360
190 191 3360
191 192 3360
192 193 3360
193 194 3360
194 195 3360
195 196 3360
196 197 3360
197 198 3360
198 199 3360
199 200 3360
200 201 3360
201 202 3360
202 203 3360
203 204 3360
204 205 3360
205 206 3360
206 207 3360
207 208 3360
208 209 3360
209 210 3360
210 211 3360
211 212 3360
212 213 3360
213 214 3360
214 215 3360
215 216 3360
216 217 3360
217 218 3360
218 219 3360
219 220 3360
220 221 3360
221 222 3360
222 223 3360
223 224 3360
224 225 3360
225 226 3360
226 227 3360
227 228 3360
228 229 3360
229 230 3360
230 231 3360
231 232 3360
232 233 3360
233 234 3360
234 235 3360
235 236 3360
236 237 3360
237 238 3360
238 239 3360
239 240 3360
240 241 3360
241 242 3360
242 243 3360
243 244 3360
244 245 3360
245 246 3360
246 247 3360
247 248 3360
248 249 3360
249 250 3360
250 251 3360
251 252 3360
252 253 3360
253 254 3360
254 255 3360
255 256 3360
256 257 3360
257 258 3360
258 259 3360
259 260 3360
260 261 3360
261 262 3360
262 263 3360
263 264 3360
264 265 3360
265 266 3360
266 267 3360
267 268 3360
268 269 3360
269 270 3360
270 271 3360
271 272 3360
272 273 3360
273 274 3360
274 275 3360
275 276 3360
276 277 3360
277 278 3360
278 279 3360
279 280 3360
280 281 3360
281 282 3360
282 283 3360
283 284 3360
284 285 3360
285 286 3360
286 287 3360
287 288 3360
288 289 3360
289 290 3360
290 291 3360
291 292 3360
292 293 3360
293 294 3360
294 295 3360
295 296 3360
296 297 3360
297 298 3360
298 299 3360
299 300 3360
300 301 3360
301 302 3360
302 303 3360
303 304 3360
304 305 3360
305 306 3360
306 307 3360
307 308 3360
308 309 3360
309 310 3360
310 311 3360
311 312 3360
312 313 3360
313 314 3360
314 315 3360
315 316 3360
316 317 3360
317 318 3360
318 319 3360
319 320 3360
320 321 3360
321 322 3360
322 323 3360
323 324 3360
324 325 3360
325 326 3360
326 327 3360
327 328 3360
328 329 3360
329 330 3360
330 331 3360
331 332 3360
332 333 3360
333 334 3360
334 335 3360
74 122 3360
100 166 3360
166 218 3360
41 143 3360
159 161 3360
132 308 3360
160 250 3360
33 321 3360
1 267 3360
107 308 3360
18 129 3360
167 175 3360
125 133 3360
163 294 3360
138 202 3360
60 306 3360
7 276 3360
25 74 3360
109 227 3360
135 151 3360
168 320 3360
21 234 3360
144 191 3360
115 332 3360
14 127 3360
21 146 3360
10 54 3360
55 285 3360
11 167 3360
41 209 3360
116 196 3360
74 145 3360
163 275 3360
58 238 3360
41 78 3360
66 190 3360
94 246 3360
137 236 3360
142 159 3360
25 202 3360
94 176 3360
60 150 3360
72 173 3360
84 163 3360
73 332 3360
66 159 3360
79 207 3360
66 157 3360
74 156 3360
60 120 3360
162 306 3360
101 245 3360
15 293 3360
113 295 3360
52 200 3360
23 93 3360
4 181 3360
88 325 3360
154 305 3360
160 219 3360
152 264 3360
139 207 3360
69 160 3360
62 115 3360
77 81 3360
44 191 3360
77 277 3360
65 327 3360
79 262 3360
72 314 3360
53 114 3360
77 107 3360
135 328 3360
72 130 3360
137 179 3360
124 308 3360
6 20 3360
93 247 3360
22 319 3360
157 255 3360
8 112 3360
114 228 3360
58 184 3360
111 229 3360
159 203 3360
63 144 3360
116 119 3360
21 114 3360
130 217 3360
46 238 3360
70 183 3360
119 296 3360
60 319 3360
46 114 3360
116 246 3360
68 332 3360
133 334 3360
89 243 3360
39 139 3360
74 80 3360
79 311 3360
10 77 3360
142 161 3360
105 330 3360
141 148 3360
130 196 3360
119 188 3360
140 325 3360
117 127 3360
22 59 3360
8 198 3360
69 242 3360
163 205 3360
2 175 3360
70 194 3360
11 246 3360
124 234 3360
154 323 3360
21 36 3360
24 147 3360
64 151 3360
117 332 3360
100 279 3360
120 183 3360
64 278 3360
68 155 3360
69 254 3360
145 323 3360
92 271 3360
167 270 3360
129 295 3360
25 42 3360
58 252 3360
133 162 3360
59 326 3360
68 166 3360
7 25 3360
17 286 3360
135 197 3360
90 286 3360
57 100 3360
31 251 3360
71 115 3360
29 210 3360
63 295 3360
93 200 3360
132 267 3360
40 275 3360
71 233 3360
154 186 3360
147 218 3360
62 150 3360
23 323 3360
76 165 3360
131 176 3360
27 140 3360
154 305 3360
132 245 3360
104 207 3360
117 203 3360
40 335 3360
39 69 3360
168 263 3360
139 159 3360
42 278 3360
84 203 3360
138 288 3360
63 79 3360
35 303 3360
164 238 3360
118 279 3360
59 90 3360
35 145 3360
111 132 3360
36 159 3360
24 95 3360
75 95 3360
152 315 3360
107 207 3360
116 243 3360
6 13 3360
83 99 3360
133 149 3360
39 258 3360
165 228 3360
16 225 3360
108 331 3360
72 116 3360
97 317 3360
121 183 3360
6 323 3360
9 111 3360
24 147 3360
28 108 3360
94 260 3360
126 138 3360
156 313 3360
62 145 3360
42 103 3360
156 285 3360
88 238 3360
89 270 3360
46 219 3360
156 256 3360
29 183 3360
37 97 3360
96 324 3360
112 152 3360
24 120 3360
154 205 3360
52 292 3360
149 214 3360
164 222 3360
102 254 3360
7 312 3360
18 165 3360
43 165 3360
153 322 3360
7 197 3360
147 227 3360
113 169 3360
113 314 3360
143 222 3360
62 275 3360
73 265 3360
3 68 3360
60 238 3360
40 319 3360
26 141 3360
96 125 3360
48 124 3360
29 87 3360
118 130 3360
105 293 3360
115 211 3360
107 151 3360
131 297 3360
69 152 3360
167 240 3360
100 272 3360
163 222 3360
157 333 3360
18 121 3360
86 282 3360
70 220 3360
35 283 3360
97 100 3360
144 179 3360
84 307 3360
50 219 3360
130 226 3360
8 44 3360
14 65 3360
71 310 3360
125 225 3360
95 267 3360
86 198 3360
161 256 3360
120 158 3360
51 107 3360
4 247 3360
57 229 3360
96 201 3360
40 298 3360
162 313 3360
28 186 3360
82 127 3360
14 287 3360
28 292 3360
147 209 3360
118 153 3360
60 69 3360
152 269 3360
134 261 3360
151 287 3360
95 201 3360
131 306 3360
38 251 3360
4 144 3360
137 267 3360
104 129 3360
10 103 3360
150 203 3360
113 265 3360
66 244 3360
13 102 3360
132 302 3360
149 254 3360
65 302 3360
51 81 3360
0 211 3360
109 213 3360
0 142 3360
133 276 3360
133 275 3360
17 120 3360
151 310 3360
40 96 3360
114 301 3360
147 323 3360
164 258 3360
2 93 3360
64 132 3360
20 130 3360
123 200 3360
68 70 3360
117 119 3360
36 292 3360
165 318 3360
61 260 3360
30 317 3360
63 177 3360
149 166 3360
167 307 3360
96 202 3360
45 87 3360
116 193 3360
79 191 3360
21 182 3360
166 261 3360
52 296 3360
164 310 3360
60 237 3360
36 142 3360
31 92 3360
59 197 3360
111 235 3360
72 119 3360
95 317 3360
53 182 3360
106 282 3360
98 314 3360
52 92 3360
155 202 3360
147 258 3360
