0 1 3400
1 2 3400
2 3 3400
3 4 3400
4 5 3400
5 6 3400
6 7 3400
7 8 3400
8 9 3400
9 10 3400
10 11 3400
11 12 3400
12 13 3400
13 14 3400
14 15 3400
15 16 3400
16 17 3400
17 18 3400
18 19 3400
19 20 3400
20 21 3400
21 22 3400
22 23 3400
23 24 3400
24 25 3400
25 26 3400
26 27 3400
27 28 3400
28 29 3400
29 30 3400
30 31 3400
31 32 3400
32 33 3400
33 34 3400
34 35 3400
35 36 3400
36 37 3400
37 38 3400
38 39 3400
39 40 3400
40 41 3400
41 42 3400
42 43 3400
43 44 3400
44 45 3400
45 46 3400
46 47 3400
47 48 3400
48 49 3400
49 50 3400
50 51 3400
51 52 3400
52 53 3400
53 54 3400
54 55 3400
55 56 3400
56 57 3400
57 58 3400
58 59 3400
59 60 3400
60 61 3400
61 62 3400
62 63 3400
63 64 3400
64 65 3400
65 66 3400
66 67 3400
67 68 3400
68 69 3400
69 70 3400
70 71 3400
71 72 3400
72 73 3400
73 74 3400
74 75 3400
75 76 3400
76 77 3400
77 78 3400
78 79 3400
79 80 3400
80 81 3400
81 82 3400
82 83 3400
83 84 3400
84 85 3400
85 86 3400
86 87 3400
87 88 3400
88 89 3400
89 90 3400
90 91 3400
91 92 3400
92 93 3400
93 94 3400
94 95 3400
95 96 3400
96 97 3400
97 98 3400
98 99 3400
99 100 3400
100 101 3400
101 102 3400
102 103 3400
103 104 3400
104 105 3400
105 106 3400
106 107 3400
107 108 3400
108 109 3400
109 110 3400
110 111 3400
111 112 3400
112 113 3400
113 114 3400
114 115 3400
115 116 3400
116 117 3400
117 118 3400
118 119 3400
119 120 3400
120 121 3400
121 122 3400
122 123 3400
123 124 3400
124 125 3400
125 126 3400
126 127 3400
127 128 3400
128 129 3400
129 130 3400
130 131 3400
131 132 3400
132 133 3400
133 134 3400
134 135 3400
135 136 3400
136 137 3400
137 138 3400
138 139 3400
139 140 3400
140 141 3400
141 142 3400
142 143 3400
143 144 3400
144 145 3400
145 146 3400
146 147 3400
147 148 3400
148 149 3400
149 150 3400
150 151 3400
151 152 3400
152 153 3400
153 154 3400
154 155 3400
155 156 3400
156 157 3400
157 158 3400
158 159 3400
159 160 3400
160 161 3400
161 162 3400
162 163 3400
163 164 3400
164 165 3400
165 166 3400
166 167 3400
167 168 3400
168 169 3400
169 170 3400
170 171 3400
171 172 3400
172 173 3400
173 174 3400
174 175 3400
175 176 3400
176 177 3400
177 178 3400
178 179 3400
179 180 3400
180 181 3400
181 182 3400
182 183 3400
183 184 3400
184 185 3400
185 186 3400
186 187 3400
187 188 3400
188 189 3400
189 190 3400
190 191 3400
191 192 3400
192 193 3400
193 194 3400
194 195 3400
195 196 3400
196 197 3400
197 198 3400
198 199 3400
199 200 3400
200 201 3400
201 202 3400
202 203 3400
203 204 3400
204 205 3400
205 206 3400
206 207 3400
207 208 3400
208 209 3400
209 210 3400
210 211 3400
211 212 3400
212 213 3400
213 214 3400
214 215 3400
215 216 3400
216 217 3400
217 218 3400
218 219 3400
219 220 3400
220 221 3400
221 222 3400
222 223 3400
223 224 3400
224 225 3400
225 226 3400
226 227 3400
227 228 3400
228 229 3400
229 230 3400
230 231 3400
231 232 3400
232 233 3400
233 234 3400
234 235 3400
235 236 3400
236 237 3400
237 238 3400
238 239 3400
239 240 3400
240 241 3400
241 242 3400
242 243 3400
243 244 3400
244 245 3400
245 246 3400
246 247 3400
247 248 3400
248 249 3400
249 250 3400
250 251 3400
251 252 3400
252 253 3400
253 254 3400
254 255 3400
255 256 3400
256 257 3400
257 258 3400
258 259 3400
259 260 3400
260 261 3400
261 262 3400
262 263 3400
263 264 3400
264 265 3400
265 266 3400
266 267 3400
267 268 3400
268 269 3400
269 270 3400
270 271 3400
271 272 3400
272 273 3400
273 274 3400
274 275 3400
275 276 3400
276 277 3400
277 278 3400
278 279 3400
279 280 3400
280 281 3400
281 282 3400
282 283 3400
283 284 3400
284 285 3400
285 286 3400
286 287 3400
287 288 3400
288 289 3400
289 290 3400
290 291 3400
291 292 3400
292 293 3400
293 294 3400
294 295 3400
295 296 3400
296 297 3400
297 298 3400
298 299 3400
299 300 3400
300 301 3400
301 302 3400
302 303 3400
303 304 3400
304 305 3400
305 306 3400
306 307 3400
307 308 3400
308 309 3400
309 310 3400
310 311 3400
311 312 3400
312 313 3400
313 314 3400
314 315 3400
315 316 3400
316 317 3400
317 318 3400
318 319 3400
319 320 3400
320 321 3400
321 322 3400
322 323 3400
323 324 3400
324 325 3400
325 326 3400
326 327 3400
327 328 3400
328 329 3400
329 330 3400
330 331 3400
331 332 3400
332 333 3400
333 334 3400
334 335 3400
335 336 3400
336 337 3400
337 338 3400
338 339 3400
152 336 3400
61 85 3400
149 285 3400
5 227 3400
164 183 3400
26 221 3400
77 128 3400
74 217 3400
60 116 3400
33 320 3400
75 89 3400
66 119 3400
26 100 3400
34 290 3400
73 139 3400
59 305 3400
141 178 3400
49 328 3400
131 260 3400
101 199 3400
30 238 3400
2 245 3400
115 130 3400
165 203 3400
84 200 3400
117 247 3400
63 232 3400
156 326 3400
13 274 3400
54 150 3400
25 225 3400
102 293 3400
111 188 3400
51 104 3400
13 211 3400
123 287 3400
161 172 3400
157 326 3400
59 182 3400
154 191 3400
26 165 3400
63 294 3400
161 229 3400
110 195 3400
16 138 3400
143 309 3400
77 306 3400
146 310 3400
70 195 3400
99 106 3400
112 206 3400
81 291 3400
103 319 3400
110 323 3400
31 67 3400
165 336 3400
65 226 3400
168 272 3400
92 183 3400
84 180 3400
131 222 3400
71 222 3400
89 237 3400
26 321 3400
159 236 3400
19 232 3400
96 158 3400
31 318 3400
93 220 3400
41 70 3400
32 250 3400
164 286 3400
125 268 3400
57 269 3400
155 255 3400
106 237 3400
112 229 3400
96 255 3400
50 295 3400
70 326 3400
98 225 3400
5 270 3400
155 186 3400
17 248 3400
124 307 3400
147 275 3400
53 69 3400
49 163 3400
77 214 3400
104 174 3400
78 160 3400
118 334 3400
76 199 3400
134 328 3400
39 266 3400
44 141 3400
124 144 3400
1 12 3400
124 145 3400
140 233 3400
80 223 3400
21 298 3400
46 60 3400
8 235 3400
34 302 3400
162 235 3400
101 302 3400
65 130 3400
46 188 3400
150 315 3400
78 276 3400
99 213 3400
134 189 3400
162 322 3400
101 109 3400
63 84 3400
169 212 3400
29 214 3400
108 159 3400
129 194 3400
99 221 3400
103 206 3400
146 328 3400
139 145 3400
150 240 3400
60 80 3400
95 111 3400
26 239 3400
169 311 3400
162 323 3400
41 129 3400
59 324 3400
20 152 3400
46 115 3400
55 205 3400
9 43 3400
119 157 3400
156 256 3400
49 178 3400
64 76 3400
59 150 3400
12 214 3400
86 228 3400
85 89 3400
92 225 3400
141 193 3400
148 246 3400
133 164 3400
149 339 3400
55 57 3400
56 140 3400
133 179 3400
168 187 3400
17 245 3400
45 78 3400
53 307 3400
95 213 3400
135 337 3400
94 137 3400
17 286 3400
50 189 3400
2 20 3400
123 301 3400
83 164 3400
33 158 3400
62 278 3400
24 291 3400
149 166 3400
130 319 3400
147 252 3400
111 183 3400
72 107 3400
86 298 3400
87 193 3400
46 238 3400
73 268 3400
82 247 3400
55 253 3400
104 170 3400
64 166 3400
91 98 3400
151 193 3400
32 120 3400
149 216 3400
66 337 3400
96 284 3400
64 244 3400
100 327 3400
69 159 3400
12 201 3400
111 271 3400
6 24 3400
27 267 3400
18 31 3400
84 243 3400
123 161 3400
114 252 3400
166 260 3400
9 114 3400
158 271 3400
84 210 3400
41 108 3400
127 150 3400
142 263 3400
170 267 3400
21 334 3400
37 162 3400
65 329 3400
14 84 3400
74 265 3400
158 270 3400
152 276 3400
155 251 3400
113 126 3400
91 135 3400
40 250 3400
109 209 3400
48 170 3400
21 77 3400
159 307 3400
70 191 3400
122 310 3400
111 188 3400
55 210 3400
168 252 3400
85 336 3400
68 102 3400
28 244 3400
148 282 3400
83 318 3400
26 72 3400
157 294 3400
39 44 3400
97 268 3400
26 283 3400
87 160 3400
98 254 3400
72 243 3400
101 322 3400
163 224 3400
162 322 3400
166 304 3400
67 76 3400
61 218 3400
0 284 3400
24 228 3400
163 308 3400
5 219 3400
23 259 3400
109 266 3400
52 161 3400
107 135 3400
87 239 3400
98 251 3400
48 72 3400
36 222 3400
110 221 3400
65 132 3400
131 175 3400
113 222 3400
110 279 3400
156 256 3400
165 232 3400
36 198 3400
51 160 3400
73 192 3400
137 159 3400
163 293 3400
20 172 3400
0 111 3400
6 167 3400
112 292 3400
151 220 3400
30 253 3400
85 282 3400
112 274 3400
25 238 3400
160 246 3400
165 233 3400
118 300 3400
141 213 3400
141 299 3400
36 295 3400
73 321 3400
169 319 3400
54 62 3400
119 157 3400
34 161 3400
161 189 3400
100 212 3400
28 307 3400
16 100 3400
134 167 3400
142 241 3400
152 330 3400
112 237 3400
164 233 3400
112 125 3400
129 166 3400
104 132 3400
139 153 3400
126 283 3400
124 292 3400
127 322 3400
141 149 3400
50 256 3400
151 195 3400
110 277 3400
141 278 3400
155 242 3400
158 243 3400
118 178 3400
126 188 3400
63 300 3400
58 81 3400
53 60 3400
76 199 3400
142 229 3400
166 261 3400
39 161 3400
161 201 3400
135 300 3400
115 153 3400
40 154 3400
78 251 3400
46 174 3400
80 109 3400
30 105 3400
122 133 3400
166 230 3400
93 297 3400
93 225 3400
133 235 3400
74 139 3400
74 283 3400
151 225 3400
160 293 3400
157 295 3400
