0 1 3440
1 2 3440
2 3 3440
3 4 3440
4 5 3440
5 6 3440
6 7 3440
7 8 3440
8 9 3440
9 10 3440
10 11 3440
11 12 3440
12 13 3440
13 14 3440
14 15 3440
15 16 3440
16 17 3440
17 18 3440
18 19 3440
19 20 3440
20 21 3440
21 22 3440
22 23 3440
23 24 3440
24 25 3440
25 26 3440
26 27 3440
27 28 3440
28 29 3440
29 30 3440
30 31 3440
31 32 3440
32 33 3440
33 34 3440
34 35 3440
35 36 3440
36 37 3440
37 38 3440
38 39 3440
39 40 3440
40 41 3440
41 42 3440
42 43 3440
43 44 3440
44 45 3440
45 46 3440
46 47 3440
47 48 3440
48 49 3440
49 50 3440
50 51 3440
51 52 3440
52 53 3440
53 54 3440
54 55 3440
55 56 3440
56 57 3440
57 58 3440
58 59 3440
59 60 3440
60 61 3440
61 62 3440
62 63 3440
63 64 3440
64 65 3440
65 66 3440
66 67 3440
67 68 3440
68 69 3440
69 70 3440
70 71 3440
71 72 3440
72 73 3440
73 74 3440
74 75 3440
75 76 3440
76 77 3440
77 78 3440
78 79 3440
79 80 3440
80 81 3440
81 82 3440
82 83 3440
83 84 3440
84 85 3440
85 86 3440
86 87 3440
87 88 3440
88 89 3440
89 90 3440
90 91 3440
91 92 3440
92 93 3440
93 94 3440
94 95 3440
95 96 3440
96 97 3440
97 98 3440
98 99 3440
99 100 3440
100 101 3440
101 102 3440
102 103 3440
103 104 3440
104 105 3440
105 106 3440
106 107 3440
107 108 3440
108 109 3440
109 110 3440
110 111 3440
111 112 3440
112 113 3440
113 114 3440
114 115 3440
115 116 3440
116 117 3440
117 118 3440
118 119 3440
119 120 3440
120 121 3440
121 122 3440
122 123 3440
123 124 3440
124 125 3440
125 126 3440
126 127 3440
127 128 3440
128 129 3440
129 130 3440
130 131 3440
131 132 3440
132 133 3440
133 134 3440
134 135 3440
135 136 3440
136 137 3440
137 138 3440
138 139 3440
139 140 3440
140 141 3440
141 142 3440
142 143 3440
143 144 3440
144 145 3440
145 146 3440
146 147 3440
147 148 3440
148 149 3440
149 150 3440
150 151 3440
151 152 3440
152 153 3440
153 154 3440
154 155 3440
155 156 3440
156 157 3440
157 158 3440
158 159 3440
159 160 3440
160 161 3440
161 162 3440
162 163 3440
163 164 3440
164 165 3440
165 166 3440
166 167 3440
167 168 3440
168 169 3440
169 170 3440
170 171 3440
171 172 3440
172 173 3440
173 174 3440
174 175 3440
175 176 3440
176 177 3440
177 178 3440
178 179 3440
179 180 3440
180 181 3440
181 182 3440
182 183 3440
183 184 3440
184 185 3440
185 186 3440
186 187 3440
187 188 3440
188 189 3440
189 190 3440
190 191 3440
191 192 3440
192 193 3440
193 194 3440
194 195 3440
195 196 3440
196 197 3440
197 198 3440
198 199 3440
199 200 3440
200 201 3440
201 202 3440
202 203 3440
203 204 3440
204 205 3440
205 206 3440
206 207 3440
207 208 3440
208 209 3440
209 210 3440
210 211 3440
211 212 3440
212 213 3440
213 214 3440
214 215 3440
215 216 3440
216 217 3440
217 218 3440
218 219 3440
219 220 3440
220 221 3440
221 222 3440
222 223 3440
223 224 3440
224 225 3440
225 226 3440
226 227 3440
227 228 3440
228 229 3440
229 230 3440
230 231 3440
231 232 3440
232 233 3440
233 234 3440
234 235 3440
235 236 3440
236 237 3440
237 238 3440
238 239 3440
239 240 3440
240 241 3440
241 242 3440
242 243 3440
243 244 3440
244 245 3440
245 246 3440
246 247 3440
247 248 3440
248 249 3440
249 250 3440
250 251 3440
251 252 3440
252 253 3440
253 254 3440
254 255 3440
255 256 3440
256 257 3440
257 258 3440
258 259 3440
259 260 3440
260 261 3440
261 262 3440
262 263 3440
263 264 3440
264 265 3440
265 266 3440
266 267 3440
267 268 3440
268 269 3440
269 270 3440
270 271 3440
271 272 3440
272 273 3440
273 274 3440
274 275 3440
275 276 3440
276 277 3440
277 278 3440
278 279 3440
279 280 3440
280 281 3440
281 282 3440
282 283 3440
283 284 3440
284 285 3440
285 286 3440
286 287 3440
287 288 3440
288 289 3440
289 290 3440
290 291 3440
291 292 3440
292 293 3440
293 294 3440
294 295 3440
295 296 3440
296 297 3440
297 298 3440
298 299 3440
299 300 3440
300 301 3440
301 302 3440
302 303 3440
303 304 3440
304 305 3440
305 306 3440
306 307 3440
307 308 3440
308 309 3440
309 310 3440
310 311 3440
311 312 3440
312 313 3440
313 314 3440
314 315 3440
315 316 3440
316 317 3440
317 318 3440
318 319 3440
319 320 3440
320 321 3440
321 322 3440
322 323 3440
323 324 3440
324 325 3440
325 326 3440
326 327 3440
327 328 3440
328 329 3440
329 330 3440
330 331 3440
331 332 3440
332 333 3440
333 334 3440
334 335 3440
335 336 3440
336 337 3440
337 338 3440
338 339 3440
339 340 3440
340 341 3440
341 342 3440
342 343 3440
24 80 3440
105 139 3440
135 259 3440
149 177 3440
150 290 3440
86 251 3440
96 342 3440
49 100 3440
138 255 3440
149 267 3440
156 239 3440
81 97 3440
151 299 3440
67 86 3440
140 318 3440
163 309 3440
13 235 3440
0 53 3440
148 304 3440
142 165 3440
161 263 3440
77 118 3440
156 166 3440
116 257 3440
23 91 3440
26 218 3440
15 300 3440
105 227 3440
141 147 3440
98 219 3440
94 201 3440
78 115 3440
48 109 3440
166 211 3440
121 326 3440
33 82 3440
38 197 3440
14 280 3440
88 338 3440
72 161 3440
82 107 3440
133 148 3440
50 60 3440
17 45 3440
147 282 3440
156 260 3440
145 254 3440
10 332 3440
48 239 3440
91 108 3440
103 227 3440
68 96 3440
111 227 3440
93 312 3440
53 315 3440
96 209 3440
170 241 3440
80 323 3440
164 232 3440
165 232 3440
0 287 3440
4 205 3440
6 74 3440
36 327 3440
166 210 3440
115 304 3440
103 107 3440
110 214 3440
113 131 3440
129 144 3440
162 287 3440
161 246 3440
117 223 3440
3 33 3440
16 76 3440
144 297 3440
63 82 3440
42 281 3440
32 120 3440
84 288 3440
93 102 3440
65 179 3440
3 34 3440
68 301 3440
47 226 3440
115 289 3440
82 323 3440
1 179 3440
122 187 3440
120 199 3440
21 112 3440
51 92 3440
107 219 3440
46 55 3440
167 223 3440
12 240 3440
69 256 3440
162 251 3440
36 199 3440
62 111 3440
130 212 3440
92 98 3440
80 336 3440
53 187 3440
142 228 3440
143 168 3440
106 166 3440
48 169 3440
48 172 3440
125 315 3440
67 261 3440
84 96 3440
54 143 3440
171 265 3440
19 319 3440
139 172 3440
116 221 3440
2 13 3440
97 250 3440
76 174 3440
43 93 3440
132 282 3440
47 96 3440
92 338 3440
40 282 3440
62 215 3440
148 274 3440
37 105 3440
29 102 3440
44 329 3440
80 211 3440
97 262 3440
46 279 3440
158 316 3440
34 61 3440
117 198 3440
82 238 3440
165 187 3440
50 258 3440
24 188 3440
32 159 3440
12 169 3440
78 192 3440
127 340 3440
67 167 3440
73 308 3440
136 182 3440
96 232 3440
90 226 3440
53 214 3440
89 163 3440
38 242 3440
108 138 3440
131 149 3440
15 150 3440
118 331 3440
61 64 3440
70 144 3440
52 75 3440
76 250 3440
109 237 3440
57 120 3440
67 89 3440
136 236 3440
169 192 3440
170 180 3440
159 195 3440
95 137 3440
3 54 3440
14 296 3440
5 139 3440
80 333 3440
155 161 3440
135 265 3440
158 239 3440
151 167 3440
43 211 3440
62 278 3440
89 253 3440
19 277 3440
66 272 3440
127 228 3440
3 290 3440
24 214 3440
42 301 3440
169 250 3440
152 291 3440
42 77 3440
32 224 3440
164 284 3440
65 150 3440
79 151 3440
106 257 3440
113 241 3440
22 68 3440
80 83 3440
81 273 3440
107 270 3440
48 122 3440
155 195 3440
114 320 3440
99 313 3440
21 293 3440
149 317 3440
141 184 3440
104 130 3440
42 54 3440
17 228 3440
36 242 3440
38 149 3440
138 250 3440
152 314 3440
59 186 3440
91 327 3440
144 164 3440
157 299 3440
31 228 3440
117 238 3440
112 209 3440
146 166 3440
7 129 3440
57 166 3440
118 151 3440
13 136 3440
4 225 3440
38 338 3440
65 314 3440
124 127 3440
47 70 3440
69 300 3440
118 243 3440
76 289 3440
48 310 3440
70 254 3440
135 237 3440
7 169 3440
166 256 3440
134 308 3440
89 140 3440
86 92 3440
78 147 3440
2 92 3440
84 152 3440
138 343 3440
123 198 3440
30 343 3440
160 235 3440
5 143 3440
93 282 3440
98 251 3440
69 87 3440
87 279 3440
171 305 3440
118 239 3440
150 341 3440
111 278 3440
43 270 3440
123 237 3440
108 257 3440
4 139 3440
156 181 3440
164 289 3440
172 261 3440
15 338 3440
24 157 3440
149 313 3440
141 305 3440
145 283 3440
33 280 3440
94 128 3440
117 208 3440
171 185 3440
67 191 3440
72 313 3440
73 254 3440
18 335 3440
26 61 3440
116 208 3440
154 276 3440
109 127 3440
31 188 3440
57 278 3440
95 235 3440
43 118 3440
109 284 3440
64 290 3440
112 207 3440
140 228 3440
94 146 3440
54 337 3440
112 312 3440
49 243 3440
32 125 3440
114 159 3440
63 109 3440
58 275 3440
99 176 3440
84 107 3440
172 257 3440
152 323 3440
86 282 3440
118 174 3440
0 276 3440
4 330 3440
7 311 3440
162 295 3440
38 228 3440
63 137 3440
168 170 3440
107 150 3440
32 79 3440
19 163 3440
40 261 3440
135 164 3440
137 295 3440
162 284 3440
85 167 3440
129 289 3440
130 318 3440
129 174 3440
12 290 3440
47 74 3440
135 236 3440
78 232 3440
24 281 3440
61 198 3440
19 120 3440
90 99 3440
123 217 3440
77 135 3440
80 184 3440
48 314 3440
154 299 3440
104 174 3440
109 171 3440
135 223 3440
165 343 3440
126 285 3440
78 154 3440
90 160 3440
