0 1 3480
1 2 3480
2 3 3480
3 4 3480
4 5 3480
5 6 3480
6 7 3480
7 8 3480
8 9 3480
9 10 3480
10 11 3480
11 12 3480
12 13 3480
13 14 3480
14 15 3480
15 16 3480
16 17 3480
17 18 3480
18 19 3480
19 20 3480
20 21 3480
21 22 3480
22 23 3480
23 24 3480
24 25 3480
25 26 3480
26 27 3480
27 28 3480
28 29 3480
29 30 3480
30 31 3480
31 32 3480
32 33 3480
33 34 3480
34 35 3480
35 36 3480
36 37 3480
37 38 3480
38 39 3480
39 40 3480
40 41 3480
41 42 3480
42 43 3480
43 44 3480
44 45 3480
45 46 3480
46 47 3480
47 48 3480
48 49 3480
49 50 3480
50 51 3480
51 52 3480
52 53 3480
53 54 3480
54 55 3480
55 56 3480
56 57 3480
57 58 3480
58 59 3480
59 60 3480
60 61 3480
61 62 3480
62 63 3480
63 64 3480
64 65 3480
65 66 3480
66 67 3480
67 68 3480
68 69 3480
69 70 3480
70 71 3480
71 72 3480
72 73 3480
73 74 3480
74 75 3480
75 76 3480
76 77 3480
77 78 3480
78 79 3480
79 80 3480
80 81 3480
81 82 3480
82 83 3480
83 84 3480
84 85 3480
85 86 3480
86 87 3480
87 88 3480
88 89 3480
89 90 3480
90 91 3480
91 92 3480
92 93 3480
93 94 3480
94 95 3480
95 96 3480
96 97 3480
97 98 3480
98 99 3480
99 100 3480
100 101 3480
101 102 3480
102 103 3480
103 104 3480
104 105 3480
105 106 3480
106 107 3480
107 108 3480
108 109 3480
109 110 3480
110 111 3480
111 112 3480
112 113 3480
113 114 3480
114 115 3480
115 116 3480
116 117 3480
117 118 3480
118 119 3480
119 120 3480
120 121 3480
121 122 3480
122 123 3480
123 124 3480
124 125 3480
125 126 3480
126 127 3480
127 128 3480
128 129 3480
129 130 3480
130 131 3480
131 132 3480
132 133 3480
133 134 3480
134 135 3480
135 136 3480
136 137 3480
137 138 3480
138 139 3480
139 140 3480
140 141 3480
141 142 3480
142 143 3480
143 144 3480
144 145 3480
145 146 3480
146 147 3480
147 148 3480
148 149 3480
149 150 3480
150 151 3480
151 152 3480
152 153 3480
153 154 3480
154 155 3480
155 156 3480
156 157 3480
157 158 3480
158 159 3480
159 160 3480
160 161 3480
161 162 3480
162 163 3480
163 164 3480
164 165 3480
165 166 3480
166 167 3480
167 168 3480
168 169 3480
169 170 3480
170 171 3480
171 172 3480
172 173 3480
173 174 3480
174 175 3480
175 176 3480
176 177 3480
177 178 3480
178 179 3480
179 180 3480
180 181 3480
181 182 3480
182 183 3480
183 184 3480
184 185 3480
185 186 3480
186 187 3480
187 188 3480
188 189 3480
189 190 3480
190 191 3480
191 192 3480
192 193 3480
193 194 3480
194 195 3480
195 196 3480
196 197 3480
197 198 3480
198 199 3480
199 200 3480
200 201 3480
201 202 3480
202 203 3480
203 204 3480
204 205 3480
205 206 3480
206 207 3480
207 208 3480
208 209 3480
209 210 3480
210 211 3480
211 212 3480
212 213 3480
213 214 3480
214 215 3480
215 216 3480
216 217 3480
217 218 3480
218 219 3480
219 220 3480
220 221 3480
221 222 3480
222 223 3480
223 224 3480
224 225 3480
225 226 3480
226 227 3480
227 228 3480
228 229 3480
229 230 3480
230 231 3480
231 232 3480
232 233 3480
233 234 3480
234 235 3480
235 236 3480
236 237 3480
237 238 3480
238 239 3480
239 240 3480
240 241 3480
241 242 3480
242 243 3480
243 244 3480
244 245 3480
245 246 3480
246 247 3480
247 248 3480
248 249 3480
249 250 3480
250 251 3480
251 252 3480
252 253 3480
253 254 3480
254 255 3480
255 256 3480
256 257 3480
257 258 3480
258 259 3480
259 260 3480
260 261 3480
261 262 3480
262 263 3480
263 264 3480
264 265 3480
265 266 3480
266 267 3480
267 268 3480
268 269 3480
269 270 3480
270 271 3480
271 272 3480
272 273 3480
273 274 3480
274 275 3480
275 276 3480
276 277 3480
277 278 3480
278 279 3480
279 280 3480
280 281 3480
281 282 3480
282 283 3480
283 284 3480
284 285 3480
285 286 3480
286 287 3480
287 288 3480
288 289 3480
289 290 3480
290 291 3480
291 292 3480
292 293 3480
293 294 3480
294 295 3480
295 296 3480
296 297 3480
297 298 3480
298 299 3480
299 300 3480
300 301 3480
301 302 3480
302 303 3480
303 304 3480
304 305 3480
305 306 3480
306 307 3480
307 308 3480
308 309 3480
309 310 3480
310 311 3480
311 312 3480
312 313 3480
313 314 3480
314 315 3480
315 316 3480
316 317 3480
317 318 3480
318 319 3480
319 320 3480
320 321 3480
321 322 3480
322 323 3480
323 324 3480
324 325 3480
325 326 3480
326 327 3480
327 328 3480
328 329 3480
329 330 3480
330 331 3480
331 332 3480
332 333 3480
333 334 3480
334 335 3480
335 336 3480
336 337 3480
337 338 3480
338 339 3480
339 340 3480
340 341 3480
341 342 3480
342 343 3480
343 344 3480
344 345 3480
345 346 3480
346 347 3480
0 37 3480
116 235 3480
22 333 3480
157 214 3480
24 48 3480
44 230 3480
95 306 3480
133 151 3480
159 167 3480
42 80 3480
47 284 3480
45 56 3480
52 221 3480
157 246 3480
24 109 3480
121 216 3480
75 210 3480
171 249 3480
10 256 3480
44 289 3480
10 286 3480
76 90 3480
24 98 3480
161 253 3480
8 48 3480
4 232 3480
44 257 3480
134 282 3480
37 192 3480
16 179 3480
42 93 3480
134 172 3480
124 150 3480
19 293 3480
96 265 3480
83 224 3480
132 221 3480
11 240 3480
2 226 3480
105 240 3480
95 336 3480
122 188 3480
95 149 3480
13 211 3480
92 172 3480
130 335 3480
5 188 3480
64 328 3480
137 217 3480
167 279 3480
160 289 3480
150 218 3480
26 85 3480
114 149 3480
170 345 3480
64 184 3480
29 158 3480
79 164 3480
20 333 3480
165 194 3480
90 118 3480
174 187 3480
119 242 3480
85 199 3480
44 113 3480
132 258 3480
99 304 3480
159 284 3480
77 341 3480
23 222 3480
135 306 3480
135 191 3480
59 130 3480
66 105 3480
81 339 3480
87 239 3480
168 190 3480
82 252 3480
89 272 3480
39 118 3480
61 68 3480
64 227 3480
92 243 3480
174 241 3480
36 293 3480
162 295 3480
139 226 3480
171 236 3480
96 156 3480
12 331 3480
136 310 3480
109 245 3480
23 176 3480
115 253 3480
98 181 3480
36 217 3480
58 341 3480
146 189 3480
0 185 3480
150 233 3480
106 272 3480
47 232 3480
141 298 3480
22 187 3480
95 266 3480
34 220 3480
126 312 3480
81 119 3480
163 179 3480
48 299 3480
132 292 3480
32 106 3480
97 162 3480
98 335 3480
121 153 3480
19 305 3480
75 150 3480
23 39 3480
55 159 3480
70 178 3480
137 301 3480
73 89 3480
99 122 3480
172 315 3480
166 211 3480
74 336 3480
106 134 3480
91 109 3480
118 184 3480
164 216 3480
145 298 3480
47 337 3480
91 296 3480
105 272 3480
103 345 3480
85 282 3480
114 140 3480
173 339 3480
56 152 3480
119 321 3480
113 251 3480
30 179 3480
79 178 3480
110 291 3480
36 197 3480
39 136 3480
115 212 3480
7 255 3480
14 327 3480
157 309 3480
132 134 3480
67 302 3480
107 213 3480
64 95 3480
105 117 3480
72 106 3480
159 220 3480
36 174 3480
32 114 3480
15 127 3480
86 278 3480
69 338 3480
46 251 3480
76 129 3480
21 95 3480
69 260 3480
69 186 3480
109 145 3480
74 93 3480
148 156 3480
160 261 3480
35 136 3480
76 274 3480
104 293 3480
116 290 3480
62 185 3480
133 338 3480
6 183 3480
5 14 3480
28 275 3480
34 311 3480
23 80 3480
48 256 3480
16 119 3480
12 183 3480
95 144 3480
114 133 3480
21 205 3480
145 232 3480
31 120 3480
51 231 3480
110 347 3480
101 159 3480
121 230 3480
2 139 3480
170 226 3480
85 161 3480
108 270 3480
119 152 3480
132 286 3480
70 204 3480
11 70 3480
97 258 3480
101 287 3480
130 314 3480
172 295 3480
12 254 3480
18 143 3480
63 242 3480
79 184 3480
39 144 3480
67 115 3480
76 259 3480
90 225 3480
78 112 3480
9 205 3480
78 180 3480
105 151 3480
153 260 3480
131 332 3480
39 324 3480
97 200 3480
38 217 3480
79 307 3480
103 269 3480
151 197 3480
127 259 3480
46 166 3480
118 172 3480
31 118 3480
62 116 3480
116 312 3480
104 347 3480
154 216 3480
120 128 3480
133 261 3480
146 165 3480
79 256 3480
66 189 3480
23 129 3480
42 296 3480
81 237 3480
144 183 3480
92 151 3480
4 322 3480
119 238 3480
72 181 3480
157 315 3480
70 324 3480
6 214 3480
34 221 3480
50 330 3480
42 114 3480
16 323 3480
136 275 3480
107 176 3480
122 206 3480
83 169 3480
63 342 3480
100 277 3480
138 275 3480
88 192 3480
141 194 3480
112 260 3480
169 281 3480
64 231 3480
122 181 3480
113 262 3480
145 247 3480
167 201 3480
52 178 3480
79 251 3480
23 328 3480
104 108 3480
14 310 3480
156 277 3480
2 222 3480
16 82 3480
46 101 3480
12 212 3480
37 217 3480
141 227 3480
141 283 3480
111 199 3480
75 340 3480
74 227 3480
94 172 3480
161 254 3480
88 169 3480
167 207 3480
131 333 3480
25 228 3480
91 341 3480
121 174 3480
128 219 3480
43 201 3480
78 326 3480
156 225 3480
62 239 3480
54 334 3480
0 262 3480
92 318 3480
6 320 3480
7 73 3480
7 138 3480
132 264 3480
128 303 3480
20 215 3480
97 291 3480
119 190 3480
83 291 3480
33 327 3480
25 276 3480
155 336 3480
77 150 3480
135 174 3480
92 137 3480
66 83 3480
105 281 3480
99 313 3480
50 89 3480
139 148 3480
53 207 3480
27 291 3480
120 146 3480
56 135 3480
34 102 3480
132 221 3480
104 113 3480
79 327 3480
127 175 3480
84 88 3480
63 345 3480
115 211 3480
8 129 3480
95 167 3480
149 297 3480
80 148 3480
125 181 3480
137 171 3480
120 311 3480
39 228 3480
148 254 3480
37 73 3480
5 186 3480
