0 1 3520
1 2 3520
2 3 3520
3 4 3520
4 5 3520
5 6 3520
6 7 3520
7 8 3520
8 9 3520
9 10 3520
10 11 3520
11 12 3520
12 13 3520
13 14 3520
14 15 3520
15 16 3520
16 17 3520
17 18 3520
18 19 3520
19 20 3520
20 21 3520
21 22 3520
22 23 3520
23 24 3520
24 25 3520
25 26 3520
26 27 3520
27 28 3520
28 29 3520
29 30 3520
30 31 3520
31 32 3520
32 33 3520
33 34 3520
34 35 3520
35 36 3520
36 37 3520
37 38 3520
38 39 3520
39 40 3520
40 41 3520
41 42 3520
42 43 3520
43 44 3520
44 45 3520
45 46 3520
46 47 3520
47 48 3520
48 49 3520
49 50 3520
50 51 3520
51 52 3520
52 53 3520
53 54 3520
54 55 3520
55 56 3520
56 57 3520
57 58 3520
58 59 3520
59 60 3520
60 61 3520
61 62 3520
62 63 3520
63 64 3520
64 65 3520
65 66 3520
66 67 3520
67 68 3520
68 69 3520
69 70 3520
70 71 3520
71 72 3520
72 73 3520
73 74 3520
74 75 3520
75 76 3520
76 77 3520
77 78 3520
78 79 3520
79 80 3520
80 81 3520
81 82 3520
82 83 3520
83 84 3520
84 85 3520
85 86 3520
86 87 3520
87 88 3520
88 89 3520
89 90 3520
90 91 3520
91 92 3520
92 93 3520
93 94 3520
94 95 3520
95 96 3520
96 97 3520
97 98 3520
98 99 3520
99 100 3520
100 101 3520
101 102 3520
102 103 3520
103 104 3520
104 105 3520
105 106 3520
106 107 3520
107 108 3520
108 109 3520
109 110 3520
110 111 3520
111 112 3520
112 113 3520
113 114 3520
114 115 3520
115 116 3520
116 117 3520
117 118 3520
118 119 3520
119 120 3520
120 121 3520
121 122 3520
122 123 3520
123 124 3520
124 125 3520
125 126 3520
126 127 3520
127 128 3520
128 129 3520
129 130 3520
130 131 3520
131 132 3520
132 133 3520
133 134 3520
134 135 3520
135 136 3520
136 137 3520
137 138 3520
138 139 3520
139 140 3520
140 141 3520
141 142 3520
142 143 3520
143 144 3520
144 145 3520
145 146 3520
146 147 3520
147 148 3520
148 149 3520
149 150 3520
150 151 3520
151 152 3520
152 153 3520
153 154 3520
154 155 3520
155 156 3520
156 157 3520
157 158 3520
158 159 3520
159 160 3520
160 161 3520
161 162 3520
162 163 3520
163 164 3520
164 165 3520
165 166 3520
166 167 3520
167 168 3520
168 169 3520
169 170 3520
170 171 3520
171 172 3520
172 173 3520
173 174 3520
174 175 3520
175 176 3520
176 177 3520
177 178 3520
178 179 3520
179 180 3520
180 181 3520
181 182 3520
182 183 3520
183 184 3520
184 185 3520
185 186 3520
186 187 3520
187 188 3520
188 189 3520
189 190 3520
190 191 3520
191 192 3520
192 193 3520
193 194 3520
194 195 3520
195 196 3520
196 197 3520
197 198 3520
198 199 3520
199 200 3520
200 201 3520
201 202 3520
202 203 3520
203 204 3520
204 205 3520
205 206 3520
206 207 3520
207 208 3520
208 209 3520
209 210 3520
210 211 3520
211 212 3520
212 213 3520
213 214 3520
214 215 3520
215 216 3520
216 217 3520
217 218 3520
218 219 3520
219 220 3520
220 221 3520
221 222 3520
222 223 3520
223 224 3520
224 225 3520
225 226 3520
226 227 3520
227 228 3520
228 229 3520
229 230 3520
230 231 3520
231 232 3520
232 233 3520
233 234 3520
234 235 3520
235 236 3520
236 237 3520
237 238 3520
238 239 3520
239 240 3520
240 241 3520
241 242 3520
242 243 3520
243 244 3520
244 245 3520
245 246 3520
246 247 3520
247 248 3520
248 249 3520
249 250 3520
250 251 3520
251 252 3520
252 253 3520
253 254 3520
254 255 3520
255 256 3520
256 257 3520
257 258 3520
258 259 3520
259 260 3520
260 261 3520
261 262 3520
262 263 3520
263 264 3520
264 265 3520
265 266 3520
266 267 3520
267 268 3520
268 269 3520
269 270 3520
270 271 3520
271 272 3520
272 273 3520
273 274 3520
274 275 3520
275 276 3520
276 277 3520
277 278 3520
278 279 3520
279 280 3520
280 281 3520
281 282 3520
282 283 3520
283 284 3520
284 285 3520
285 286 3520
286 287 3520
287 288 3520
288 289 3520
289 290 3520
290 291 3520
291 292 3520
292 293 3520
293 294 3520
294 295 3520
295 296 3520
296 297 3520
297 298 3520
298 299 3520
299 300 3520
300 301 3520
301 302 3520
302 303 3520
303 304 3520
304 305 3520
305 306 3520
306 307 3520
307 308 3520
308 309 3520
309 310 3520
310 311 3520
311 312 3520
312 313 3520
313 314 3520
314 315 3520
315 316 3520
316 317 3520
317 318 3520
318 319 3520
319 320 3520
320 321 3520
321 322 3520
322 323 3520
323 324 3520
324 325 3520
325 326 3520
326 327 3520
327 328 3520
328 329 3520
329 330 3520
330 331 3520
331 332 3520
332 333 3520
333 334 3520
334 335 3520
335 336 3520
336 337 3520
337 338 3520
338 339 3520
339 340 3520
340 341 3520
341 342 3520
342 343 3520
343 344 3520
344 345 3520
345 346 3520
346 347 3520
347 348 3520
348 349 3520
349 350 3520
350 351 3520
41 63 3520
48 343 3520
29 243 3520
138 204 3520
34 95 3520
91 200 3520
53 185 3520
152 335 3520
77 117 3520
37 63 3520
64 282 3520
138 269 3520
81 108 3520
136 191 3520
162 194 3520
106 316 3520
121 226 3520
163 333 3520
53 157 3520
103 242 3520
14 157 3520
130 294 3520
69 100 3520
89 210 3520
62 292 3520
149 178 3520
121 165 3520
23 300 3520
68 235 3520
42 76 3520
82 249 3520
151 278 3520
22 220 3520
13 24 3520
121 190 3520
107 249 3520
5 341 3520
55 189 3520
23 100 3520
93 279 3520
143 311 3520
118 141 3520
94 248 3520
122 258 3520
127 348 3520
25 187 3520
35 278 3520
5 326 3520
24 282 3520
7 247 3520
106 128 3520
57 180 3520
140 158 3520
81 105 3520
134 231 3520
105 189 3520
99 234 3520
153 230 3520
154 331 3520
50 191 3520
135 187 3520
119 142 3520
10 155 3520
37 125 3520
138 207 3520
14 232 3520
100 318 3520
58 216 3520
154 247 3520
149 186 3520
114 252 3520
59 341 3520
160 278 3520
87 99 3520
90 302 3520
19 315 3520
159 284 3520
128 259 3520
126 232 3520
142 269 3520
78 206 3520
103 147 3520
126 139 3520
141 182 3520
23 272 3520
63 132 3520
21 159 3520
91 240 3520
144 163 3520
38 151 3520
124 167 3520
135 344 3520
10 218 3520
13 131 3520
140 315 3520
18 168 3520
71 141 3520
122 155 3520
107 313 3520
134 195 3520
41 327 3520
109 275 3520
4 147 3520
104 148 3520
75 311 3520
134 211 3520
144 236 3520
109 228 3520
151 268 3520
85 281 3520
129 257 3520
74 168 3520
103 284 3520
95 232 3520
43 290 3520
79 344 3520
65 104 3520
14 106 3520
161 315 3520
135 283 3520
155 253 3520
68 278 3520
20 171 3520
106 148 3520
78 194 3520
85 195 3520
95 176 3520
19 140 3520
125 159 3520
4 176 3520
45 145 3520
147 207 3520
4 272 3520
72 101 3520
102 167 3520
61 125 3520
162 278 3520
46 346 3520
109 233 3520
66 191 3520
49 266 3520
4 285 3520
110 336 3520
161 261 3520
141 323 3520
149 293 3520
39 125 3520
87 172 3520
165 234 3520
122 262 3520
175 211 3520
119 304 3520
109 319 3520
84 307 3520
158 189 3520
166 197 3520
81 161 3520
74 95 3520
79 272 3520
101 105 3520
52 280 3520
90 141 3520
54 151 3520
86 243 3520
119 127 3520
49 233 3520
143 265 3520
86 316 3520
39 48 3520
117 310 3520
1 178 3520
23 247 3520
86 197 3520
157 339 3520
94 308 3520
122 229 3520
90 279 3520
69 200 3520
9 214 3520
74 202 3520
173 313 3520
12 65 3520
161 172 3520
174 181 3520
83 163 3520
82 85 3520
110 225 3520
71 259 3520
106 293 3520
157 160 3520
70 123 3520
69 277 3520
94 260 3520
104 280 3520
109 145 3520
93 187 3520
6 275 3520
75 273 3520
121 237 3520
172 232 3520
2 184 3520
46 285 3520
134 226 3520
33 344 3520
14 34 3520
144 188 3520
106 280 3520
28 253 3520
107 265 3520
76 114 3520
145 194 3520
170 311 3520
104 150 3520
95 310 3520
73 85 3520
4 265 3520
157 258 3520
93 214 3520
24 273 3520
46 137 3520
167 266 3520
176 223 3520
27 265 3520
89 197 3520
11 343 3520
145 156 3520
76 127 3520
150 218 3520
63 143 3520
171 218 3520
139 183 3520
133 250 3520
175 243 3520
13 195 3520
136 273 3520
52 183 3520
26 36 3520
127 278 3520
41 298 3520
70 255 3520
10 88 3520
102 333 3520
74 283 3520
70 156 3520
24 289 3520
173 341 3520
25 77 3520
49 160 3520
85 193 3520
19 317 3520
173 183 3520
176 185 3520
54 179 3520
48 67 3520
29 201 3520
118 207 3520
121 287 3520
170 289 3520
132 248 3520
118 217 3520
37 187 3520
91 308 3520
67 207 3520
52 66 3520
57 221 3520
132 218 3520
87 120 3520
88 214 3520
88 242 3520
37 140 3520
32 328 3520
164 183 3520
77 155 3520
170 298 3520
137 317 3520
173 312 3520
145 198 3520
65 150 3520
117 280 3520
145 157 3520
41 74 3520
92 191 3520
82 187 3520
52 320 3520
133 143 3520
24 303 3520
140 185 3520
160 183 3520
17 19 3520
122 271 3520
108 314 3520
89 95 3520
126 179 3520
127 331 3520
55 254 3520
121 232 3520
18 134 3520
80 346 3520
151 317 3520
174 237 3520
83 258 3520
111 219 3520
64 209 3520
48 340 3520
23 317 3520
105 320 3520
130 297 3520
0 30 3520
48 55 3520
40 156 3520
33 245 3520
52 302 3520
39 331 3520
3 202 3520
117 341 3520
114 265 3520
122 209 3520
53 277 3520
122 300 3520
63 274 3520
49 246 3520
30 172 3520
150 313 3520
12 241 3520
55 327 3520
147 325 3520
44 339 3520
28 131 3520
174 270 3520
7 310 3520
91 319 3520
88 217 3520
109 231 3520
173 204 3520
22 131 3520
33 263 3520
162 191 3520
150 174 3520
23 27 3520
144 157 3520
38 70 3520
175 349 3520
36 194 3520
166 196 3520
49 105 3520
14 54 3520
94 196 3520
154 281 3520
14 163 3520
117 344 3520
157 299 3520
