0 1 3560
1 2 3560
2 3 3560
3 4 3560
4 5 3560
5 6 3560
6 7 3560
7 8 3560
8 9 3560
9 10 3560
10 11 3560
11 12 3560
12 13 3560
13 14 3560
14 15 3560
15 16 3560
16 17 3560
17 18 3560
18 19 3560
19 20 3560
20 21 3560
21 22 3560
22 23 3560
23 24 3560
24 25 3560
25 26 3560
26 27 3560
27 28 3560
28 29 3560
29 30 3560
30 31 3560
31 32 3560
32 33 3560
33 34 3560
34 35 3560
35 36 3560
36 37 3560
37 38 3560
38 39 3560
39 40 3560
40 41 3560
41 42 3560
42 43 3560
43 44 3560
44 45 3560
45 46 3560
46 47 3560
47 48 3560
48 49 3560
49 50 3560
50 51 3560
51 52 3560
52 53 3560
53 54 3560
54 55 3560
55 56 3560
56 57 3560
57 58 3560
58 59 3560
59 60 3560
60 61 3560
61 62 3560
62 63 3560
63 64 3560
64 65 3560
65 66 3560
66 67 3560
67 68 3560
68 69 3560
69 70 3560
70 71 3560
71 72 3560
72 73 3560
73 74 3560
74 75 3560
75 76 3560
76 77 3560
77 78 3560
78 79 3560
79 80 3560
80 81 3560
81 82 3560
82 83 3560
83 84 3560
84 85 3560
85 86 3560
86 87 3560
87 88 3560
88 89 3560
89 90 3560
90 91 3560
91 92 3560
92 93 3560
93 94 3560
94 95 3560
95 96 3560
96 97 3560
97 98 3560
98 99 3560
99 100 3560
100 101 3560
101 102 3560
102 103 3560
103 104 3560
104 105 3560
105 106 3560
106 107 3560
107 108 3560
108 109 3560
109 110 3560
110 111 3560
111 112 3560
112 113 3560
113 114 3560
114 115 3560
115 116 3560
116 117 3560
117 118 3560
118 119 3560
119 120 3560
120 121 3560
121 122 3560
122 123 3560
123 124 3560
124 125 3560
125 126 3560
126 127 3560
127 128 3560
128 129 3560
129 130 3560
130 131 3560
131 132 3560
132 133 3560
133 134 3560
134 135 3560
135 136 3560
136 137 3560
137 138 3560
138 139 3560
139 140 3560
140 141 3560
141 142 3560
142 143 3560
143 144 3560
144 145 3560
145 146 3560
146 147 3560
147 148 3560
148 149 3560
149 150 3560
150 151 3560
151 152 3560
152 153 3560
153 154 3560
154 155 3560
155 156 3560
156 157 3560
157 158 3560
158 159 3560
159 160 3560
160 161 3560
161 162 3560
162 163 3560
163 164 3560
164 165 3560
165 166 3560
166 167 3560
167 168 3560
168 169 3560
169 170 3560
170 171 3560
171 172 3560
172 173 3560
173 174 3560
174 175 3560
175 176 3560
176 177 3560
177 178 3560
178 179 3560
179 180 3560
180 181 3560
181 182 3560
182 183 3560
183 184 3560
184 185 3560
185 186 3560
186 187 3560
187 188 3560
188 189 3560
189 190 3560
190 191 3560
191 192 3560
192 193 3560
193 194 3560
194 195 3560
195 196 3560
196 197 3560
197 198 3560
198 199 3560
199 200 3560
200 201 3560
201 202 3560
202 203 3560
203 204 3560
204 205 3560
205 206 3560
206 207 3560
207 208 3560
208 209 3560
209 210 3560
210 211 3560
211 212 3560
212 213 3560
213 214 3560
214 215 3560
215 216 3560
216 217 3560
217 218 3560
218 219 3560
219 220 3560
220 221 3560
221 222 3560
222 223 3560
223 224 3560
224 225 3560
225 226 3560
226 227 3560
227 228 3560
228 229 3560
229 230 3560
230 231 3560
231 232 3560
232 233 3560
233 234 3560
234 235 3560
235 236 3560
236 237 3560
237 238 3560
238 239 3560
239 240 3560
240 241 3560
241 242 3560
242 243 3560
243 244 3560
244 245 3560
245 246 3560
246 247 3560
247 248 3560
248 249 3560
249 250 3560
250 251 3560
251 252 3560
252 253 3560
253 254 3560
254 255 3560
255 256 3560
256 257 3560
257 258 3560
258 259 3560
259 260 3560
260 261 3560
261 262 3560
262 263 3560
263 264 3560
264 265 3560
265 266 3560
266 267 3560
267 268 3560
268 269 3560
269 270 3560
270 271 3560
271 272 3560
272 273 3560
273 274 3560
274 275 3560
275 276 3560
276 277 3560
277 278 3560
278 279 3560
279 280 3560
280 281 3560
281 282 3560
282 283 3560
283 284 3560
284 285 3560
285 286 3560
286 287 3560
287 288 3560
288 289 3560
289 290 3560
290 291 3560
291 292 3560
292 293 3560
293 294 3560
294 295 3560
295 296 3560
296 297 3560
297 298 3560
298 299 3560
299 300 3560
300 301 3560
301 302 3560
302 303 3560
303 304 3560
304 305 3560
305 306 3560
306 307 3560
307 308 3560
308 309 3560
309 310 3560
310 311 3560
311 312 3560
312 313 3560
313 314 3560
314 315 3560
315 316 3560
316 317 3560
317 318 3560
318 319 3560
319 320 3560
320 321 3560
321 322 3560
322 323 3560
323 324 3560
324 325 3560
325 326 3560
326 327 3560
327 328 3560
328 329 3560
329 330 3560
330 331 3560
331 332 3560
332 333 3560
333 334 3560
334 335 3560
335 336 3560
336 337 3560
337 338 3560
338 339 3560
339 340 3560
340 341 3560
341 342 3560
342 343 3560
343 344 3560
344 345 3560
345 346 3560
346 347 3560
347 348 3560
348 349 3560
349 350 3560
350 351 3560
351 352 3560
352 353 3560
353 354 3560
354 355 3560
24 191 3560
53 108 3560
107 135 3560
76 94 3560
59 65 3560
152 223 3560
68 220 3560
117 247 3560
13 167 3560
164 247 3560
173 307 3560
26 171 3560
64 79 3560
76 152 3560
103 125 3560
124 304 3560
161 230 3560
46 285 3560
134 249 3560
29 174 3560
17 280 3560
163 301 3560
70 237 3560
132 147 3560
32 183 3560
162 317 3560
38 190 3560
130 299 3560
164 246 3560
24 198 3560
71 284 3560
4 145 3560
91 252 3560
63 281 3560
111 196 3560
142 167 3560
77 332 3560
165 301 3560
84 270 3560
61 158 3560
55 84 3560
28 215 3560
64 104 3560
36 156 3560
15 26 3560
71 160 3560
120 153 3560
67 335 3560
155 236 3560
88 108 3560
40 191 3560
32 148 3560
174 252 3560
89 169 3560
127 353 3560
50 250 3560
122 183 3560
135 266 3560
166 293 3560
68 71 3560
103 145 3560
150 317 3560
149 289 3560
4 352 3560
127 149 3560
125 219 3560
133 322 3560
142 184 3560
92 216 3560
109 269 3560
117 350 3560
30 231 3560
43 327 3560
113 317 3560
88 313 3560
16 191 3560
37 354 3560
169 199 3560
119 315 3560
29 338 3560
148 222 3560
68 315 3560
165 210 3560
167 171 3560
68 88 3560
105 131 3560
159 271 3560
171 306 3560
40 273 3560
118 162 3560
59 89 3560
71 262 3560
13 65 3560
166 331 3560
178 241 3560
5 139 3560
43 281 3560
146 246 3560
86 202 3560
171 266 3560
29 321 3560
12 21 3560
55 228 3560
100 140 3560
149 279 3560
128 181 3560
114 342 3560
66 348 3560
29 299 3560
153 273 3560
96 106 3560
20 188 3560
29 234 3560
173 292 3560
94 329 3560
81 216 3560
41 188 3560
10 306 3560
32 42 3560
93 125 3560
55 146 3560
118 262 3560
156 183 3560
11 262 3560
114 291 3560
60 343 3560
67 194 3560
41 149 3560
63 65 3560
33 128 3560
41 137 3560
137 228 3560
90 112 3560
117 178 3560
14 351 3560
114 343 3560
18 272 3560
3 15 3560
118 171 3560
8 276 3560
52 139 3560
165 270 3560
74 120 3560
19 255 3560
130 184 3560
97 306 3560
151 214 3560
15 309 3560
90 123 3560
151 332 3560
1 52 3560
160 211 3560
40 109 3560
142 175 3560
150 178 3560
157 320 3560
170 185 3560
10 175 3560
145 235 3560
140 227 3560
97 133 3560
139 314 3560
47 304 3560
171 293 3560
130 177 3560
161 275 3560
22 234 3560
96 281 3560
74 257 3560
59 176 3560
20 39 3560
84 309 3560
145 154 3560
159 252 3560
111 240 3560
94 292 3560
144 268 3560
157 306 3560
34 78 3560
54 80 3560
97 191 3560
69 214 3560
46 244 3560
162 303 3560
32 213 3560
81 96 3560
172 239 3560
90 149 3560
11 88 3560
36 127 3560
16 122 3560
97 285 3560
102 124 3560
171 250 3560
12 325 3560
14 269 3560
118 322 3560
59 299 3560
6 141 3560
73 158 3560
174 197 3560
155 264 3560
38 274 3560
29 131 3560
60 257 3560
13 349 3560
25 188 3560
152 228 3560
11 245 3560
130 262 3560
127 352 3560
110 246 3560
59 134 3560
80 163 3560
143 165 3560
119 281 3560
121 245 3560
82 213 3560
169 308 3560
153 192 3560
120 227 3560
109 136 3560
158 218 3560
150 165 3560
32 220 3560
169 214 3560
8 270 3560
140 212 3560
129 162 3560
124 213 3560
36 59 3560
99 264 3560
51 290 3560
164 299 3560
52 167 3560
4 122 3560
1 253 3560
69 170 3560
88 235 3560
32 245 3560
135 308 3560
75 212 3560
65 158 3560
143 292 3560
164 197 3560
140 296 3560
79 264 3560
152 351 3560
106 234 3560
141 338 3560
151 242 3560
36 278 3560
27 77 3560
3 300 3560
87 290 3560
149 345 3560
58 334 3560
140 149 3560
42 151 3560
146 242 3560
106 307 3560
99 168 3560
169 340 3560
22 324 3560
145 221 3560
13 173 3560
111 342 3560
52 78 3560
50 231 3560
127 170 3560
160 317 3560
150 161 3560
32 195 3560
158 249 3560
63 127 3560
126 148 3560
105 298 3560
38 75 3560
110 329 3560
86 255 3560
120 247 3560
71 76 3560
123 297 3560
73 295 3560
129 303 3560
120 234 3560
32 278 3560
88 304 3560
84 214 3560
67 216 3560
87 280 3560
32 295 3560
8 288 3560
150 351 3560
176 264 3560
67 103 3560
35 148 3560
29 195 3560
29 202 3560
27 298 3560
70 165 3560
59 353 3560
43 352 3560
27 344 3560
83 236 3560
115 317 3560
77 152 3560
68 244 3560
162 171 3560
71 78 3560
10 181 3560
54 153 3560
169 338 3560
122 252 3560
157 343 3560
82 201 3560
12 82 3560
162 195 3560
116 235 3560
28 347 3560
155 285 3560
115 170 3560
175 294 3560
92 158 3560
76 85 3560
17 205 3560
74 117 3560
63 220 3560
56 140 3560
71 119 3560
112 309 3560
97 264 3560
176 201 3560
167 177 3560
125 309 3560
64 328 3560
9 64 3560
25 188 3560
156 205 3560
39 279 3560
29 126 3560
142 229 3560
51 141 3560
135 328 3560
175 296 3560
137 190 3560
109 169 3560
36 176 3560
111 236 3560
58 270 3560
12 95 3560
167 325 3560
126 206 3560
