0 1 3600
1 2 3600
2 3 3600
3 4 3600
4 5 3600
5 6 3600
6 7 3600
7 8 3600
8 9 3600
9 10 3600
10 11 3600
11 12 3600
12 13 3600
13 14 3600
14 15 3600
15 16 3600
16 17 3600
17 18 3600
18 19 3600
19 20 3600
20 21 3600
21 22 3600
22 23 3600
23 24 3600
24 25 3600
25 26 3600
26 27 3600
27 28 3600
28 29 3600
29 30 3600
30 31 3600
31 32 3600
32 33 3600
33 34 3600
34 35 3600
35 36 3600
36 37 3600
37 38 3600
38 39 3600
39 40 3600
40 41 3600
41 42 3600
42 43 3600
43 44 3600
44 45 3600
45 46 3600
46 47 3600
47 48 3600
48 49 3600
49 50 3600
50 51 3600
51 52 3600
52 53 3600
53 54 3600
54 55 3600
55 56 3600
56 57 3600
57 58 3600
58 59 3600
59 60 3600
60 61 3600
61 62 3600
62 63 3600
63 64 3600
64 65 3600
65 66 3600
66 67 3600
67 68 3600
68 69 3600
69 70 3600
70 71 3600
71 72 3600
72 73 3600
73 74 3600
74 75 3600
75 76 3600
76 77 3600
77 78 3600
78 79 3600
79 80 3600
80 81 3600
81 82 3600
82 83 3600
83 84 3600
84 85 3600
85 86 3600
86 87 3600
87 88 3600
88 89 3600
89 90 3600
90 91 3600
91 92 3600
92 93 3600
93 94 3600
94 95 3600
95 96 3600
96 97 3600
97 98 3600
98 99 3600
99 100 3600
100 101 3600
101 102 3600
102 103 3600
103 104 3600
104 105 3600
105 106 3600
106 107 3600
107 108 3600
108 109 3600
109 110 3600
110 111 3600
111 112 3600
112 113 3600
113 114 3600
114 115 3600
115 116 3600
116 117 3600
117 118 3600
118 119 3600
119 120 3600
120 121 3600
121 122 3600
122 123 3600
123 124 3600
124 125 3600
125 126 3600
126 127 3600
127 128 3600
128 129 3600
129 130 3600
130 131 3600
131 132 3600
132 133 3600
133 134 3600
134 135 3600
135 136 3600
136 137 3600
137 138 3600
138 139 3600
139 140 3600
140 141 3600
141 142 3600
142 143 3600
143 144 3600
144 145 3600
145 146 3600
146 147 3600
147 148 3600
148 149 3600
149 150 3600
150 151 3600
151 152 3600
152 153 3600
153 154 3600
154 155 3600
155 156 3600
156 157 3600
157 158 3600
158 159 3600
159 160 3600
160 161 3600
161 162 3600
162 163 3600
163 164 3600
164 165 3600
165 166 3600
166 167 3600
167 168 3600
168 169 3600
169 170 3600
170 171 3600
171 172 3600
172 173 3600
173 174 3600
174 175 3600
175 176 3600
176 177 3600
177 178 3600
178 179 3600
179 180 3600
180 181 3600
181 182 3600
182 183 3600
183 184 3600
184 185 3600
185 186 3600
186 187 3600
187 188 3600
188 189 3600
189 190 3600
190 191 3600
191 192 3600
192 193 3600
193 194 3600
194 195 3600
195 196 3600
196 197 3600
197 198 3600
198 199 3600
199 200 3600
200 201 3600
201 202 3600
202 203 3600
203 204 3600
204 205 3600
205 206 3600
206 207 3600
207 208 3600
208 209 3600
209 210 3600
210 211 3600
211 212 3600
212 213 3600
213 214 3600
214 215 3600
215 216 3600
216 217 3600
217 218 3600
218 219 3600
219 220 3600
220 221 3600
221 222 3600
222 223 3600
223 224 3600
224 225 3600
225 226 3600
226 227 3600
227 228 3600
228 229 3600
229 230 3600
230 231 3600
231 232 3600
232 233 3600
233 234 3600
234 235 3600
235 236 3600
236 237 3600
237 238 3600
238 239 3600
239 240 3600
240 241 3600
241 242 3600
242 243 3600
243 244 3600
244 245 3600
245 246 3600
246 247 3600
247 248 3600
248 249 3600
249 250 3600
250 251 3600
251 252 3600
252 253 3600
253 254 3600
254 255 3600
255 256 3600
256 257 3600
257 258 3600
258 259 3600
259 260 3600
260 261 3600
261 262 3600
262 263 3600
263 264 3600
264 265 3600
265 266 3600
266 267 3600
267 268 3600
268 269 3600
269 270 3600
270 271 3600
271 272 3600
272 273 3600
273 274 3600
274 275 3600
275 276 3600
276 277 3600
277 278 3600
278 279 3600
279 280 3600
280 281 3600
281 282 3600
282 283 3600
283 284 3600
284 285 3600
285 286 3600
286 287 3600
287 288 3600
288 289 3600
289 290 3600
290 291 3600
291 292 3600
292 293 3600
293 294 3600
294 295 3600
295 296 3600
296 297 3600
297 298 3600
298 299 3600
299 300 3600
300 301 3600
301 302 3600
302 303 3600
303 304 3600
304 305 3600
305 306 3600
306 307 3600
307 308 3600
308 309 3600
309 310 3600
310 311 3600
311 312 3600
312 313 3600
313 314 3600
314 315 3600
315 316 3600
316 317 3600
317 318 3600
318 319 3600
319 320 3600
320 321 3600
321 322 3600
322 323 3600
323 324 3600
324 325 3600
325 326 3600
326 327 3600
327 328 3600
328 329 3600
329 330 3600
330 331 3600
331 332 3600
332 333 3600
333 334 3600
334 335 3600
335 336 3600
336 337 3600
337 338 3600
338 339 3600
339 340 3600
340 341 3600
341 342 3600
342 343 3600
343 344 3600
344 345 3600
345 346 3600
346 347 3600
347 348 3600
348 349 3600
349 350 3600
350 351 3600
351 352 3600
352 353 3600
353 354 3600
354 355 3600
355 356 3600
356 357 3600
357 358 3600
358 359 3600
171 289 3600
70 124 3600
170 198 3600
42 58 3600
3 337 3600
60 114 3600
74 208 3600
28 235 3600
25 173 3600
175 358 3600
52 192 3600
142 281 3600
119 327 3600
167 170 3600
66 179 3600
89 244 3600
22 270 3600
88 196 3600
174 211 3600
26 249 3600
11 16 3600
152 330 3600
107 323 3600
114 240 3600
70 339 3600
178 303 3600
13 159 3600
175 324 3600
150 229 3600
91 358 3600
41 274 3600
179 348 3600
96 314 3600
155 201 3600
11 331 3600
19 216 3600
94 199 3600
139 262 3600
138 290 3600
156 327 3600
86 276 3600
114 234 3600
132 283 3600
35 231 3600
159 236 3600
122 260 3600
132 328 3600
68 300 3600
9 230 3600
128 339 3600
172 300 3600
109 240 3600
86 118 3600
113 284 3600
66 125 3600
18 221 3600
159 263 3600
44 71 3600
39 235 3600
71 204 3600
63 205 3600
90 95 3600
163 273 3600
110 124 3600
173 237 3600
101 144 3600
154 291 3600
118 169 3600
67 217 3600
93 235 3600
0 122 3600
180 260 3600
177 222 3600
115 321 3600
117 266 3600
54 190 3600
79 197 3600
7 163 3600
105 273 3600
107 154 3600
36 73 3600
45 217 3600
36 279 3600
41 295 3600
143 282 3600
174 219 3600
156 254 3600
2 70 3600
28 337 3600
166 231 3600
16 137 3600
98 271 3600
102 161 3600
66 96 3600
149 219 3600
9 115 3600
139 302 3600
101 127 3600
73 333 3600
177 230 3600
150 172 3600
82 142 3600
109 127 3600
147 151 3600
41 293 3600
87 147 3600
102 248 3600
164 330 3600
12 243 3600
63 89 3600
122 198 3600
149 325 3600
61 94 3600
85 278 3600
6 171 3600
56 72 3600
10 325 3600
10 112 3600
61 279 3600
109 345 3600
64 134 3600
53 86 3600
169 214 3600
78 252 3600
55 339 3600
100 236 3600
88 208 3600
97 190 3600
48 277 3600
102 353 3600
122 343 3600
121 219 3600
9 204 3600
171 188 3600
138 267 3600
132 165 3600
46 105 3600
137 297 3600
39 220 3600
128 264 3600
100 218 3600
161 199 3600
16 224 3600
22 158 3600
131 214 3600
25 309 3600
126 208 3600
62 341 3600
168 208 3600
168 198 3600
126 283 3600
131 151 3600
115 222 3600
113 301 3600
45 60 3600
11 162 3600
176 262 3600
34 73 3600
20 273 3600
108 359 3600
30 141 3600
59 191 3600
79 294 3600
26 164 3600
133 297 3600
160 318 3600
120 243 3600
91 245 3600
150 187 3600
42 346 3600
55 351 3600
127 239 3600
73 181 3600
75 236 3600
111 113 3600
85 332 3600
49 289 3600
179 263 3600
114 120 3600
120 137 3600
162 261 3600
44 223 3600
132 299 3600
64 228 3600
36 177 3600
65 100 3600
85 215 3600
102 334 3600
81 175 3600
147 176 3600
122 146 3600
35 191 3600
149 339 3600
171 301 3600
62 201 3600
167 310 3600
119 139 3600
98 234 3600
70 322 3600
72 294 3600
99 111 3600
130 286 3600
0 277 3600
133 281 3600
106 326 3600
153 283 3600
173 318 3600
5 229 3600
111 232 3600
55 186 3600
156 171 3600
91 281 3600
166 179 3600
156 218 3600
52 169 3600
6 289 3600
11 216 3600
110 282 3600
163 272 3600
95 299 3600
15 100 3600
173 251 3600
1 9 3600
44 194 3600
167 296 3600
5 48 3600
78 227 3600
5 221 3600
154 185 3600
156 307 3600
2 350 3600
25 117 3600
117 142 3600
133 346 3600
160 226 3600
25 287 3600
152 349 3600
76 272 3600
11 226 3600
127 162 3600
87 144 3600
138 330 3600
38 144 3600
74 249 3600
111 292 3600
89 110 3600
169 334 3600
7 175 3600
49 90 3600
136 341 3600
176 189 3600
6 308 3600
179 260 3600
169 316 3600
174 293 3600
160 215 3600
125 138 3600
78 171 3600
23 224 3600
125 324 3600
25 296 3600
1 51 3600
34 359 3600
94 148 3600
80 316 3600
73 243 3600
10 324 3600
94 123 3600
12 114 3600
166 206 3600
130 224 3600
135 142 3600
72 212 3600
141 344 3600
16 251 3600
66 86 3600
169 359 3600
13 31 3600
62 118 3600
137 155 3600
19 208 3600
132 359 3600
70 261 3600
31 35 3600
10 94 3600
4 307 3600
66 127 3600
88 251 3600
78 103 3600
142 314 3600
70 130 3600
112 156 3600
33 98 3600
58 246 3600
0 133 3600
118 194 3600
157 287 3600
150 311 3600
10 228 3600
131 350 3600
99 179 3600
136 230 3600
88 153 3600
79 278 3600
10 231 3600
179 259 3600
70 341 3600
70 165 3600
142 346 3600
66 180 3600
16 106 3600
39 215 3600
62 207 3600
20 120 3600
6 234 3600
105 150 3600
103 213 3600
104 185 3600
52 254 3600
74 81 3600
48 239 3600
125 165 3600
38 228 3600
180 358 3600
126 185 3600
1 263 3600
70 182 3600
177 347 3600
161 172 3600
152 250 3600
104 143 3600
3 259 3600
45 69 3600
132 198 3600
119 337 3600
170 217 3600
15 128 3600
166 334 3600
93 121 3600
106 213 3600
115 282 3600
84 192 3600
146 321 3600
31 119 3600
174 226 3600
119 338 3600
100 303 3600
179 197 3600
32 128 3600
157 294 3600
48 51 3600
96 331 3600
56 266 3600
135 268 3600
118 212 3600
12 319 3600
76 116 3600
150 243 3600
