0 1 3640
1 2 3640
2 3 3640
3 4 3640
4 5 3640
5 6 3640
6 7 3640
7 8 3640
8 9 3640
9 10 3640
10 11 3640
11 12 3640
12 13 3640
13 14 3640
14 15 3640
15 16 3640
16 17 3640
17 18 3640
18 19 3640
19 20 3640
20 21 3640
21 22 3640
22 23 3640
23 24 3640
24 25 3640
25 26 3640
26 27 3640
27 28 3640
28 29 3640
29 30 3640
30 31 3640
31 32 3640
32 33 3640
33 34 3640
34 35 3640
35 36 3640
36 37 3640
37 38 3640
38 39 3640
39 40 3640
40 41 3640
41 42 3640
42 43 3640
43 44 3640
44 45 3640
45 46 3640
46 47 3640
47 48 3640
48 49 3640
49 50 3640
50 51 3640
51 52 3640
52 53 3640
53 54 3640
54 55 3640
55 56 3640
56 57 3640
57 58 3640
58 59 3640
59 60 3640
60 61 3640
61 62 3640
62 63 3640
63 64 3640
64 65 3640
65 66 3640
66 67 3640
67 68 3640
68 69 3640
69 70 3640
70 71 3640
71 72 3640
72 73 3640
73 74 3640
74 75 3640
75 76 3640
76 77 3640
77 78 3640
78 79 3640
79 80 3640
80 81 3640
81 82 3640
82 83 3640
83 84 3640
84 85 3640
85 86 3640
86 87 3640
87 88 3640
88 89 3640
89 90 3640
90 91 3640
91 92 3640
92 93 3640
93 94 3640
94 95 3640
95 96 3640
96 97 3640
97 98 3640
98 99 3640
99 100 3640
100 101 3640
101 102 3640
102 103 3640
103 104 3640
104 105 3640
105 106 3640
106 107 3640
107 108 3640
108 109 3640
109 110 3640
110 111 3640
111 112 3640
112 113 3640
113 114 3640
114 115 3640
115 116 3640
116 117 3640
117 118 3640
118 119 3640
119 120 3640
120 121 3640
121 122 3640
122 123 3640
123 124 3640
124 125 3640
125 126 3640
126 127 3640
127 128 3640
128 129 3640
129 130 3640
130 131 3640
131 132 3640
132 133 3640
133 134 3640
134 135 3640
135 136 3640
136 137 3640
137 138 3640
138 139 3640
139 140 3640
140 141 3640
141 142 3640
142 143 3640
143 144 3640
144 145 3640
145 146 3640
146 147 3640
147 148 3640
148 149 3640
149 150 3640
150 151 3640
151 152 3640
152 153 3640
153 154 3640
154 155 3640
155 156 3640
156 157 3640
157 158 3640
158 159 3640
159 160 3640
160 161 3640
161 162 3640
162 163 3640
163 164 3640
164 165 3640
165 166 3640
166 167 3640
167 168 3640
168 169 3640
169 170 3640
170 171 3640
171 172 3640
172 173 3640
173 174 3640
174 175 3640
175 176 3640
176 177 3640
177 178 3640
178 179 3640
179 180 3640
180 181 3640
181 182 3640
182 183 3640
183 184 3640
184 185 3640
185 186 3640
186 187 3640
187 188 3640
188 189 3640
189 190 3640
190 191 3640
191 192 3640
192 193 3640
193 194 3640
194 195 3640
195 196 3640
196 197 3640
197 198 3640
198 199 3640
199 200 3640
200 201 3640
201 202 3640
202 203 3640
203 204 3640
204 205 3640
205 206 3640
206 207 3640
207 208 3640
208 209 3640
209 210 3640
210 211 3640
211 212 3640
212 213 3640
213 214 3640
214 215 3640
215 216 3640
216 217 3640
217 218 3640
218 219 3640
219 220 3640
220 221 3640
221 222 3640
222 223 3640
223 224 3640
224 225 3640
225 226 3640
226 227 3640
227 228 3640
228 229 3640
229 230 3640
230 231 3640
231 232 3640
232 233 3640
233 234 3640
234 235 3640
235 236 3640
236 237 3640
237 238 3640
238 239 3640
239 240 3640
240 241 3640
241 242 3640
242 243 3640
243 244 3640
244 245 3640
245 246 3640
246 247 3640
247 248 3640
248 249 3640
249 250 3640
250 251 3640
251 252 3640
252 253 3640
253 254 3640
254 255 3640
255 256 3640
256 257 3640
257 258 3640
258 259 3640
259 260 3640
260 261 3640
261 262 3640
262 263 3640
263 264 3640
264 265 3640
265 266 3640
266 267 3640
267 268 3640
268 269 3640
269 270 3640
270 271 3640
271 272 3640
272 273 3640
273 274 3640
274 275 3640
275 276 3640
276 277 3640
277 278 3640
278 279 3640
279 280 3640
280 281 3640
281 282 3640
282 283 3640
283 284 3640
284 285 3640
285 286 3640
286 287 3640
287 288 3640
288 289 3640
289 290 3640
290 291 3640
291 292 3640
292 293 3640
293 294 3640
294 295 3640
295 296 3640
296 297 3640
297 298 3640
298 299 3640
299 300 3640
300 301 3640
301 302 3640
302 303 3640
303 304 3640
304 305 3640
305 306 3640
306 307 3640
307 308 3640
308 309 3640
309 310 3640
310 311 3640
311 312 3640
312 313 3640
313 314 3640
314 315 3640
315 316 3640
316 317 3640
317 318 3640
318 319 3640
319 320 3640
320 321 3640
321 322 3640
322 323 3640
323 324 3640
324 325 3640
325 326 3640
326 327 3640
327 328 3640
328 329 3640
329 330 3640
330 331 3640
331 332 3640
332 333 3640
333 334 3640
334 335 3640
335 336 3640
336 337 3640
337 338 3640
338 339 3640
339 340 3640
340 341 3640
341 342 3640
342 343 3640
343 344 3640
344 345 3640
345 346 3640
346 347 3640
347 348 3640
348 349 3640
349 350 3640
350 351 3640
351 352 3640
352 353 3640
353 354 3640
354 355 3640
355 356 3640
356 357 3640
357 358 3640
358 359 3640
359 360 3640
360 361 3640
361 362 3640
362 363 3640
145 189 3640
94 227 3640
29 191 3640
49 114 3640
166 333 3640
94 201 3640
176 349 3640
19 141 3640
182 359 3640
26 206 3640
42 318 3640
108 166 3640
105 213 3640
89 252 3640
87 213 3640
103 359 3640
175 291 3640
87 151 3640
2 253 3640
13 354 3640
147 231 3640
144 248 3640
21 45 3640
48 116 3640
143 287 3640
89 351 3640
28 103 3640
31 127 3640
1 37 3640
157 337 3640
24 125 3640
14 16 3640
166 204 3640
97 108 3640
110 353 3640
153 183 3640
122 314 3640
13 231 3640
29 314 3640
179 227 3640
115 131 3640
85 170 3640
136 283 3640
17 213 3640
41 309 3640
43 167 3640
52 122 3640
169 349 3640
73 269 3640
165 346 3640
83 194 3640
29 170 3640
164 191 3640
107 144 3640
76 160 3640
15 89 3640
58 128 3640
182 346 3640
106 136 3640
62 71 3640
179 212 3640
19 48 3640
91 223 3640
106 353 3640
111 230 3640
43 236 3640
154 198 3640
0 352 3640
152 328 3640
53 313 3640
165 183 3640
67 238 3640
40 250 3640
113 358 3640
3 315 3640
119 178 3640
110 134 3640
178 282 3640
15 351 3640
84 207 3640
78 251 3640
6 193 3640
41 334 3640
169 341 3640
58 355 3640
151 287 3640
99 358 3640
26 251 3640
66 143 3640
132 282 3640
151 358 3640
159 162 3640
48 169 3640
119 326 3640
55 249 3640
142 147 3640
179 277 3640
81 296 3640
160 322 3640
136 232 3640
41 214 3640
150 267 3640
117 257 3640
42 230 3640
111 158 3640
78 276 3640
126 260 3640
114 264 3640
82 212 3640
82 97 3640
80 249 3640
74 244 3640
131 197 3640
0 169 3640
139 197 3640
83 130 3640
89 237 3640
130 175 3640
140 312 3640
136 230 3640
165 286 3640
49 126 3640
145 339 3640
27 59 3640
92 253 3640
23 163 3640
150 183 3640
39 182 3640
175 245 3640
27 279 3640
134 337 3640
70 167 3640
180 325 3640
181 249 3640
82 324 3640
132 362 3640
71 307 3640
79 287 3640
52 253 3640
171 291 3640
175 263 3640
111 223 3640
120 202 3640
53 69 3640
139 185 3640
53 339 3640
58 121 3640
60 306 3640
10 150 3640
136 285 3640
151 278 3640
60 277 3640
24 184 3640
61 280 3640
127 325 3640
115 236 3640
24 277 3640
124 261 3640
51 131 3640
13 98 3640
171 310 3640
171 215 3640
45 174 3640
37 114 3640
53 307 3640
121 316 3640
14 134 3640
161 326 3640
52 235 3640
14 202 3640
22 99 3640
132 226 3640
86 353 3640
148 241 3640
136 203 3640
98 276 3640
152 275 3640
0 153 3640
154 273 3640
106 139 3640
127 249 3640
138 229 3640
151 321 3640
58 125 3640
56 200 3640
100 236 3640
10 312 3640
19 160 3640
107 172 3640
65 266 3640
56 70 3640
115 135 3640
133 350 3640
20 292 3640
144 361 3640
110 171 3640
158 217 3640
113 180 3640
139 298 3640
157 172 3640
132 359 3640
175 190 3640
137 204 3640
128 309 3640
103 301 3640
83 107 3640
167 213 3640
24 348 3640
157 224 3640
49 352 3640
106 297 3640
110 165 3640
116 328 3640
78 225 3640
90 127 3640
40 325 3640
70 190 3640
163 362 3640
14 327 3640
64 235 3640
111 313 3640
10 203 3640
25 290 3640
117 353 3640
90 332 3640
14 202 3640
78 253 3640
119 205 3640
179 221 3640
58 328 3640
163 230 3640
49 139 3640
152 337 3640
138 185 3640
173 284 3640
26 301 3640
98 266 3640
67 138 3640
48 191 3640
48 304 3640
16 288 3640
106 183 3640
105 126 3640
77 301 3640
96 339 3640
60 215 3640
89 191 3640
114 224 3640
141 357 3640
17 270 3640
66 237 3640
141 199 3640
44 160 3640
160 252 3640
21 31 3640
150 293 3640
104 270 3640
100 291 3640
103 306 3640
15 240 3640
62 278 3640
50 275 3640
150 362 3640
39 326 3640
3 6 3640
147 191 3640
138 196 3640
39 275 3640
135 139 3640
31 48 3640
134 357 3640
119 289 3640
86 218 3640
42 350 3640
0 145 3640
138 234 3640
174 217 3640
167 325 3640
75 286 3640
40 120 3640
151 340 3640
150 305 3640
134 186 3640
110 152 3640
84 166 3640
134 238 3640
68 221 3640
101 159 3640
26 143 3640
119 269 3640
165 315 3640
44 156 3640
22 47 3640
4 194 3640
80 359 3640
110 332 3640
40 164 3640
26 43 3640
82 343 3640
123 305 3640
171 338 3640
103 279 3640
92 358 3640
38 229 3640
34 310 3640
49 226 3640
48 180 3640
130 187 3640
71 290 3640
18 211 3640
5 104 3640
39 112 3640
95 349 3640
8 54 3640
72 90 3640
73 325 3640
2 341 3640
28 130 3640
76 287 3640
174 279 3640
45 298 3640
103 281 3640
16 143 3640
0 143 3640
156 257 3640
35 156 3640
90 185 3640
83 239 3640
122 214 3640
88 357 3640
46 296 3640
173 219 3640
160 182 3640
165 203 3640
75 286 3640
14 52 3640
171 260 3640
34 54 3640
32 157 3640
157 165 3640
132 189 3640
126 308 3640
91 248 3640
136 224 3640
50 79 3640
28 174 3640
180 197 3640
146 267 3640
129 206 3640
25 176 3640
19 236 3640
141 300 3640
87 311 3640
166 205 3640
135 170 3640
115 249 3640
44 91 3640
175 307 3640
113 285 3640
128 268 3640
3 348 3640
168 283 3640
108 271 3640
