0 1 3680
1 2 3680
2 3 3680
3 4 3680
4 5 3680
5 6 3680
6 7 3680
7 8 3680
8 9 3680
9 10 3680
10 11 3680
11 12 3680
12 13 3680
13 14 3680
14 15 3680
15 16 3680
16 17 3680
17 18 3680
18 19 3680
19 20 3680
20 21 3680
21 22 3680
22 23 3680
23 24 3680
24 25 3680
25 26 3680
26 27 3680
27 28 3680
28 29 3680
29 30 3680
30 31 3680
31 32 3680
32 33 3680
33 34 3680
34 35 3680
35 36 3680
36 37 3680
37 38 3680
38 39 3680
39 40 3680
40 41 3680
41 42 3680
42 43 3680
43 44 3680
44 45 3680
45 46 3680
46 47 3680
47 48 3680
48 49 3680
49 50 3680
50 51 3680
51 52 3680
52 53 3680
53 54 3680
54 55 3680
55 56 3680
56 57 3680
57 58 3680
58 59 3680
59 60 3680
60 61 3680
61 62 3680
62 63 3680
63 64 3680
64 65 3680
65 66 3680
66 67 3680
67 68 3680
68 69 3680
69 70 3680
70 71 3680
71 72 3680
72 73 3680
73 74 3680
74 75 3680
75 76 3680
76 77 3680
77 78 3680
78 79 3680
79 80 3680
80 81 3680
81 82 3680
82 83 3680
83 84 3680
84 85 3680
85 86 3680
86 87 3680
87 88 3680
88 89 3680
89 90 3680
90 91 3680
91 92 3680
92 93 3680
93 94 3680
94 95 3680
95 96 3680
96 97 3680
97 98 3680
98 99 3680
99 100 3680
100 101 3680
101 102 3680
102 103 3680
103 104 3680
104 105 3680
105 106 3680
106 107 3680
107 108 3680
108 109 3680
109 110 3680
110 111 3680
111 112 3680
112 113 3680
113 114 3680
114 115 3680
115 116 3680
116 117 3680
117 118 3680
118 119 3680
119 120 3680
120 121 3680
121 122 3680
122 123 3680
123 124 3680
124 125 3680
125 126 3680
126 127 3680
127 128 3680
128 129 3680
129 130 3680
130 131 3680
131 132 3680
132 133 3680
133 134 3680
134 135 3680
135 136 3680
136 137 3680
137 138 3680
138 139 3680
139 140 3680
140 141 3680
141 142 3680
142 143 3680
143 144 3680
144 145 3680
145 146 3680
146 147 3680
147 148 3680
148 149 3680
149 150 3680
150 151 3680
151 152 3680
152 153 3680
153 154 3680
154 155 3680
155 156 3680
156 157 3680
157 158 3680
158 159 3680
159 160 3680
160 161 3680
161 162 3680
162 163 3680
163 164 3680
164 165 3680
165 166 3680
166 167 3680
167 168 3680
168 169 3680
169 170 3680
170 171 3680
171 172 3680
172 173 3680
173 174 3680
174 175 3680
175 176 3680
176 177 3680
177 178 3680
178 179 3680
179 180 3680
180 181 3680
181 182 3680
182 183 3680
183 184 3680
184 185 3680
185 186 3680
186 187 3680
187 188 3680
188 189 3680
189 190 3680
190 191 3680
191 192 3680
192 193 3680
193 194 3680
194 195 3680
195 196 3680
196 197 3680
197 198 3680
198 199 3680
199 200 3680
200 201 3680
201 202 3680
202 203 3680
203 204 3680
204 205 3680
205 206 3680
206 207 3680
207 208 3680
208 209 3680
209 210 3680
210 211 3680
211 212 3680
212 213 3680
213 214 3680
214 215 3680
215 216 3680
216 217 3680
217 218 3680
218 219 3680
219 220 3680
220 221 3680
221 222 3680
222 223 3680
223 224 3680
224 225 3680
225 226 3680
226 227 3680
227 228 3680
228 229 3680
229 230 3680
230 231 3680
231 232 3680
232 233 3680
233 234 3680
234 235 3680
235 236 3680
236 237 3680
237 238 3680
238 239 3680
239 240 3680
240 241 3680
241 242 3680
242 243 3680
243 244 3680
244 245 3680
245 246 3680
246 247 3680
247 248 3680
248 249 3680
249 250 3680
250 251 3680
251 252 3680
252 253 3680
253 254 3680
254 255 3680
255 256 3680
256 257 3680
257 258 3680
258 259 3680
259 260 3680
260 261 3680
261 262 3680
262 263 3680
263 264 3680
264 265 3680
265 266 3680
266 267 3680
267 268 3680
268 269 3680
269 270 3680
270 271 3680
271 272 3680
272 273 3680
273 274 3680
274 275 3680
275 276 3680
276 277 3680
277 278 3680
278 279 3680
279 280 3680
280 281 3680
281 282 3680
282 283 3680
283 284 3680
284 285 3680
285 286 3680
286 287 3680
287 288 3680
288 289 3680
289 290 3680
290 291 3680
291 292 3680
292 293 3680
293 294 3680
294 295 3680
295 296 3680
296 297 3680
297 298 3680
298 299 3680
299 300 3680
300 301 3680
301 302 3680
302 303 3680
303 304 3680
304 305 3680
305 306 3680
306 307 3680
307 308 3680
308 309 3680
309 310 3680
310 311 3680
311 312 3680
312 313 3680
313 314 3680
314 315 3680
315 316 3680
316 317 3680
317 318 3680
318 319 3680
319 320 3680
320 321 3680
321 322 3680
322 323 3680
323 324 3680
324 325 3680
325 326 3680
326 327 3680
327 328 3680
328 329 3680
329 330 3680
330 331 3680
331 332 3680
332 333 3680
333 334 3680
334 335 3680
335 336 3680
336 337 3680
337 338 3680
338 339 3680
339 340 3680
340 341 3680
341 342 3680
342 343 3680
343 344 3680
344 345 3680
345 346 3680
346 347 3680
347 348 3680
348 349 3680
349 350 3680
350 351 3680
351 352 3680
352 353 3680
353 354 3680
354 355 3680
355 356 3680
356 357 3680
357 358 3680
358 359 3680
359 360 3680
360 361 3680
361 362 3680
362 363 3680
363 364 3680
364 365 3680
365 366 3680
366 367 3680
153 350 3680
32 187 3680
109 299 3680
81 268 3680
136 240 3680
36 252 3680
76 178 3680
90 340 3680
92 127 3680
38 139 3680
171 230 3680
59 117 3680
170 259 3680
42 90 3680
154 363 3680
79 216 3680
90 275 3680
181 216 3680
60 304 3680
65 237 3680
133 167 3680
162 164 3680
82 239 3680
124 274 3680
58 353 3680
163 250 3680
86 317 3680
25 54 3680
80 156 3680
131 211 3680
107 316 3680
4 331 3680
24 172 3680
64 226 3680
99 282 3680
149 187 3680
165 319 3680
173 179 3680
6 142 3680
88 199 3680
84 145 3680
77 246 3680
26 76 3680
29 278 3680
145 168 3680
58 317 3680
2 112 3680
131 233 3680
84 210 3680
145 277 3680
67 285 3680
104 223 3680
109 318 3680
5 155 3680
89 161 3680
184 198 3680
24 36 3680
58 86 3680
61 275 3680
175 331 3680
22 300 3680
26 29 3680
177 322 3680
164 363 3680
91 180 3680
57 231 3680
40 295 3680
141 166 3680
169 310 3680
88 120 3680
104 320 3680
134 285 3680
15 118 3680
120 134 3680
3 10 3680
6 228 3680
144 325 3680
152 336 3680
150 271 3680
183 211 3680
65 192 3680
102 222 3680
130 240 3680
182 245 3680
122 312 3680
2 76 3680
19 179 3680
8 193 3680
7 210 3680
99 209 3680
31 240 3680
165 290 3680
180 339 3680
175 276 3680
177 225 3680
129 267 3680
113 360 3680
38 140 3680
57 298 3680
177 361 3680
182 202 3680
159 248 3680
181 331 3680
135 349 3680
184 193 3680
167 232 3680
35 170 3680
0 206 3680
160 262 3680
77 106 3680
36 95 3680
177 187 3680
8 351 3680
11 258 3680
19 355 3680
119 331 3680
160 352 3680
144 206 3680
5 206 3680
13 323 3680
53 159 3680
113 301 3680
98 152 3680
73 298 3680
10 151 3680
151 246 3680
59 244 3680
65 168 3680
47 313 3680
51 122 3680
11 160 3680
153 299 3680
29 100 3680
156 294 3680
30 299 3680
31 273 3680
80 258 3680
169 222 3680
98 175 3680
31 118 3680
21 292 3680
164 219 3680
60 361 3680
84 215 3680
46 336 3680
33 270 3680
88 91 3680
143 347 3680
27 189 3680
116 242 3680
87 109 3680
99 121 3680
135 143 3680
79 179 3680
89 339 3680
69 200 3680
44 94 3680
33 63 3680
65 345 3680
88 291 3680
140 355 3680
150 287 3680
39 257 3680
125 339 3680
88 113 3680
49 71 3680
138 252 3680
69 305 3680
116 342 3680
131 242 3680
108 167 3680
153 267 3680
71 240 3680
158 184 3680
90 300 3680
12 48 3680
48 202 3680
159 206 3680
53 281 3680
0 30 3680
112 219 3680
147 321 3680
113 296 3680
1 225 3680
66 366 3680
120 282 3680
41 97 3680
76 87 3680
25 325 3680
72 320 3680
181 323 3680
27 244 3680
63 291 3680
37 113 3680
30 345 3680
37 129 3680
57 77 3680
72 259 3680
34 82 3680
76 99 3680
138 169 3680
157 202 3680
65 75 3680
21 41 3680
113 207 3680
155 361 3680
142 272 3680
146 307 3680
150 259 3680
69 167 3680
79 223 3680
178 270 3680
43 281 3680
18 75 3680
184 297 3680
82 321 3680
76 219 3680
64 99 3680
43 232 3680
30 326 3680
180 346 3680
37 255 3680
69 118 3680
114 325 3680
37 57 3680
179 194 3680
90 165 3680
27 119 3680
55 349 3680
146 191 3680
109 271 3680
146 165 3680
115 357 3680
13 154 3680
167 242 3680
103 155 3680
33 139 3680
106 224 3680
20 207 3680
177 281 3680
104 184 3680
67 228 3680
19 311 3680
143 306 3680
154 219 3680
171 353 3680
15 117 3680
62 281 3680
148 336 3680
69 215 3680
146 201 3680
6 110 3680
184 196 3680
5 340 3680
173 193 3680
27 59 3680
45 348 3680
66 75 3680
78 291 3680
126 243 3680
181 281 3680
84 151 3680
75 278 3680
76 272 3680
138 283 3680
29 44 3680
108 156 3680
180 263 3680
162 176 3680
45 84 3680
28 342 3680
87 163 3680
26 62 3680
182 217 3680
7 166 3680
184 223 3680
117 296 3680
131 152 3680
114 250 3680
128 225 3680
52 166 3680
30 130 3680
18 259 3680
28 121 3680
109 230 3680
93 235 3680
14 321 3680
26 217 3680
139 275 3680
132 167 3680
138 229 3680
75 323 3680
10 107 3680
128 316 3680
21 276 3680
131 325 3680
119 300 3680
55 277 3680
79 96 3680
77 186 3680
33 274 3680
89 292 3680
71 115 3680
167 325 3680
39 132 3680
114 181 3680
163 195 3680
21 212 3680
183 322 3680
120 247 3680
182 285 3680
44 94 3680
117 167 3680
54 58 3680
118 138 3680
156 306 3680
75 348 3680
140 280 3680
70 175 3680
100 205 3680
161 285 3680
51 356 3680
41 240 3680
137 164 3680
134 360 3680
49 217 3680
11 149 3680
103 357 3680
88 186 3680
162 293 3680
38 141 3680
84 263 3680
75 308 3680
38 241 3680
162 308 3680
153 298 3680
150 290 3680
160 352 3680
155 322 3680
67 325 3680
44 166 3680
3 99 3680
175 269 3680
18 68 3680
154 279 3680
23 340 3680
25 152 3680
70 294 3680
71 203 3680
81 309 3680
42 361 3680
126 303 3680
141 143 3680
139 296 3680
152 295 3680
23 344 3680
23 346 3680
141 222 3680
123 287 3680
4 134 3680
38 347 3680
125 226 3680
34 85 3680
43 172 3680
90 153 3680
151 271 3680
