0 1 360
1 2 360
2 3 360
3 4 360
4 5 360
5 6 360
6 7 360
7 8 360
8 9 360
9 10 360
10 11 360
11 12 360
12 13 360
13 14 360
14 15 360
15 16 360
16 17 360
17 18 360
18 19 360
19 20 360
20 21 360
21 22 360
22 23 360
23 24 360
24 25 360
25 26 360
26 27 360
27 28 360
28 29 360
29 30 360
30 31 360
31 32 360
32 33 360
33 34 360
34 35 360
15 27 360
1 26 360
11 25 360
15 19 360
0 9 360
4 11 360
8 17 360
18 31 360
6 16 360
8 17 360
11 19 360
16 31 360
18 32 360
3 31 360
8 16 360
5 29 360
9 12 360
9 28 360
18 23 360
15 25 360
6 22 360
18 32 360
8 15 360
11 28 360
2 7 360
5 7 360
8 35 360
6 20 360
17 19 360
17 33 360
15 24 360
15 28 360
11 28 360
17 28 360
