0 1 3720
1 2 3720
2 3 3720
3 4 3720
4 5 3720
5 6 3720
6 7 3720
7 8 3720
8 9 3720
9 10 3720
10 11 3720
11 12 3720
12 13 3720
13 14 3720
14 15 3720
15 16 3720
16 17 3720
17 18 3720
18 19 3720
19 20 3720
20 21 3720
21 22 3720
22 23 3720
23 24 3720
24 25 3720
25 26 3720
26 27 3720
27 28 3720
28 29 3720
29 30 3720
30 31 3720
31 32 3720
32 33 3720
33 34 3720
34 35 3720
35 36 3720
36 37 3720
37 38 3720
38 39 3720
39 40 3720
40 41 3720
41 42 3720
42 43 3720
43 44 3720
44 45 3720
45 46 3720
46 47 3720
47 48 3720
48 49 3720
49 50 3720
50 51 3720
51 52 3720
52 53 3720
53 54 3720
54 55 3720
55 56 3720
56 57 3720
57 58 3720
58 59 3720
59 60 3720
60 61 3720
61 62 3720
62 63 3720
63 64 3720
64 65 3720
65 66 3720
66 67 3720
67 68 3720
68 69 3720
69 70 3720
70 71 3720
71 72 3720
72 73 3720
73 74 3720
74 75 3720
75 76 3720
76 77 3720
77 78 3720
78 79 3720
79 80 3720
80 81 3720
81 82 3720
82 83 3720
83 84 3720
84 85 3720
85 86 3720
86 87 3720
87 88 3720
88 89 3720
89 90 3720
90 91 3720
91 92 3720
92 93 3720
93 94 3720
94 95 3720
95 96 3720
96 97 3720
97 98 3720
98 99 3720
99 100 3720
100 101 3720
101 102 3720
102 103 3720
103 104 3720
104 105 3720
105 106 3720
106 107 3720
107 108 3720
108 109 3720
109 110 3720
110 111 3720
111 112 3720
112 113 3720
113 114 3720
114 115 3720
115 116 3720
116 117 3720
117 118 3720
118 119 3720
119 120 3720
120 121 3720
121 122 3720
122 123 3720
123 124 3720
124 125 3720
125 126 3720
126 127 3720
127 128 3720
128 129 3720
129 130 3720
130 131 3720
131 132 3720
132 133 3720
133 134 3720
134 135 3720
135 136 3720
136 137 3720
137 138 3720
138 139 3720
139 140 3720
140 141 3720
141 142 3720
142 143 3720
143 144 3720
144 145 3720
145 146 3720
146 147 3720
147 148 3720
148 149 3720
149 150 3720
150 151 3720
151 152 3720
152 153 3720
153 154 3720
154 155 3720
155 156 3720
156 157 3720
157 158 3720
158 159 3720
159 160 3720
160 161 3720
161 162 3720
162 163 3720
163 164 3720
164 165 3720
165 166 3720
166 167 3720
167 168 3720
168 169 3720
169 170 3720
170 171 3720
171 172 3720
172 173 3720
173 174 3720
174 175 3720
175 176 3720
176 177 3720
177 178 3720
178 179 3720
179 180 3720
180 181 3720
181 182 3720
182 183 3720
183 184 3720
184 185 3720
185 186 3720
186 187 3720
187 188 3720
188 189 3720
189 190 3720
190 191 3720
191 192 3720
192 193 3720
193 194 3720
194 195 3720
195 196 3720
196 197 3720
197 198 3720
198 199 3720
199 200 3720
200 201 3720
201 202 3720
202 203 3720
203 204 3720
204 205 3720
205 206 3720
206 207 3720
207 208 3720
208 209 3720
209 210 3720
210 211 3720
211 212 3720
212 213 3720
213 214 3720
214 215 3720
215 216 3720
216 217 3720
217 218 3720
218 219 3720
219 220 3720
220 221 3720
221 222 3720
222 223 3720
223 224 3720
224 225 3720
225 226 3720
226 227 3720
227 228 3720
228 229 3720
229 230 3720
230 231 3720
231 232 3720
232 233 3720
233 234 3720
234 235 3720
235 236 3720
236 237 3720
237 238 3720
238 239 3720
239 240 3720
240 241 3720
241 242 3720
242 243 3720
243 244 3720
244 245 3720
245 246 3720
246 247 3720
247 248 3720
248 249 3720
249 250 3720
250 251 3720
251 252 3720
252 253 3720
253 254 3720
254 255 3720
255 256 3720
256 257 3720
257 258 3720
258 259 3720
259 260 3720
260 261 3720
261 262 3720
262 263 3720
263 264 3720
264 265 3720
265 266 3720
266 267 3720
267 268 3720
268 269 3720
269 270 3720
270 271 3720
271 272 3720
272 273 3720
273 274 3720
274 275 3720
275 276 3720
276 277 3720
277 278 3720
278 279 3720
279 280 3720
280 281 3720
281 282 3720
282 283 3720
283 284 3720
284 285 3720
285 286 3720
286 287 3720
287 288 3720
288 289 3720
289 290 3720
290 291 3720
291 292 3720
292 293 3720
293 294 3720
294 295 3720
295 296 3720
296 297 3720
297 298 3720
298 299 3720
299 300 3720
300 301 3720
301 302 3720
302 303 3720
303 304 3720
304 305 3720
305 306 3720
306 307 3720
307 308 3720
308 309 3720
309 310 3720
310 311 3720
311 312 3720
312 313 3720
313 314 3720
314 315 3720
315 316 3720
316 317 3720
317 318 3720
318 319 3720
319 320 3720
320 321 3720
321 322 3720
322 323 3720
323 324 3720
324 325 3720
325 326 3720
326 327 3720
327 328 3720
328 329 3720
329 330 3720
330 331 3720
331 332 3720
332 333 3720
333 334 3720
334 335 3720
335 336 3720
336 337 3720
337 338 3720
338 339 3720
339 340 3720
340 341 3720
341 342 3720
342 343 3720
343 344 3720
344 345 3720
345 346 3720
346 347 3720
347 348 3720
348 349 3720
349 350 3720
350 351 3720
351 352 3720
352 353 3720
353 354 3720
354 355 3720
355 356 3720
356 357 3720
357 358 3720
358 359 3720
359 360 3720
360 361 3720
361 362 3720
362 363 3720
363 364 3720
364 365 3720
365 366 3720
366 367 3720
367 368 3720
368 369 3720
369 370 3720
370 371 3720
167 350 3720
113 335 3720
113 185 3720
158 194 3720
20 120 3720
154 209 3720
114 297 3720
149 190 3720
46 371 3720
170 244 3720
76 330 3720
167 344 3720
122 140 3720
42 50 3720
51 199 3720
162 263 3720
43 131 3720
48 73 3720
39 49 3720
106 313 3720
61 345 3720
57 98 3720
129 312 3720
20 321 3720
32 295 3720
186 234 3720
173 191 3720
175 357 3720
83 228 3720
38 213 3720
40 370 3720
118 138 3720
154 277 3720
18 168 3720
176 290 3720
157 371 3720
53 282 3720
129 318 3720
148 262 3720
168 302 3720
83 228 3720
160 341 3720
147 330 3720
97 304 3720
67 111 3720
178 216 3720
169 325 3720
178 227 3720
38 47 3720
133 170 3720
170 256 3720
64 108 3720
98 209 3720
183 271 3720
6 189 3720
7 244 3720
18 182 3720
63 163 3720
112 143 3720
159 362 3720
184 265 3720
155 296 3720
113 306 3720
49 306 3720
8 135 3720
90 190 3720
139 223 3720
109 323 3720
78 170 3720
110 260 3720
161 171 3720
53 341 3720
117 262 3720
10 14 3720
75 335 3720
87 346 3720
12 79 3720
158 173 3720
161 214 3720
96 291 3720
80 260 3720
121 316 3720
118 225 3720
10 218 3720
144 232 3720
162 322 3720
161 256 3720
140 324 3720
172 236 3720
105 231 3720
15 21 3720
33 257 3720
163 247 3720
89 209 3720
19 304 3720
144 186 3720
62 121 3720
169 229 3720
70 260 3720
78 251 3720
10 33 3720
127 230 3720
176 353 3720
147 283 3720
105 208 3720
150 200 3720
120 191 3720
78 258 3720
150 257 3720
95 319 3720
112 219 3720
83 333 3720
12 126 3720
71 112 3720
78 145 3720
52 171 3720
79 141 3720
175 237 3720
77 195 3720
136 151 3720
167 317 3720
103 168 3720
158 213 3720
98 279 3720
114 367 3720
25 61 3720
106 273 3720
31 343 3720
175 331 3720
17 270 3720
142 179 3720
12 184 3720
58 220 3720
133 264 3720
21 313 3720
127 185 3720
58 271 3720
13 160 3720
99 301 3720
92 102 3720
18 317 3720
177 286 3720
55 204 3720
106 282 3720
46 358 3720
90 109 3720
153 288 3720
179 211 3720
108 204 3720
167 225 3720
150 350 3720
95 143 3720
33 47 3720
96 338 3720
67 185 3720
53 76 3720
132 178 3720
16 271 3720
37 293 3720
26 303 3720
67 250 3720
162 303 3720
20 250 3720
34 302 3720
158 331 3720
83 274 3720
176 360 3720
11 22 3720
147 332 3720
127 332 3720
1 281 3720
140 148 3720
74 319 3720
63 156 3720
159 267 3720
63 342 3720
19 220 3720
100 161 3720
29 32 3720
157 166 3720
165 371 3720
60 62 3720
157 315 3720
16 273 3720
82 319 3720
175 267 3720
35 242 3720
93 221 3720
181 300 3720
98 171 3720
88 231 3720
17 169 3720
152 183 3720
107 139 3720
23 99 3720
25 80 3720
61 63 3720
167 327 3720
81 312 3720
66 337 3720
179 233 3720
105 210 3720
89 124 3720
175 350 3720
106 367 3720
31 104 3720
100 131 3720
22 275 3720
8 289 3720
113 319 3720
121 330 3720
69 371 3720
96 222 3720
180 191 3720
169 222 3720
116 152 3720
138 305 3720
98 109 3720
152 299 3720
35 123 3720
153 178 3720
149 230 3720
61 176 3720
103 149 3720
101 366 3720
161 352 3720
54 264 3720
43 66 3720
104 286 3720
116 192 3720
5 213 3720
57 181 3720
14 274 3720
88 264 3720
18 130 3720
137 175 3720
28 287 3720
154 296 3720
82 351 3720
19 168 3720
98 161 3720
37 173 3720
28 110 3720
186 336 3720
134 281 3720
112 264 3720
68 186 3720
94 307 3720
182 184 3720
129 227 3720
172 179 3720
13 185 3720
84 119 3720
16 341 3720
50 52 3720
6 138 3720
167 263 3720
9 269 3720
78 357 3720
38 274 3720
31 176 3720
179 310 3720
111 262 3720
27 126 3720
145 237 3720
124 266 3720
77 278 3720
69 304 3720
142 223 3720
44 303 3720
183 199 3720
153 329 3720
99 335 3720
95 143 3720
30 231 3720
111 151 3720
53 59 3720
18 354 3720
42 188 3720
165 333 3720
22 201 3720
145 205 3720
115 321 3720
184 249 3720
118 185 3720
59 84 3720
102 163 3720
33 327 3720
90 167 3720
149 352 3720
71 151 3720
176 209 3720
129 244 3720
63 223 3720
8 198 3720
14 366 3720
130 356 3720
0 343 3720
45 110 3720
106 261 3720
37 137 3720
144 218 3720
172 311 3720
75 139 3720
109 351 3720
137 344 3720
130 288 3720
120 328 3720
61 238 3720
106 253 3720
87 118 3720
181 359 3720
57 104 3720
131 346 3720
116 260 3720
94 315 3720
98 174 3720
95 365 3720
60 230 3720
65 297 3720
127 331 3720
134 327 3720
153 162 3720
185 270 3720
92 300 3720
11 195 3720
49 214 3720
20 186 3720
71 179 3720
171 303 3720
28 88 3720
176 314 3720
102 370 3720
178 347 3720
172 247 3720
150 206 3720
23 142 3720
123 261 3720
67 206 3720
75 303 3720
46 113 3720
145 245 3720
126 367 3720
40 307 3720
100 212 3720
20 99 3720
74 351 3720
130 359 3720
38 161 3720
25 264 3720
44 114 3720
16 80 3720
114 175 3720
134 339 3720
122 267 3720
97 265 3720
133 222 3720
179 317 3720
125 218 3720
157 358 3720
80 251 3720
29 207 3720
100 304 3720
66 195 3720
182 268 3720
36 294 3720
143 346 3720
70 354 3720
141 322 3720
88 332 3720
