0 1 3760
1 2 3760
2 3 3760
3 4 3760
4 5 3760
5 6 3760
6 7 3760
7 8 3760
8 9 3760
9 10 3760
10 11 3760
11 12 3760
12 13 3760
13 14 3760
14 15 3760
15 16 3760
16 17 3760
17 18 3760
18 19 3760
19 20 3760
20 21 3760
21 22 3760
22 23 3760
23 24 3760
24 25 3760
25 26 3760
26 27 3760
27 28 3760
28 29 3760
29 30 3760
30 31 3760
31 32 3760
32 33 3760
33 34 3760
34 35 3760
35 36 3760
36 37 3760
37 38 3760
38 39 3760
39 40 3760
40 41 3760
41 42 3760
42 43 3760
43 44 3760
44 45 3760
45 46 3760
46 47 3760
47 48 3760
48 49 3760
49 50 3760
50 51 3760
51 52 3760
52 53 3760
53 54 3760
54 55 3760
55 56 3760
56 57 3760
57 58 3760
58 59 3760
59 60 3760
60 61 3760
61 62 3760
62 63 3760
63 64 3760
64 65 3760
65 66 3760
66 67 3760
67 68 3760
68 69 3760
69 70 3760
70 71 3760
71 72 3760
72 73 3760
73 74 3760
74 75 3760
75 76 3760
76 77 3760
77 78 3760
78 79 3760
79 80 3760
80 81 3760
81 82 3760
82 83 3760
83 84 3760
84 85 3760
85 86 3760
86 87 3760
87 88 3760
88 89 3760
89 90 3760
90 91 3760
91 92 3760
92 93 3760
93 94 3760
94 95 3760
95 96 3760
96 97 3760
97 98 3760
98 99 3760
99 100 3760
100 101 3760
101 102 3760
102 103 3760
103 104 3760
104 105 3760
105 106 3760
106 107 3760
107 108 3760
108 109 3760
109 110 3760
110 111 3760
111 112 3760
112 113 3760
113 114 3760
114 115 3760
115 116 3760
116 117 3760
117 118 3760
118 119 3760
119 120 3760
120 121 3760
121 122 3760
122 123 3760
123 124 3760
124 125 3760
125 126 3760
126 127 3760
127 128 3760
128 129 3760
129 130 3760
130 131 3760
131 132 3760
132 133 3760
133 134 3760
134 135 3760
135 136 3760
136 137 3760
137 138 3760
138 139 3760
139 140 3760
140 141 3760
141 142 3760
142 143 3760
143 144 3760
144 145 3760
145 146 3760
146 147 3760
147 148 3760
148 149 3760
149 150 3760
150 151 3760
151 152 3760
152 153 3760
153 154 3760
154 155 3760
155 156 3760
156 157 3760
157 158 3760
158 159 3760
159 160 3760
160 161 3760
161 162 3760
162 163 3760
163 164 3760
164 165 3760
165 166 3760
166 167 3760
167 168 3760
168 169 3760
169 170 3760
170 171 3760
171 172 3760
172 173 3760
173 174 3760
174 175 3760
175 176 3760
176 177 3760
177 178 3760
178 179 3760
179 180 3760
180 181 3760
181 182 3760
182 183 3760
183 184 3760
184 185 3760
185 186 3760
186 187 3760
187 188 3760
188 189 3760
189 190 3760
190 191 3760
191 192 3760
192 193 3760
193 194 3760
194 195 3760
195 196 3760
196 197 3760
197 198 3760
198 199 3760
199 200 3760
200 201 3760
201 202 3760
202 203 3760
203 204 3760
204 205 3760
205 206 3760
206 207 3760
207 208 3760
208 209 3760
209 210 3760
210 211 3760
211 212 3760
212 213 3760
213 214 3760
214 215 3760
215 216 3760
216 217 3760
217 218 3760
218 219 3760
219 220 3760
220 221 3760
221 222 3760
222 223 3760
223 224 3760
224 225 3760
225 226 3760
226 227 3760
227 228 3760
228 229 3760
229 230 3760
230 231 3760
231 232 3760
232 233 3760
233 234 3760
234 235 3760
235 236 3760
236 237 3760
237 238 3760
238 239 3760
239 240 3760
240 241 3760
241 242 3760
242 243 3760
243 244 3760
244 245 3760
245 246 3760
246 247 3760
247 248 3760
248 249 3760
249 250 3760
250 251 3760
251 252 3760
252 253 3760
253 254 3760
254 255 3760
255 256 3760
256 257 3760
257 258 3760
258 259 3760
259 260 3760
260 261 3760
261 262 3760
262 263 3760
263 264 3760
264 265 3760
265 266 3760
266 267 3760
267 268 3760
268 269 3760
269 270 3760
270 271 3760
271 272 3760
272 273 3760
273 274 3760
274 275 3760
275 276 3760
276 277 3760
277 278 3760
278 279 3760
279 280 3760
280 281 3760
281 282 3760
282 283 3760
283 284 3760
284 285 3760
285 286 3760
286 287 3760
287 288 3760
288 289 3760
289 290 3760
290 291 3760
291 292 3760
292 293 3760
293 294 3760
294 295 3760
295 296 3760
296 297 3760
297 298 3760
298 299 3760
299 300 3760
300 301 3760
301 302 3760
302 303 3760
303 304 3760
304 305 3760
305 306 3760
306 307 3760
307 308 3760
308 309 3760
309 310 3760
310 311 3760
311 312 3760
312 313 3760
313 314 3760
314 315 3760
315 316 3760
316 317 3760
317 318 3760
318 319 3760
319 320 3760
320 321 3760
321 322 3760
322 323 3760
323 324 3760
324 325 3760
325 326 3760
326 327 3760
327 328 3760
328 329 3760
329 330 3760
330 331 3760
331 332 3760
332 333 3760
333 334 3760
334 335 3760
335 336 3760
336 337 3760
337 338 3760
338 339 3760
339 340 3760
340 341 3760
341 342 3760
342 343 3760
343 344 3760
344 345 3760
345 346 3760
346 347 3760
347 348 3760
348 349 3760
349 350 3760
350 351 3760
351 352 3760
352 353 3760
353 354 3760
354 355 3760
355 356 3760
356 357 3760
357 358 3760
358 359 3760
359 360 3760
360 361 3760
361 362 3760
362 363 3760
363 364 3760
364 365 3760
365 366 3760
366 367 3760
367 368 3760
368 369 3760
369 370 3760
370 371 3760
371 372 3760
372 373 3760
373 374 3760
374 375 3760
104 287 3760
130 268 3760
29 173 3760
64 94 3760
169 339 3760
2 375 3760
57 290 3760
52 298 3760
96 371 3760
51 134 3760
100 278 3760
157 228 3760
183 242 3760
80 268 3760
61 338 3760
73 104 3760
186 288 3760
33 173 3760
135 344 3760
166 257 3760
136 151 3760
46 187 3760
44 302 3760
22 105 3760
109 259 3760
176 357 3760
154 281 3760
81 229 3760
172 202 3760
122 138 3760
54 194 3760
66 359 3760
165 178 3760
149 375 3760
57 105 3760
67 297 3760
186 254 3760
18 27 3760
12 241 3760
136 339 3760
147 289 3760
188 292 3760
51 238 3760
28 369 3760
29 149 3760
9 311 3760
85 363 3760
119 331 3760
43 183 3760
115 260 3760
33 355 3760
35 115 3760
32 64 3760
42 361 3760
106 238 3760
107 134 3760
21 344 3760
64 197 3760
66 89 3760
48 357 3760
72 283 3760
92 239 3760
99 247 3760
30 67 3760
99 330 3760
178 209 3760
12 346 3760
49 68 3760
97 345 3760
90 375 3760
169 190 3760
152 205 3760
36 44 3760
172 342 3760
109 277 3760
33 203 3760
28 181 3760
14 259 3760
79 158 3760
89 92 3760
118 259 3760
161 187 3760
29 319 3760
187 370 3760
112 274 3760
155 360 3760
88 343 3760
147 288 3760
5 191 3760
170 322 3760
63 155 3760
80 134 3760
182 353 3760
164 245 3760
18 372 3760
8 13 3760
10 374 3760
174 328 3760
29 343 3760
51 280 3760
149 220 3760
47 104 3760
119 343 3760
70 80 3760
31 298 3760
28 167 3760
151 321 3760
79 230 3760
185 358 3760
166 321 3760
183 207 3760
32 93 3760
134 258 3760
174 229 3760
116 157 3760
124 341 3760
152 249 3760
93 107 3760
113 341 3760
46 260 3760
172 194 3760
63 235 3760
16 69 3760
150 353 3760
123 167 3760
161 294 3760
154 296 3760
129 132 3760
5 78 3760
14 214 3760
100 281 3760
51 299 3760
149 288 3760
17 139 3760
98 235 3760
136 361 3760
123 186 3760
9 94 3760
2 5 3760
29 52 3760
121 134 3760
19 65 3760
11 340 3760
159 315 3760
81 281 3760
38 228 3760
67 287 3760
25 352 3760
32 345 3760
129 345 3760
16 223 3760
36 201 3760
83 308 3760
20 219 3760
56 104 3760
79 157 3760
180 294 3760
55 99 3760
162 300 3760
163 301 3760
34 185 3760
115 198 3760
47 296 3760
24 36 3760
34 76 3760
94 275 3760
111 320 3760
73 364 3760
173 291 3760
103 303 3760
1 94 3760
157 223 3760
82 132 3760
180 216 3760
186 255 3760
93 345 3760
83 331 3760
138 190 3760
87 195 3760
97 134 3760
15 287 3760
165 313 3760
115 139 3760
46 217 3760
77 351 3760
185 301 3760
95 273 3760
24 303 3760
0 253 3760
7 366 3760
125 374 3760
133 215 3760
79 130 3760
63 309 3760
64 90 3760
49 238 3760
182 235 3760
28 296 3760
149 266 3760
92 327 3760
102 337 3760
22 272 3760
85 133 3760
47 344 3760
81 271 3760
26 313 3760
185 352 3760
35 269 3760
86 303 3760
142 267 3760
31 310 3760
105 186 3760
64 330 3760
116 156 3760
76 160 3760
164 178 3760
124 258 3760
116 275 3760
41 327 3760
115 156 3760
8 79 3760
175 322 3760
67 208 3760
72 146 3760
8 152 3760
112 114 3760
110 328 3760
173 342 3760
45 252 3760
132 230 3760
40 52 3760
94 181 3760
157 367 3760
74 107 3760
54 193 3760
43 221 3760
67 153 3760
37 325 3760
55 81 3760
81 323 3760
163 226 3760
125 281 3760
53 234 3760
141 238 3760
174 273 3760
139 278 3760
71 149 3760
22 106 3760
45 133 3760
145 200 3760
135 275 3760
122 367 3760
136 367 3760
14 285 3760
123 324 3760
86 159 3760
24 164 3760
181 290 3760
171 185 3760
57 235 3760
133 292 3760
97 249 3760
12 175 3760
21 278 3760
104 268 3760
14 347 3760
186 332 3760
75 93 3760
150 259 3760
63 248 3760
65 264 3760
155 307 3760
32 177 3760
167 311 3760
76 174 3760
103 124 3760
125 309 3760
77 284 3760
46 104 3760
147 229 3760
179 261 3760
157 273 3760
77 110 3760
55 281 3760
107 210 3760
64 214 3760
185 198 3760
27 264 3760
105 108 3760
49 57 3760
145 229 3760
14 328 3760
185 247 3760
78 276 3760
169 312 3760
104 360 3760
34 262 3760
4 252 3760
112 353 3760
49 235 3760
65 219 3760
30 215 3760
181 329 3760
39 362 3760
67 223 3760
109 271 3760
134 205 3760
171 194 3760
103 146 3760
53 230 3760
104 176 3760
91 161 3760
51 275 3760
152 250 3760
134 144 3760
131 253 3760
178 267 3760
100 311 3760
178 309 3760
160 369 3760
187 275 3760
47 277 3760
55 327 3760
28 335 3760
20 150 3760
25 113 3760
78 179 3760
17 191 3760
52 59 3760
138 165 3760
30 144 3760
170 223 3760
122 298 3760
35 226 3760
104 126 3760
50 72 3760
132 213 3760
153 222 3760
130 178 3760
111 190 3760
169 273 3760
113 355 3760
173 219 3760
60 257 3760
79 143 3760
185 339 3760
172 297 3760
11 278 3760
18 71 3760
102 176 3760
161 362 3760
142 328 3760
138 179 3760
121 306 3760
128 340 3760
95 309 3760
160 229 3760
160 375 3760
93 128 3760
184 365 3760
9 158 3760
29 329 3760
116 271 3760
25 176 3760
109 196 3760
23 245 3760
119 287 3760
31 220 3760
61 329 3760
5 129 3760
79 130 3760
