0 1 3800
1 2 3800
2 3 3800
3 4 3800
4 5 3800
5 6 3800
6 7 3800
7 8 3800
8 9 3800
9 10 3800
10 11 3800
11 12 3800
12 13 3800
13 14 3800
14 15 3800
15 16 3800
16 17 3800
17 18 3800
18 19 3800
19 20 3800
20 21 3800
21 22 3800
22 23 3800
23 24 3800
24 25 3800
25 26 3800
26 27 3800
27 28 3800
28 29 3800
29 30 3800
30 31 3800
31 32 3800
32 33 3800
33 34 3800
34 35 3800
35 36 3800
36 37 3800
37 38 3800
38 39 3800
39 40 3800
40 41 3800
41 42 3800
42 43 3800
43 44 3800
44 45 3800
45 46 3800
46 47 3800
47 48 3800
48 49 3800
49 50 3800
50 51 3800
51 52 3800
52 53 3800
53 54 3800
54 55 3800
55 56 3800
56 57 3800
57 58 3800
58 59 3800
59 60 3800
60 61 3800
61 62 3800
62 63 3800
63 64 3800
64 65 3800
65 66 3800
66 67 3800
67 68 3800
68 69 3800
69 70 3800
70 71 3800
71 72 3800
72 73 3800
73 74 3800
74 75 3800
75 76 3800
76 77 3800
77 78 3800
78 79 3800
79 80 3800
80 81 3800
81 82 3800
82 83 3800
83 84 3800
84 85 3800
85 86 3800
86 87 3800
87 88 3800
88 89 3800
89 90 3800
90 91 3800
91 92 3800
92 93 3800
93 94 3800
94 95 3800
95 96 3800
96 97 3800
97 98 3800
98 99 3800
99 100 3800
100 101 3800
101 102 3800
102 103 3800
103 104 3800
104 105 3800
105 106 3800
106 107 3800
107 108 3800
108 109 3800
109 110 3800
110 111 3800
111 112 3800
112 113 3800
113 114 3800
114 115 3800
115 116 3800
116 117 3800
117 118 3800
118 119 3800
119 120 3800
120 121 3800
121 122 3800
122 123 3800
123 124 3800
124 125 3800
125 126 3800
126 127 3800
127 128 3800
128 129 3800
129 130 3800
130 131 3800
131 132 3800
132 133 3800
133 134 3800
134 135 3800
135 136 3800
136 137 3800
137 138 3800
138 139 3800
139 140 3800
140 141 3800
141 142 3800
142 143 3800
143 144 3800
144 145 3800
145 146 3800
146 147 3800
147 148 3800
148 149 3800
149 150 3800
150 151 3800
151 152 3800
152 153 3800
153 154 3800
154 155 3800
155 156 3800
156 157 3800
157 158 3800
158 159 3800
159 160 3800
160 161 3800
161 162 3800
162 163 3800
163 164 3800
164 165 3800
165 166 3800
166 167 3800
167 168 3800
168 169 3800
169 170 3800
170 171 3800
171 172 3800
172 173 3800
173 174 3800
174 175 3800
175 176 3800
176 177 3800
177 178 3800
178 179 3800
179 180 3800
180 181 3800
181 182 3800
182 183 3800
183 184 3800
184 185 3800
185 186 3800
186 187 3800
187 188 3800
188 189 3800
189 190 3800
190 191 3800
191 192 3800
192 193 3800
193 194 3800
194 195 3800
195 196 3800
196 197 3800
197 198 3800
198 199 3800
199 200 3800
200 201 3800
201 202 3800
202 203 3800
203 204 3800
204 205 3800
205 206 3800
206 207 3800
207 208 3800
208 209 3800
209 210 3800
210 211 3800
211 212 3800
212 213 3800
213 214 3800
214 215 3800
215 216 3800
216 217 3800
217 218 3800
218 219 3800
219 220 3800
220 221 3800
221 222 3800
222 223 3800
223 224 3800
224 225 3800
225 226 3800
226 227 3800
227 228 3800
228 229 3800
229 230 3800
230 231 3800
231 232 3800
232 233 3800
233 234 3800
234 235 3800
235 236 3800
236 237 3800
237 238 3800
238 239 3800
239 240 3800
240 241 3800
241 242 3800
242 243 3800
243 244 3800
244 245 3800
245 246 3800
246 247 3800
247 248 3800
248 249 3800
249 250 3800
250 251 3800
251 252 3800
252 253 3800
253 254 3800
254 255 3800
255 256 3800
256 257 3800
257 258 3800
258 259 3800
259 260 3800
260 261 3800
261 262 3800
262 263 3800
263 264 3800
264 265 3800
265 266 3800
266 267 3800
267 268 3800
268 269 3800
269 270 3800
270 271 3800
271 272 3800
272 273 3800
273 274 3800
274 275 3800
275 276 3800
276 277 3800
277 278 3800
278 279 3800
279 280 3800
280 281 3800
281 282 3800
282 283 3800
283 284 3800
284 285 3800
285 286 3800
286 287 3800
287 288 3800
288 289 3800
289 290 3800
290 291 3800
291 292 3800
292 293 3800
293 294 3800
294 295 3800
295 296 3800
296 297 3800
297 298 3800
298 299 3800
299 300 3800
300 301 3800
301 302 3800
302 303 3800
303 304 3800
304 305 3800
305 306 3800
306 307 3800
307 308 3800
308 309 3800
309 310 3800
310 311 3800
311 312 3800
312 313 3800
313 314 3800
314 315 3800
315 316 3800
316 317 3800
317 318 3800
318 319 3800
319 320 3800
320 321 3800
321 322 3800
322 323 3800
323 324 3800
324 325 3800
325 326 3800
326 327 3800
327 328 3800
328 329 3800
329 330 3800
330 331 3800
331 332 3800
332 333 3800
333 334 3800
334 335 3800
335 336 3800
336 337 3800
337 338 3800
338 339 3800
339 340 3800
340 341 3800
341 342 3800
342 343 3800
343 344 3800
344 345 3800
345 346 3800
346 347 3800
347 348 3800
348 349 3800
349 350 3800
350 351 3800
351 352 3800
352 353 3800
353 354 3800
354 355 3800
355 356 3800
356 357 3800
357 358 3800
358 359 3800
359 360 3800
360 361 3800
361 362 3800
362 363 3800
363 364 3800
364 365 3800
365 366 3800
366 367 3800
367 368 3800
368 369 3800
369 370 3800
370 371 3800
371 372 3800
372 373 3800
373 374 3800
374 375 3800
375 376 3800
376 377 3800
377 378 3800
378 379 3800
25 84 3800
20 266 3800
149 231 3800
133 326 3800
14 298 3800
141 294 3800
44 365 3800
63 268 3800
116 240 3800
27 379 3800
89 330 3800
23 192 3800
63 183 3800
31 304 3800
153 169 3800
177 186 3800
183 330 3800
188 221 3800
57 178 3800
19 117 3800
117 288 3800
99 194 3800
26 158 3800
72 195 3800
89 269 3800
91 285 3800
127 206 3800
28 170 3800
118 379 3800
99 179 3800
21 45 3800
178 248 3800
58 118 3800
37 176 3800
55 287 3800
179 312 3800
173 267 3800
16 365 3800
186 347 3800
38 289 3800
142 319 3800
17 228 3800
70 342 3800
57 184 3800
151 182 3800
138 198 3800
40 257 3800
172 233 3800
186 264 3800
120 335 3800
173 262 3800
37 123 3800
144 367 3800
150 318 3800
79 314 3800
152 281 3800
174 216 3800
159 359 3800
131 232 3800
112 297 3800
120 292 3800
102 176 3800
92 143 3800
176 321 3800
125 312 3800
70 135 3800
149 157 3800
93 270 3800
89 331 3800
69 143 3800
157 262 3800
81 240 3800
9 310 3800
188 247 3800
27 237 3800
128 378 3800
72 172 3800
24 152 3800
53 103 3800
124 368 3800
180 320 3800
6 296 3800
13 192 3800
135 171 3800
101 151 3800
24 34 3800
68 269 3800
88 205 3800
156 267 3800
139 218 3800
10 353 3800
52 56 3800
65 234 3800
151 180 3800
61 105 3800
40 155 3800
88 356 3800
148 348 3800
15 175 3800
139 310 3800
44 70 3800
14 158 3800
19 50 3800
127 208 3800
94 141 3800
181 311 3800
120 315 3800
106 243 3800
129 373 3800
58 125 3800
110 316 3800
138 314 3800
55 351 3800
44 319 3800
71 213 3800
31 38 3800
98 377 3800
100 217 3800
149 366 3800
171 298 3800
56 97 3800
96 165 3800
113 302 3800
18 55 3800
105 369 3800
65 171 3800
12 104 3800
142 265 3800
28 324 3800
25 65 3800
80 135 3800
185 280 3800
51 274 3800
139 258 3800
189 244 3800
112 197 3800
138 345 3800
25 38 3800
165 169 3800
119 131 3800
90 173 3800
19 327 3800
70 124 3800
147 340 3800
134 299 3800
163 356 3800
64 257 3800
69 282 3800
130 223 3800
127 212 3800
130 333 3800
124 344 3800
90 301 3800
189 333 3800
118 223 3800
134 374 3800
9 227 3800
126 203 3800
71 174 3800
187 276 3800
161 199 3800
17 79 3800
67 307 3800
63 233 3800
74 198 3800
62 160 3800
52 103 3800
141 189 3800
72 185 3800
77 278 3800
109 299 3800
150 372 3800
145 259 3800
106 272 3800
48 155 3800
168 208 3800
31 170 3800
160 299 3800
101 204 3800
41 91 3800
78 135 3800
23 241 3800
130 212 3800
138 208 3800
84 138 3800
45 198 3800
150 379 3800
16 295 3800
22 43 3800
35 110 3800
68 130 3800
22 92 3800
89 251 3800
129 312 3800
36 296 3800
20 123 3800
179 283 3800
168 255 3800
103 119 3800
19 256 3800
24 250 3800
117 293 3800
50 72 3800
14 248 3800
111 318 3800
70 72 3800
50 240 3800
75 255 3800
127 143 3800
71 363 3800
143 296 3800
109 326 3800
77 256 3800
36 377 3800
84 103 3800
25 245 3800
126 151 3800
32 189 3800
88 338 3800
99 109 3800
83 364 3800
77 179 3800
4 114 3800
163 345 3800
67 378 3800
126 246 3800
110 348 3800
122 158 3800
68 312 3800
137 326 3800
133 344 3800
143 346 3800
98 282 3800
84 219 3800
9 67 3800
121 153 3800
59 312 3800
21 103 3800
61 141 3800
55 304 3800
103 140 3800
158 287 3800
147 188 3800
56 358 3800
132 298 3800
90 216 3800
76 364 3800
173 235 3800
102 299 3800
112 134 3800
121 374 3800
125 369 3800
155 278 3800
88 144 3800
136 230 3800
119 302 3800
174 184 3800
158 179 3800
53 204 3800
12 266 3800
12 57 3800
179 210 3800
175 330 3800
11 284 3800
94 143 3800
86 364 3800
142 209 3800
127 202 3800
111 146 3800
106 155 3800
111 165 3800
152 168 3800
94 378 3800
131 314 3800
104 294 3800
114 322 3800
93 147 3800
183 280 3800
92 122 3800
68 237 3800
66 118 3800
164 178 3800
105 131 3800
128 208 3800
143 160 3800
186 221 3800
52 92 3800
6 81 3800
100 260 3800
33 52 3800
22 132 3800
187 376 3800
20 316 3800
159 363 3800
122 239 3800
37 85 3800
62 294 3800
29 319 3800
181 293 3800
33 138 3800
11 343 3800
43 341 3800
33 378 3800
31 336 3800
38 267 3800
184 263 3800
98 370 3800
16 228 3800
62 77 3800
134 151 3800
157 278 3800
115 117 3800
63 303 3800
137 316 3800
114 330 3800
121 256 3800
55 259 3800
155 193 3800
158 190 3800
53 111 3800
130 142 3800
18 270 3800
132 229 3800
165 182 3800
70 341 3800
94 315 3800
2 147 3800
2 373 3800
86 349 3800
6 43 3800
102 334 3800
86 187 3800
154 363 3800
107 238 3800
177 299 3800
13 33 3800
81 101 3800
115 350 3800
109 261 3800
59 368 3800
137 321 3800
31 379 3800
143 172 3800
21 89 3800
25 281 3800
186 289 3800
10 105 3800
17 236 3800
61 256 3800
107 306 3800
30 281 3800
51 348 3800
169 215 3800
184 195 3800
38 288 3800
74 345 3800
51 210 3800
0 341 3800
89 273 3800
102 106 3800
167 293 3800
90 372 3800
61 240 3800
95 173 3800
99 376 3800
77 84 3800
15 360 3800
138 332 3800
148 314 3800
172 359 3800
18 60 3800
4 372 3800
190 314 3800
104 313 3800
40 118 3800
101 271 3800
69 136 3800
188 202 3800
161 280 3800
