0 1 3840
1 2 3840
2 3 3840
3 4 3840
4 5 3840
5 6 3840
6 7 3840
7 8 3840
8 9 3840
9 10 3840
10 11 3840
11 12 3840
12 13 3840
13 14 3840
14 15 3840
15 16 3840
16 17 3840
17 18 3840
18 19 3840
19 20 3840
20 21 3840
21 22 3840
22 23 3840
23 24 3840
24 25 3840
25 26 3840
26 27 3840
27 28 3840
28 29 3840
29 30 3840
30 31 3840
31 32 3840
32 33 3840
33 34 3840
34 35 3840
35 36 3840
36 37 3840
37 38 3840
38 39 3840
39 40 3840
40 41 3840
41 42 3840
42 43 3840
43 44 3840
44 45 3840
45 46 3840
46 47 3840
47 48 3840
48 49 3840
49 50 3840
50 51 3840
51 52 3840
52 53 3840
53 54 3840
54 55 3840
55 56 3840
56 57 3840
57 58 3840
58 59 3840
59 60 3840
60 61 3840
61 62 3840
62 63 3840
63 64 3840
64 65 3840
65 66 3840
66 67 3840
67 68 3840
68 69 3840
69 70 3840
70 71 3840
71 72 3840
72 73 3840
73 74 3840
74 75 3840
75 76 3840
76 77 3840
77 78 3840
78 79 3840
79 80 3840
80 81 3840
81 82 3840
82 83 3840
83 84 3840
84 85 3840
85 86 3840
86 87 3840
87 88 3840
88 89 3840
89 90 3840
90 91 3840
91 92 3840
92 93 3840
93 94 3840
94 95 3840
95 96 3840
96 97 3840
97 98 3840
98 99 3840
99 100 3840
100 101 3840
101 102 3840
102 103 3840
103 104 3840
104 105 3840
105 106 3840
106 107 3840
107 108 3840
108 109 3840
109 110 3840
110 111 3840
111 112 3840
112 113 3840
113 114 3840
114 115 3840
115 116 3840
116 117 3840
117 118 3840
118 119 3840
119 120 3840
120 121 3840
121 122 3840
122 123 3840
123 124 3840
124 125 3840
125 126 3840
126 127 3840
127 128 3840
128 129 3840
129 130 3840
130 131 3840
131 132 3840
132 133 3840
133 134 3840
134 135 3840
135 136 3840
136 137 3840
137 138 3840
138 139 3840
139 140 3840
140 141 3840
141 142 3840
142 143 3840
143 144 3840
144 145 3840
145 146 3840
146 147 3840
147 148 3840
148 149 3840
149 150 3840
150 151 3840
151 152 3840
152 153 3840
153 154 3840
154 155 3840
155 156 3840
156 157 3840
157 158 3840
158 159 3840
159 160 3840
160 161 3840
161 162 3840
162 163 3840
163 164 3840
164 165 3840
165 166 3840
166 167 3840
167 168 3840
168 169 3840
169 170 3840
170 171 3840
171 172 3840
172 173 3840
173 174 3840
174 175 3840
175 176 3840
176 177 3840
177 178 3840
178 179 3840
179 180 3840
180 181 3840
181 182 3840
182 183 3840
183 184 3840
184 185 3840
185 186 3840
186 187 3840
187 188 3840
188 189 3840
189 190 3840
190 191 3840
191 192 3840
192 193 3840
193 194 3840
194 195 3840
195 196 3840
196 197 3840
197 198 3840
198 199 3840
199 200 3840
200 201 3840
201 202 3840
202 203 3840
203 204 3840
204 205 3840
205 206 3840
206 207 3840
207 208 3840
208 209 3840
209 210 3840
210 211 3840
211 212 3840
212 213 3840
213 214 3840
214 215 3840
215 216 3840
216 217 3840
217 218 3840
218 219 3840
219 220 3840
220 221 3840
221 222 3840
222 223 3840
223 224 3840
224 225 3840
225 226 3840
226 227 3840
227 228 3840
228 229 3840
229 230 3840
230 231 3840
231 232 3840
232 233 3840
233 234 3840
234 235 3840
235 236 3840
236 237 3840
237 238 3840
238 239 3840
239 240 3840
240 241 3840
241 242 3840
242 243 3840
243 244 3840
244 245 3840
245 246 3840
246 247 3840
247 248 3840
248 249 3840
249 250 3840
250 251 3840
251 252 3840
252 253 3840
253 254 3840
254 255 3840
255 256 3840
256 257 3840
257 258 3840
258 259 3840
259 260 3840
260 261 3840
261 262 3840
262 263 3840
263 264 3840
264 265 3840
265 266 3840
266 267 3840
267 268 3840
268 269 3840
269 270 3840
270 271 3840
271 272 3840
272 273 3840
273 274 3840
274 275 3840
275 276 3840
276 277 3840
277 278 3840
278 279 3840
279 280 3840
280 281 3840
281 282 3840
282 283 3840
283 284 3840
284 285 3840
285 286 3840
286 287 3840
287 288 3840
288 289 3840
289 290 3840
290 291 3840
291 292 3840
292 293 3840
293 294 3840
294 295 3840
295 296 3840
296 297 3840
297 298 3840
298 299 3840
299 300 3840
300 301 3840
301 302 3840
302 303 3840
303 304 3840
304 305 3840
305 306 3840
306 307 3840
307 308 3840
308 309 3840
309 310 3840
310 311 3840
311 312 3840
312 313 3840
313 314 3840
314 315 3840
315 316 3840
316 317 3840
317 318 3840
318 319 3840
319 320 3840
320 321 3840
321 322 3840
322 323 3840
323 324 3840
324 325 3840
325 326 3840
326 327 3840
327 328 3840
328 329 3840
329 330 3840
330 331 3840
331 332 3840
332 333 3840
333 334 3840
334 335 3840
335 336 3840
336 337 3840
337 338 3840
338 339 3840
339 340 3840
340 341 3840
341 342 3840
342 343 3840
343 344 3840
344 345 3840
345 346 3840
346 347 3840
347 348 3840
348 349 3840
349 350 3840
350 351 3840
351 352 3840
352 353 3840
353 354 3840
354 355 3840
355 356 3840
356 357 3840
357 358 3840
358 359 3840
359 360 3840
360 361 3840
361 362 3840
362 363 3840
363 364 3840
364 365 3840
365 366 3840
366 367 3840
367 368 3840
368 369 3840
369 370 3840
370 371 3840
371 372 3840
372 373 3840
373 374 3840
374 375 3840
375 376 3840
376 377 3840
377 378 3840
378 379 3840
379 380 3840
380 381 3840
381 382 3840
382 383 3840
178 197 3840
156 275 3840
161 277 3840
109 349 3840
160 273 3840
34 179 3840
63 322 3840
99 108 3840
137 189 3840
137 218 3840
53 83 3840
39 195 3840
46 99 3840
73 144 3840
150 192 3840
6 248 3840
178 225 3840
2 185 3840
167 334 3840
168 369 3840
160 294 3840
116 285 3840
57 192 3840
27 214 3840
169 323 3840
147 347 3840
73 235 3840
136 242 3840
112 313 3840
182 189 3840
148 332 3840
70 171 3840
142 376 3840
47 368 3840
112 238 3840
75 330 3840
162 346 3840
154 288 3840
186 287 3840
38 221 3840
129 228 3840
109 126 3840
139 196 3840
46 326 3840
163 319 3840
44 273 3840
138 162 3840
22 246 3840
148 349 3840
13 356 3840
185 379 3840
91 337 3840
155 233 3840
192 303 3840
55 136 3840
70 329 3840
98 309 3840
138 253 3840
42 244 3840
36 222 3840
55 202 3840
84 164 3840
192 227 3840
115 368 3840
109 236 3840
151 383 3840
153 192 3840
135 222 3840
92 324 3840
54 234 3840
115 274 3840
184 304 3840
56 85 3840
1 33 3840
61 173 3840
142 357 3840
168 358 3840
87 256 3840
13 324 3840
94 123 3840
36 167 3840
69 260 3840
162 355 3840
177 254 3840
192 329 3840
42 185 3840
35 247 3840
66 322 3840
148 343 3840
46 88 3840
176 181 3840
48 131 3840
155 324 3840
145 354 3840
116 310 3840
35 303 3840
71 102 3840
183 205 3840
53 360 3840
30 95 3840
98 369 3840
97 101 3840
36 197 3840
61 216 3840
129 353 3840
97 366 3840
179 356 3840
51 143 3840
109 197 3840
167 229 3840
40 341 3840
75 176 3840
165 325 3840
56 366 3840
107 142 3840
56 109 3840
50 87 3840
154 258 3840
156 230 3840
129 233 3840
105 282 3840
134 287 3840
188 277 3840
187 270 3840
24 311 3840
105 115 3840
185 248 3840
165 321 3840
59 248 3840
175 317 3840
51 345 3840
62 185 3840
95 108 3840
118 305 3840
189 265 3840
187 308 3840
52 275 3840
90 381 3840
58 237 3840
156 255 3840
65 138 3840
157 265 3840
180 210 3840
29 265 3840
93 103 3840
138 350 3840
101 204 3840
87 345 3840
137 263 3840
81 381 3840
31 164 3840
143 257 3840
148 360 3840
70 139 3840
78 260 3840
106 343 3840
152 370 3840
73 123 3840
57 107 3840
98 296 3840
133 136 3840
28 268 3840
56 327 3840
61 116 3840
118 178 3840
179 355 3840
50 167 3840
28 145 3840
190 345 3840
70 112 3840
48 51 3840
57 305 3840
75 383 3840
24 253 3840
124 303 3840
75 306 3840
85 221 3840
45 143 3840
102 190 3840
42 67 3840
53 383 3840
138 363 3840
159 250 3840
110 145 3840
79 239 3840
141 160 3840
189 201 3840
21 153 3840
141 263 3840
100 305 3840
36 90 3840
166 289 3840
12 333 3840
65 358 3840
127 339 3840
188 379 3840
56 354 3840
150 302 3840
51 133 3840
41 117 3840
46 322 3840
177 198 3840
91 112 3840
90 223 3840
172 272 3840
166 195 3840
19 376 3840
141 247 3840
55 258 3840
121 381 3840
2 260 3840
11 66 3840
103 377 3840
128 354 3840
189 381 3840
29 343 3840
89 217 3840
30 248 3840
137 273 3840
189 235 3840
81 120 3840
64 115 3840
112 160 3840
12 296 3840
93 255 3840
192 320 3840
7 12 3840
169 283 3840
88 366 3840
150 211 3840
45 176 3840
142 285 3840
37 199 3840
181 272 3840
124 235 3840
47 176 3840
141 297 3840
144 333 3840
22 102 3840
159 205 3840
25 231 3840
134 311 3840
81 104 3840
140 366 3840
105 153 3840
16 327 3840
11 375 3840
56 204 3840
36 279 3840
122 234 3840
8 260 3840
169 297 3840
37 217 3840
61 64 3840
135 221 3840
114 209 3840
128 265 3840
72 324 3840
112 332 3840
112 271 3840
7 380 3840
170 235 3840
146 176 3840
37 256 3840
177 216 3840
175 306 3840
78 264 3840
175 336 3840
114 269 3840
14 379 3840
93 285 3840
153 367 3840
169 292 3840
14 368 3840
31 187 3840
160 344 3840
105 354 3840
67 263 3840
172 260 3840
12 323 3840
116 222 3840
27 237 3840
174 214 3840
83 362 3840
62 370 3840
74 358 3840
60 261 3840
185 235 3840
66 182 3840
12 128 3840
94 202 3840
81 169 3840
11 284 3840
153 260 3840
8 192 3840
91 319 3840
1 20 3840
118 349 3840
149 318 3840
157 352 3840
94 119 3840
56 312 3840
154 198 3840
189 353 3840
161 180 3840
63 136 3840
154 199 3840
178 313 3840
132 285 3840
61 211 3840
96 378 3840
101 133 3840
87 258 3840
167 369 3840
12 127 3840
151 276 3840
57 69 3840
142 249 3840
135 278 3840
48 210 3840
115 134 3840
103 308 3840
87 157 3840
167 276 3840
124 146 3840
32 58 3840
1 137 3840
1 141 3840
65 228 3840
82 374 3840
55 249 3840
168 302 3840
132 359 3840
145 308 3840
66 131 3840
99 216 3840
153 157 3840
39 346 3840
191 376 3840
176 180 3840
55 248 3840
135 264 3840
21 322 3840
46 223 3840
64 180 3840
36 346 3840
86 141 3840
184 205 3840
186 215 3840
77 166 3840
90 183 3840
120 340 3840
19 54 3840
41 88 3840
92 198 3840
167 289 3840
126 168 3840
33 97 3840
64 148 3840
10 85 3840
183 354 3840
88 213 3840
23 299 3840
20 256 3840
26 267 3840
69 128 3840
167 322 3840
184 370 3840
5 61 3840
118 189 3840
108 246 3840
101 272 3840
169 271 3840
72 146 3840
189 233 3840
66 343 3840
156 203 3840
78 112 3840
72 158 3840
36 70 3840
18 359 3840
116 200 3840
129 194 3840
