0 1 3880
1 2 3880
2 3 3880
3 4 3880
4 5 3880
5 6 3880
6 7 3880
7 8 3880
8 9 3880
9 10 3880
10 11 3880
11 12 3880
12 13 3880
13 14 3880
14 15 3880
15 16 3880
16 17 3880
17 18 3880
18 19 3880
19 20 3880
20 21 3880
21 22 3880
22 23 3880
23 24 3880
24 25 3880
25 26 3880
26 27 3880
27 28 3880
28 29 3880
29 30 3880
30 31 3880
31 32 3880
32 33 3880
33 34 3880
34 35 3880
35 36 3880
36 37 3880
37 38 3880
38 39 3880
39 40 3880
40 41 3880
41 42 3880
42 43 3880
43 44 3880
44 45 3880
45 46 3880
46 47 3880
47 48 3880
48 49 3880
49 50 3880
50 51 3880
51 52 3880
52 53 3880
53 54 3880
54 55 3880
55 56 3880
56 57 3880
57 58 3880
58 59 3880
59 60 3880
60 61 3880
61 62 3880
62 63 3880
63 64 3880
64 65 3880
65 66 3880
66 67 3880
67 68 3880
68 69 3880
69 70 3880
70 71 3880
71 72 3880
72 73 3880
73 74 3880
74 75 3880
75 76 3880
76 77 3880
77 78 3880
78 79 3880
79 80 3880
80 81 3880
81 82 3880
82 83 3880
83 84 3880
84 85 3880
85 86 3880
86 87 3880
87 88 3880
88 89 3880
89 90 3880
90 91 3880
91 92 3880
92 93 3880
93 94 3880
94 95 3880
95 96 3880
96 97 3880
97 98 3880
98 99 3880
99 100 3880
100 101 3880
101 102 3880
102 103 3880
103 104 3880
104 105 3880
105 106 3880
106 107 3880
107 108 3880
108 109 3880
109 110 3880
110 111 3880
111 112 3880
112 113 3880
113 114 3880
114 115 3880
115 116 3880
116 117 3880
117 118 3880
118 119 3880
119 120 3880
120 121 3880
121 122 3880
122 123 3880
123 124 3880
124 125 3880
125 126 3880
126 127 3880
127 128 3880
128 129 3880
129 130 3880
130 131 3880
131 132 3880
132 133 3880
133 134 3880
134 135 3880
135 136 3880
136 137 3880
137 138 3880
138 139 3880
139 140 3880
140 141 3880
141 142 3880
142 143 3880
143 144 3880
144 145 3880
145 146 3880
146 147 3880
147 148 3880
148 149 3880
149 150 3880
150 151 3880
151 152 3880
152 153 3880
153 154 3880
154 155 3880
155 156 3880
156 157 3880
157 158 3880
158 159 3880
159 160 3880
160 161 3880
161 162 3880
162 163 3880
163 164 3880
164 165 3880
165 166 3880
166 167 3880
167 168 3880
168 169 3880
169 170 3880
170 171 3880
171 172 3880
172 173 3880
173 174 3880
174 175 3880
175 176 3880
176 177 3880
177 178 3880
178 179 3880
179 180 3880
180 181 3880
181 182 3880
182 183 3880
183 184 3880
184 185 3880
185 186 3880
186 187 3880
187 188 3880
188 189 3880
189 190 3880
190 191 3880
191 192 3880
192 193 3880
193 194 3880
194 195 3880
195 196 3880
196 197 3880
197 198 3880
198 199 3880
199 200 3880
200 201 3880
201 202 3880
202 203 3880
203 204 3880
204 205 3880
205 206 3880
206 207 3880
207 208 3880
208 209 3880
209 210 3880
210 211 3880
211 212 3880
212 213 3880
213 214 3880
214 215 3880
215 216 3880
216 217 3880
217 218 3880
218 219 3880
219 220 3880
220 221 3880
221 222 3880
222 223 3880
223 224 3880
224 225 3880
225 226 3880
226 227 3880
227 228 3880
228 229 3880
229 230 3880
230 231 3880
231 232 3880
232 233 3880
233 234 3880
234 235 3880
235 236 3880
236 237 3880
237 238 3880
238 239 3880
239 240 3880
240 241 3880
241 242 3880
242 243 3880
243 244 3880
244 245 3880
245 246 3880
246 247 3880
247 248 3880
248 249 3880
249 250 3880
250 251 3880
251 252 3880
252 253 3880
253 254 3880
254 255 3880
255 256 3880
256 257 3880
257 258 3880
258 259 3880
259 260 3880
260 261 3880
261 262 3880
262 263 3880
263 264 3880
264 265 3880
265 266 3880
266 267 3880
267 268 3880
268 269 3880
269 270 3880
270 271 3880
271 272 3880
272 273 3880
273 274 3880
274 275 3880
275 276 3880
276 277 3880
277 278 3880
278 279 3880
279 280 3880
280 281 3880
281 282 3880
282 283 3880
283 284 3880
284 285 3880
285 286 3880
286 287 3880
287 288 3880
288 289 3880
289 290 3880
290 291 3880
291 292 3880
292 293 3880
293 294 3880
294 295 3880
295 296 3880
296 297 3880
297 298 3880
298 299 3880
299 300 3880
300 301 3880
301 302 3880
302 303 3880
303 304 3880
304 305 3880
305 306 3880
306 307 3880
307 308 3880
308 309 3880
309 310 3880
310 311 3880
311 312 3880
312 313 3880
313 314 3880
314 315 3880
315 316 3880
316 317 3880
317 318 3880
318 319 3880
319 320 3880
320 321 3880
321 322 3880
322 323 3880
323 324 3880
324 325 3880
325 326 3880
326 327 3880
327 328 3880
328 329 3880
329 330 3880
330 331 3880
331 332 3880
332 333 3880
333 334 3880
334 335 3880
335 336 3880
336 337 3880
337 338 3880
338 339 3880
339 340 3880
340 341 3880
341 342 3880
342 343 3880
343 344 3880
344 345 3880
345 346 3880
346 347 3880
347 348 3880
348 349 3880
349 350 3880
350 351 3880
351 352 3880
352 353 3880
353 354 3880
354 355 3880
355 356 3880
356 357 3880
357 358 3880
358 359 3880
359 360 3880
360 361 3880
361 362 3880
362 363 3880
363 364 3880
364 365 3880
365 366 3880
366 367 3880
367 368 3880
368 369 3880
369 370 3880
370 371 3880
371 372 3880
372 373 3880
373 374 3880
374 375 3880
375 376 3880
376 377 3880
377 378 3880
378 379 3880
379 380 3880
380 381 3880
381 382 3880
382 383 3880
383 384 3880
384 385 3880
385 386 3880
386 387 3880
164 199 3880
133 248 3880
42 76 3880
2 302 3880
40 293 3880
135 324 3880
37 371 3880
136 151 3880
11 52 3880
47 335 3880
79 349 3880
45 243 3880
104 195 3880
35 349 3880
54 382 3880
46 345 3880
82 281 3880
161 386 3880
54 330 3880
153 169 3880
173 217 3880
117 119 3880
80 322 3880
38 216 3880
71 308 3880
62 148 3880
74 322 3880
119 214 3880
112 248 3880
50 73 3880
55 289 3880
18 124 3880
29 235 3880
112 286 3880
44 337 3880
137 180 3880
78 159 3880
116 193 3880
130 290 3880
88 132 3880
73 209 3880
149 186 3880
29 42 3880
130 348 3880
105 173 3880
181 348 3880
105 154 3880
103 111 3880
13 303 3880
191 328 3880
39 74 3880
52 121 3880
24 256 3880
186 317 3880
140 368 3880
36 260 3880
140 265 3880
157 306 3880
62 305 3880
128 314 3880
17 111 3880
162 335 3880
98 267 3880
65 142 3880
11 237 3880
105 248 3880
125 351 3880
70 127 3880
72 142 3880
179 284 3880
151 303 3880
96 303 3880
137 157 3880
39 258 3880
55 229 3880
28 340 3880
27 126 3880
99 156 3880
113 323 3880
14 159 3880
157 370 3880
171 366 3880
113 313 3880
24 118 3880
47 52 3880
171 373 3880
105 207 3880
187 336 3880
126 133 3880
33 240 3880
43 97 3880
106 323 3880
75 129 3880
181 313 3880
167 235 3880
168 283 3880
133 209 3880
39 162 3880
149 309 3880
141 316 3880
64 337 3880
53 299 3880
170 205 3880
18 331 3880
143 209 3880
65 75 3880
125 375 3880
66 380 3880
71 130 3880
26 76 3880
147 190 3880
163 309 3880
132 356 3880
73 294 3880
105 292 3880
168 189 3880
130 278 3880
88 325 3880
143 261 3880
136 289 3880
10 258 3880
168 232 3880
130 191 3880
177 244 3880
57 123 3880
142 191 3880
81 189 3880
62 234 3880
189 254 3880
81 215 3880
50 273 3880
43 50 3880
186 321 3880
46 202 3880
168 382 3880
179 356 3880
58 106 3880
107 275 3880
174 209 3880
32 299 3880
0 353 3880
4 343 3880
43 339 3880
125 233 3880
120 209 3880
142 218 3880
89 336 3880
29 307 3880
170 256 3880
166 341 3880
138 214 3880
37 54 3880
137 259 3880
53 276 3880
174 183 3880
186 222 3880
95 319 3880
17 328 3880
72 203 3880
134 211 3880
174 302 3880
84 116 3880
97 349 3880
60 310 3880
61 128 3880
190 339 3880
58 279 3880
118 289 3880
180 340 3880
70 245 3880
132 327 3880
163 179 3880
10 355 3880
183 341 3880
2 302 3880
154 370 3880
187 244 3880
98 110 3880
29 255 3880
15 207 3880
14 50 3880
53 311 3880
165 213 3880
166 320 3880
127 363 3880
44 331 3880
190 240 3880
108 179 3880
146 302 3880
15 373 3880
155 270 3880
186 386 3880
70 383 3880
29 198 3880
165 365 3880
167 203 3880
159 371 3880
57 369 3880
147 360 3880
10 351 3880
41 375 3880
15 243 3880
136 249 3880
73 181 3880
184 333 3880
20 254 3880
143 164 3880
78 106 3880
165 223 3880
154 193 3880
61 176 3880
24 244 3880
78 331 3880
103 273 3880
134 335 3880
135 204 3880
64 95 3880
116 332 3880
4 291 3880
36 384 3880
94 148 3880
174 379 3880
81 375 3880
17 234 3880
60 98 3880
168 212 3880
143 258 3880
37 289 3880
159 174 3880
62 123 3880
79 260 3880
69 281 3880
60 100 3880
81 244 3880
112 184 3880
167 347 3880
91 340 3880
95 311 3880
29 132 3880
11 117 3880
180 303 3880
193 198 3880
66 274 3880
72 96 3880
159 378 3880
79 255 3880
74 200 3880
167 299 3880
35 162 3880
143 207 3880
1 190 3880
160 250 3880
115 207 3880
108 177 3880
110 328 3880
100 236 3880
125 243 3880
104 165 3880
22 128 3880
67 373 3880
71 255 3880
95 132 3880
55 264 3880
46 255 3880
146 272 3880
1 145 3880
25 374 3880
19 99 3880
52 61 3880
62 362 3880
3 60 3880
111 212 3880
177 294 3880
181 282 3880
93 215 3880
71 140 3880
87 212 3880
68 348 3880
185 206 3880
122 341 3880
7 77 3880
141 315 3880
156 240 3880
53 357 3880
66 149 3880
184 229 3880
111 210 3880
167 172 3880
72 257 3880
66 225 3880
62 165 3880
143 190 3880
171 248 3880
1 129 3880
52 383 3880
173 180 3880
31 91 3880
121 362 3880
172 311 3880
84 280 3880
38 384 3880
133 179 3880
98 243 3880
11 52 3880
181 304 3880
67 160 3880
112 272 3880
87 192 3880
95 273 3880
21 268 3880
123 278 3880
193 253 3880
54 242 3880
120 131 3880
71 176 3880
121 189 3880
79 141 3880
183 200 3880
105 294 3880
57 345 3880
15 78 3880
9 211 3880
176 280 3880
80 294 3880
116 316 3880
172 342 3880
14 242 3880
104 373 3880
87 354 3880
129 333 3880
154 209 3880
141 184 3880
156 250 3880
10 305 3880
114 276 3880
171 209 3880
71 330 3880
18 47 3880
174 245 3880
141 377 3880
60 342 3880
101 111 3880
104 249 3880
76 142 3880
190 323 3880
102 368 3880
166 321 3880
26 235 3880
135 218 3880
86 152 3880
138 283 3880
165 327 3880
118 224 3880
21 367 3880
153 356 3880
179 303 3880
82 235 3880
115 265 3880
169 278 3880
175 223 3880
136 357 3880
26 296 3880
4 147 3880
20 282 3880
64 370 3880
36 204 3880
97 212 3880
170 341 3880
85 154 3880
8 54 3880
31 315 3880
65 286 3880
63 300 3880
40 110 3880
88 167 3880
46 181 3880
141 267 3880
27 385 3880
142 308 3880
11 38 3880
51 271 3880
132 332 3880
185 344 3880
146 365 3880
59 366 3880
170 247 3880
