0 1 3920
1 2 3920
2 3 3920
3 4 3920
4 5 3920
5 6 3920
6 7 3920
7 8 3920
8 9 3920
9 10 3920
10 11 3920
11 12 3920
12 13 3920
13 14 3920
14 15 3920
15 16 3920
16 17 3920
17 18 3920
18 19 3920
19 20 3920
20 21 3920
21 22 3920
22 23 3920
23 24 3920
24 25 3920
25 26 3920
26 27 3920
27 28 3920
28 29 3920
29 30 3920
30 31 3920
31 32 3920
32 33 3920
33 34 3920
34 35 3920
35 36 3920
36 37 3920
37 38 3920
38 39 3920
39 40 3920
40 41 3920
41 42 3920
42 43 3920
43 44 3920
44 45 3920
45 46 3920
46 47 3920
47 48 3920
48 49 3920
49 50 3920
50 51 3920
51 52 3920
52 53 3920
53 54 3920
54 55 3920
55 56 3920
56 57 3920
57 58 3920
58 59 3920
59 60 3920
60 61 3920
61 62 3920
62 63 3920
63 64 3920
64 65 3920
65 66 3920
66 67 3920
67 68 3920
68 69 3920
69 70 3920
70 71 3920
71 72 3920
72 73 3920
73 74 3920
74 75 3920
75 76 3920
76 77 3920
77 78 3920
78 79 3920
79 80 3920
80 81 3920
81 82 3920
82 83 3920
83 84 3920
84 85 3920
85 86 3920
86 87 3920
87 88 3920
88 89 3920
89 90 3920
90 91 3920
91 92 3920
92 93 3920
93 94 3920
94 95 3920
95 96 3920
96 97 3920
97 98 3920
98 99 3920
99 100 3920
100 101 3920
101 102 3920
102 103 3920
103 104 3920
104 105 3920
105 106 3920
106 107 3920
107 108 3920
108 109 3920
109 110 3920
110 111 3920
111 112 3920
112 113 3920
113 114 3920
114 115 3920
115 116 3920
116 117 3920
117 118 3920
118 119 3920
119 120 3920
120 121 3920
121 122 3920
122 123 3920
123 124 3920
124 125 3920
125 126 3920
126 127 3920
127 128 3920
128 129 3920
129 130 3920
130 131 3920
131 132 3920
132 133 3920
133 134 3920
134 135 3920
135 136 3920
136 137 3920
137 138 3920
138 139 3920
139 140 3920
140 141 3920
141 142 3920
142 143 3920
143 144 3920
144 145 3920
145 146 3920
146 147 3920
147 148 3920
148 149 3920
149 150 3920
150 151 3920
151 152 3920
152 153 3920
153 154 3920
154 155 3920
155 156 3920
156 157 3920
157 158 3920
158 159 3920
159 160 3920
160 161 3920
161 162 3920
162 163 3920
163 164 3920
164 165 3920
165 166 3920
166 167 3920
167 168 3920
168 169 3920
169 170 3920
170 171 3920
171 172 3920
172 173 3920
173 174 3920
174 175 3920
175 176 3920
176 177 3920
177 178 3920
178 179 3920
179 180 3920
180 181 3920
181 182 3920
182 183 3920
183 184 3920
184 185 3920
185 186 3920
186 187 3920
187 188 3920
188 189 3920
189 190 3920
190 191 3920
191 192 3920
192 193 3920
193 194 3920
194 195 3920
195 196 3920
196 197 3920
197 198 3920
198 199 3920
199 200 3920
200 201 3920
201 202 3920
202 203 3920
203 204 3920
204 205 3920
205 206 3920
206 207 3920
207 208 3920
208 209 3920
209 210 3920
210 211 3920
211 212 3920
212 213 3920
213 214 3920
214 215 3920
215 216 3920
216 217 3920
217 218 3920
218 219 3920
219 220 3920
220 221 3920
221 222 3920
222 223 3920
223 224 3920
224 225 3920
225 226 3920
226 227 3920
227 228 3920
228 229 3920
229 230 3920
230 231 3920
231 232 3920
232 233 3920
233 234 3920
234 235 3920
235 236 3920
236 237 3920
237 238 3920
238 239 3920
239 240 3920
240 241 3920
241 242 3920
242 243 3920
243 244 3920
244 245 3920
245 246 3920
246 247 3920
247 248 3920
248 249 3920
249 250 3920
250 251 3920
251 252 3920
252 253 3920
253 254 3920
254 255 3920
255 256 3920
256 257 3920
257 258 3920
258 259 3920
259 260 3920
260 261 3920
261 262 3920
262 263 3920
263 264 3920
264 265 3920
265 266 3920
266 267 3920
267 268 3920
268 269 3920
269 270 3920
270 271 3920
271 272 3920
272 273 3920
273 274 3920
274 275 3920
275 276 3920
276 277 3920
277 278 3920
278 279 3920
279 280 3920
280 281 3920
281 282 3920
282 283 3920
283 284 3920
284 285 3920
285 286 3920
286 287 3920
287 288 3920
288 289 3920
289 290 3920
290 291 3920
291 292 3920
292 293 3920
293 294 3920
294 295 3920
295 296 3920
296 297 3920
297 298 3920
298 299 3920
299 300 3920
300 301 3920
301 302 3920
302 303 3920
303 304 3920
304 305 3920
305 306 3920
306 307 3920
307 308 3920
308 309 3920
309 310 3920
310 311 3920
311 312 3920
312 313 3920
313 314 3920
314 315 3920
315 316 3920
316 317 3920
317 318 3920
318 319 3920
319 320 3920
320 321 3920
321 322 3920
322 323 3920
323 324 3920
324 325 3920
325 326 3920
326 327 3920
327 328 3920
328 329 3920
329 330 3920
330 331 3920
331 332 3920
332 333 3920
333 334 3920
334 335 3920
335 336 3920
336 337 3920
337 338 3920
338 339 3920
339 340 3920
340 341 3920
341 342 3920
342 343 3920
343 344 3920
344 345 3920
345 346 3920
346 347 3920
347 348 3920
348 349 3920
349 350 3920
350 351 3920
351 352 3920
352 353 3920
353 354 3920
354 355 3920
355 356 3920
356 357 3920
357 358 3920
358 359 3920
359 360 3920
360 361 3920
361 362 3920
362 363 3920
363 364 3920
364 365 3920
365 366 3920
366 367 3920
367 368 3920
368 369 3920
369 370 3920
370 371 3920
371 372 3920
372 373 3920
373 374 3920
374 375 3920
375 376 3920
376 377 3920
377 378 3920
378 379 3920
379 380 3920
380 381 3920
381 382 3920
382 383 3920
383 384 3920
384 385 3920
385 386 3920
386 387 3920
387 388 3920
388 389 3920
389 390 3920
390 391 3920
109 211 3920
27 175 3920
127 311 3920
193 297 3920
73 369 3920
179 300 3920
58 129 3920
180 260 3920
38 284 3920
37 160 3920
112 291 3920
102 114 3920
129 349 3920
44 328 3920
104 330 3920
60 195 3920
53 285 3920
142 383 3920
49 382 3920
26 194 3920
98 324 3920
6 37 3920
61 310 3920
41 58 3920
127 372 3920
29 153 3920
31 215 3920
4 22 3920
145 363 3920
176 304 3920
34 96 3920
95 157 3920
36 325 3920
81 336 3920
87 155 3920
158 376 3920
24 168 3920
196 343 3920
116 278 3920
34 253 3920
34 108 3920
64 286 3920
132 255 3920
53 199 3920
65 120 3920
139 319 3920
1 86 3920
182 324 3920
11 140 3920
109 172 3920
75 221 3920
150 263 3920
54 179 3920
185 273 3920
24 275 3920
57 185 3920
144 281 3920
119 134 3920
99 337 3920
135 229 3920
154 184 3920
128 330 3920
167 266 3920
52 273 3920
103 359 3920
30 257 3920
16 28 3920
14 114 3920
126 137 3920
2 241 3920
104 146 3920
160 235 3920
160 319 3920
150 276 3920
6 383 3920
61 234 3920
90 226 3920
68 376 3920
35 104 3920
24 275 3920
137 278 3920
146 163 3920
10 359 3920
97 163 3920
83 148 3920
146 268 3920
144 206 3920
79 331 3920
174 333 3920
34 376 3920
93 370 3920
155 203 3920
155 191 3920
79 187 3920
107 371 3920
169 333 3920
195 304 3920
24 146 3920
49 305 3920
149 391 3920
94 185 3920
124 333 3920
143 388 3920
79 279 3920
124 260 3920
31 286 3920
57 147 3920
24 168 3920
25 245 3920
48 75 3920
188 268 3920
78 119 3920
182 219 3920
0 371 3920
109 208 3920
26 163 3920
100 338 3920
147 206 3920
154 346 3920
15 214 3920
36 257 3920
196 293 3920
49 331 3920
186 361 3920
61 247 3920
133 245 3920
107 150 3920
157 190 3920
88 116 3920
153 368 3920
141 318 3920
36 97 3920
10 335 3920
78 354 3920
180 342 3920
111 376 3920
22 269 3920
52 162 3920
152 232 3920
5 319 3920
164 322 3920
64 99 3920
175 292 3920
27 145 3920
127 340 3920
50 169 3920
119 381 3920
122 251 3920
173 366 3920
172 363 3920
155 216 3920
0 141 3920
153 198 3920
61 369 3920
156 220 3920
95 298 3920
156 174 3920
93 314 3920
18 281 3920
170 355 3920
30 173 3920
3 44 3920
139 277 3920
48 67 3920
9 227 3920
25 84 3920
71 186 3920
27 161 3920
124 259 3920
77 259 3920
109 191 3920
91 320 3920
139 196 3920
74 331 3920
81 196 3920
155 159 3920
169 296 3920
52 79 3920
12 183 3920
109 257 3920
41 184 3920
99 148 3920
42 104 3920
156 280 3920
73 283 3920
45 293 3920
18 230 3920
7 59 3920
70 213 3920
97 165 3920
117 224 3920
112 189 3920
84 123 3920
14 241 3920
97 178 3920
106 246 3920
21 29 3920
52 72 3920
107 264 3920
44 60 3920
166 352 3920
190 244 3920
184 216 3920
162 347 3920
173 175 3920
106 356 3920
10 81 3920
82 303 3920
49 254 3920
182 223 3920
185 368 3920
136 288 3920
150 256 3920
159 318 3920
28 266 3920
67 218 3920
44 350 3920
107 110 3920
64 108 3920
75 153 3920
24 116 3920
125 255 3920
124 248 3920
83 264 3920
29 291 3920
169 374 3920
14 215 3920
96 371 3920
119 165 3920
80 310 3920
36 369 3920
78 235 3920
1 295 3920
162 350 3920
45 359 3920
122 285 3920
111 353 3920
159 176 3920
39 54 3920
115 276 3920
141 197 3920
28 41 3920
49 268 3920
22 332 3920
49 87 3920
67 383 3920
37 248 3920
131 269 3920
118 281 3920
98 262 3920
167 288 3920
193 270 3920
25 311 3920
133 289 3920
160 237 3920
63 205 3920
19 133 3920
179 379 3920
63 390 3920
75 228 3920
42 229 3920
8 35 3920
42 68 3920
17 276 3920
115 146 3920
195 292 3920
45 277 3920
131 378 3920
2 305 3920
112 329 3920
61 169 3920
101 207 3920
88 120 3920
105 125 3920
105 246 3920
77 213 3920
131 376 3920
177 189 3920
58 253 3920
41 153 3920
175 306 3920
105 128 3920
37 291 3920
120 331 3920
30 106 3920
19 45 3920
117 288 3920
175 284 3920
137 338 3920
129 244 3920
174 211 3920
90 124 3920
8 326 3920
50 98 3920
133 244 3920
68 339 3920
47 325 3920
64 212 3920
3 368 3920
54 105 3920
130 241 3920
111 386 3920
119 236 3920
185 228 3920
114 351 3920
178 308 3920
143 200 3920
0 235 3920
5 87 3920
97 201 3920
56 311 3920
151 321 3920
102 356 3920
93 347 3920
116 243 3920
34 135 3920
28 203 3920
185 268 3920
60 161 3920
14 342 3920
80 161 3920
80 158 3920
192 226 3920
65 363 3920
17 78 3920
139 309 3920
59 140 3920
138 334 3920
128 227 3920
49 78 3920
71 169 3920
82 131 3920
25 150 3920
158 280 3920
96 347 3920
187 314 3920
91 146 3920
67 86 3920
85 372 3920
18 350 3920
184 214 3920
54 218 3920
187 349 3920
122 129 3920
12 151 3920
112 272 3920
34 163 3920
54 155 3920
117 171 3920
6 209 3920
135 371 3920
107 303 3920
82 187 3920
46 141 3920
75 185 3920
176 336 3920
76 85 3920
164 317 3920
105 306 3920
187 372 3920
181 269 3920
117 206 3920
165 177 3920
117 119 3920
76 192 3920
5 326 3920
104 123 3920
120 158 3920
2 176 3920
8 141 3920
128 170 3920
63 116 3920
3 89 3920
89 131 3920
150 385 3920
95 364 3920
179 359 3920
160 327 3920
34 219 3920
151 380 3920
89 268 3920
23 204 3920
126 195 3920
114 207 3920
15 189 3920
59 289 3920
138 352 3920
65 122 3920
65 167 3920
