0 1 3960
1 2 3960
2 3 3960
3 4 3960
4 5 3960
5 6 3960
6 7 3960
7 8 3960
8 9 3960
9 10 3960
10 11 3960
11 12 3960
12 13 3960
13 14 3960
14 15 3960
15 16 3960
16 17 3960
17 18 3960
18 19 3960
19 20 3960
20 21 3960
21 22 3960
22 23 3960
23 24 3960
24 25 3960
25 26 3960
26 27 3960
27 28 3960
28 29 3960
29 30 3960
30 31 3960
31 32 3960
32 33 3960
33 34 3960
34 35 3960
35 36 3960
36 37 3960
37 38 3960
38 39 3960
39 40 3960
40 41 3960
41 42 3960
42 43 3960
43 44 3960
44 45 3960
45 46 3960
46 47 3960
47 48 3960
48 49 3960
49 50 3960
50 51 3960
51 52 3960
52 53 3960
53 54 3960
54 55 3960
55 56 3960
56 57 3960
57 58 3960
58 59 3960
59 60 3960
60 61 3960
61 62 3960
62 63 3960
63 64 3960
64 65 3960
65 66 3960
66 67 3960
67 68 3960
68 69 3960
69 70 3960
70 71 3960
71 72 3960
72 73 3960
73 74 3960
74 75 3960
75 76 3960
76 77 3960
77 78 3960
78 79 3960
79 80 3960
80 81 3960
81 82 3960
82 83 3960
83 84 3960
84 85 3960
85 86 3960
86 87 3960
87 88 3960
88 89 3960
89 90 3960
90 91 3960
91 92 3960
92 93 3960
93 94 3960
94 95 3960
95 96 3960
96 97 3960
97 98 3960
98 99 3960
99 100 3960
100 101 3960
101 102 3960
102 103 3960
103 104 3960
104 105 3960
105 106 3960
106 107 3960
107 108 3960
108 109 3960
109 110 3960
110 111 3960
111 112 3960
112 113 3960
113 114 3960
114 115 3960
115 116 3960
116 117 3960
117 118 3960
118 119 3960
119 120 3960
120 121 3960
121 122 3960
122 123 3960
123 124 3960
124 125 3960
125 126 3960
126 127 3960
127 128 3960
128 129 3960
129 130 3960
130 131 3960
131 132 3960
132 133 3960
133 134 3960
134 135 3960
135 136 3960
136 137 3960
137 138 3960
138 139 3960
139 140 3960
140 141 3960
141 142 3960
142 143 3960
143 144 3960
144 145 3960
145 146 3960
146 147 3960
147 148 3960
148 149 3960
149 150 3960
150 151 3960
151 152 3960
152 153 3960
153 154 3960
154 155 3960
155 156 3960
156 157 3960
157 158 3960
158 159 3960
159 160 3960
160 161 3960
161 162 3960
162 163 3960
163 164 3960
164 165 3960
165 166 3960
166 167 3960
167 168 3960
168 169 3960
169 170 3960
170 171 3960
171 172 3960
172 173 3960
173 174 3960
174 175 3960
175 176 3960
176 177 3960
177 178 3960
178 179 3960
179 180 3960
180 181 3960
181 182 3960
182 183 3960
183 184 3960
184 185 3960
185 186 3960
186 187 3960
187 188 3960
188 189 3960
189 190 3960
190 191 3960
191 192 3960
192 193 3960
193 194 3960
194 195 3960
195 196 3960
196 197 3960
197 198 3960
198 199 3960
199 200 3960
200 201 3960
201 202 3960
202 203 3960
203 204 3960
204 205 3960
205 206 3960
206 207 3960
207 208 3960
208 209 3960
209 210 3960
210 211 3960
211 212 3960
212 213 3960
213 214 3960
214 215 3960
215 216 3960
216 217 3960
217 218 3960
218 219 3960
219 220 3960
220 221 3960
221 222 3960
222 223 3960
223 224 3960
224 225 3960
225 226 3960
226 227 3960
227 228 3960
228 229 3960
229 230 3960
230 231 3960
231 232 3960
232 233 3960
233 234 3960
234 235 3960
235 236 3960
236 237 3960
237 238 3960
238 239 3960
239 240 3960
240 241 3960
241 242 3960
242 243 3960
243 244 3960
244 245 3960
245 246 3960
246 247 3960
247 248 3960
248 249 3960
249 250 3960
250 251 3960
251 252 3960
252 253 3960
253 254 3960
254 255 3960
255 256 3960
256 257 3960
257 258 3960
258 259 3960
259 260 3960
260 261 3960
261 262 3960
262 263 3960
263 264 3960
264 265 3960
265 266 3960
266 267 3960
267 268 3960
268 269 3960
269 270 3960
270 271 3960
271 272 3960
272 273 3960
273 274 3960
274 275 3960
275 276 3960
276 277 3960
277 278 3960
278 279 3960
279 280 3960
280 281 3960
281 282 3960
282 283 3960
283 284 3960
284 285 3960
285 286 3960
286 287 3960
287 288 3960
288 289 3960
289 290 3960
290 291 3960
291 292 3960
292 293 3960
293 294 3960
294 295 3960
295 296 3960
296 297 3960
297 298 3960
298 299 3960
299 300 3960
300 301 3960
301 302 3960
302 303 3960
303 304 3960
304 305 3960
305 306 3960
306 307 3960
307 308 3960
308 309 3960
309 310 3960
310 311 3960
311 312 3960
312 313 3960
313 314 3960
314 315 3960
315 316 3960
316 317 3960
317 318 3960
318 319 3960
319 320 3960
320 321 3960
321 322 3960
322 323 3960
323 324 3960
324 325 3960
325 326 3960
326 327 3960
327 328 3960
328 329 3960
329 330 3960
330 331 3960
331 332 3960
332 333 3960
333 334 3960
334 335 3960
335 336 3960
336 337 3960
337 338 3960
338 339 3960
339 340 3960
340 341 3960
341 342 3960
342 343 3960
343 344 3960
344 345 3960
345 346 3960
346 347 3960
347 348 3960
348 349 3960
349 350 3960
350 351 3960
351 352 3960
352 353 3960
353 354 3960
354 355 3960
355 356 3960
356 357 3960
357 358 3960
358 359 3960
359 360 3960
360 361 3960
361 362 3960
362 363 3960
363 364 3960
364 365 3960
365 366 3960
366 367 3960
367 368 3960
368 369 3960
369 370 3960
370 371 3960
371 372 3960
372 373 3960
373 374 3960
374 375 3960
375 376 3960
376 377 3960
377 378 3960
378 379 3960
379 380 3960
380 381 3960
381 382 3960
382 383 3960
383 384 3960
384 385 3960
385 386 3960
386 387 3960
387 388 3960
388 389 3960
389 390 3960
390 391 3960
391 392 3960
392 393 3960
393 394 3960
394 395 3960
166 168 3960
93 127 3960
162 370 3960
177 261 3960
174 248 3960
117 269 3960
10 13 3960
45 314 3960
124 176 3960
110 275 3960
46 123 3960
113 225 3960
59 158 3960
105 168 3960
143 299 3960
136 260 3960
99 245 3960
169 194 3960
111 293 3960
66 283 3960
92 379 3960
140 148 3960
190 336 3960
69 326 3960
112 274 3960
32 178 3960
187 315 3960
68 218 3960
47 303 3960
63 384 3960
194 201 3960
161 352 3960
188 206 3960
8 158 3960
15 181 3960
79 175 3960
1 201 3960
117 283 3960
100 215 3960
150 305 3960
134 223 3960
194 258 3960
156 231 3960
197 254 3960
186 207 3960
90 215 3960
185 226 3960
180 323 3960
98 154 3960
129 224 3960
77 257 3960
69 289 3960
161 286 3960
180 312 3960
170 361 3960
155 335 3960
39 179 3960
101 222 3960
47 120 3960
112 284 3960
144 305 3960
102 394 3960
80 219 3960
38 228 3960
135 242 3960
128 369 3960
117 265 3960
108 276 3960
55 147 3960
92 377 3960
76 93 3960
82 269 3960
90 279 3960
29 176 3960
145 323 3960
133 362 3960
86 240 3960
128 329 3960
114 211 3960
28 81 3960
185 335 3960
66 78 3960
19 68 3960
171 299 3960
89 198 3960
80 348 3960
178 241 3960
94 370 3960
158 171 3960
145 269 3960
103 377 3960
40 47 3960
17 32 3960
153 191 3960
8 46 3960
90 385 3960
84 376 3960
158 259 3960
141 229 3960
88 219 3960
51 116 3960
48 214 3960
73 389 3960
30 99 3960
62 152 3960
181 220 3960
142 205 3960
103 307 3960
13 70 3960
142 222 3960
105 169 3960
60 382 3960
59 280 3960
135 392 3960
179 230 3960
116 390 3960
2 297 3960
154 315 3960
34 57 3960
198 224 3960
22 167 3960
160 250 3960
171 314 3960
185 353 3960
177 354 3960
119 223 3960
164 349 3960
50 188 3960
168 188 3960
119 271 3960
139 217 3960
25 363 3960
146 204 3960
94 331 3960
197 372 3960
151 356 3960
17 51 3960
109 258 3960
137 363 3960
68 326 3960
62 361 3960
113 266 3960
15 220 3960
18 71 3960
27 389 3960
101 127 3960
14 345 3960
88 242 3960
164 328 3960
31 221 3960
99 249 3960
77 294 3960
14 326 3960
178 315 3960
83 94 3960
26 294 3960
24 164 3960
134 361 3960
152 280 3960
90 314 3960
44 278 3960
83 336 3960
66 267 3960
12 117 3960
10 234 3960
167 371 3960
66 387 3960
146 317 3960
33 394 3960
133 339 3960
127 338 3960
77 356 3960
19 366 3960
101 202 3960
186 340 3960
19 244 3960
47 163 3960
135 242 3960
81 142 3960
16 319 3960
152 248 3960
127 249 3960
126 276 3960
59 149 3960
125 223 3960
0 384 3960
128 144 3960
167 269 3960
119 378 3960
129 215 3960
141 361 3960
50 357 3960
68 192 3960
17 373 3960
32 199 3960
182 202 3960
6 370 3960
138 364 3960
32 392 3960
196 393 3960
40 208 3960
10 128 3960
10 259 3960
83 209 3960
32 49 3960
187 372 3960
58 187 3960
160 362 3960
31 48 3960
29 277 3960
97 370 3960
125 250 3960
24 116 3960
107 391 3960
53 264 3960
29 382 3960
140 177 3960
9 86 3960
153 325 3960
144 269 3960
22 215 3960
123 306 3960
170 233 3960
145 184 3960
131 141 3960
109 125 3960
141 215 3960
167 322 3960
190 265 3960
176 183 3960
158 290 3960
187 246 3960
154 243 3960
28 353 3960
24 66 3960
69 255 3960
127 135 3960
65 130 3960
25 168 3960
69 347 3960
180 266 3960
67 301 3960
180 394 3960
172 195 3960
92 144 3960
121 282 3960
94 211 3960
108 152 3960
49 220 3960
42 91 3960
27 61 3960
124 297 3960
139 213 3960
85 159 3960
153 182 3960
125 156 3960
127 146 3960
142 171 3960
46 117 3960
109 201 3960
81 359 3960
168 213 3960
16 21 3960
20 236 3960
19 199 3960
23 155 3960
130 376 3960
165 247 3960
163 165 3960
10 160 3960
19 228 3960
98 259 3960
79 211 3960
165 324 3960
177 337 3960
65 364 3960
82 133 3960
161 328 3960
1 269 3960
117 319 3960
196 369 3960
45 393 3960
134 282 3960
4 73 3960
7 176 3960
110 268 3960
55 172 3960
90 218 3960
178 341 3960
4 110 3960
3 130 3960
103 384 3960
183 259 3960
39 139 3960
87 96 3960
28 154 3960
51 68 3960
157 175 3960
68 73 3960
58 353 3960
140 220 3960
32 216 3960
196 372 3960
180 263 3960
91 387 3960
80 250 3960
54 107 3960
82 280 3960
79 164 3960
168 349 3960
93 142 3960
183 231 3960
92 186 3960
157 169 3960
123 257 3960
16 39 3960
134 290 3960
157 356 3960
125 353 3960
163 356 3960
42 45 3960
25 119 3960
18 56 3960
113 359 3960
190 324 3960
98 353 3960
94 98 3960
125 394 3960
81 94 3960
89 224 3960
114 130 3960
0 258 3960
197 356 3960
40 385 3960
76 367 3960
90 97 3960
10 391 3960
37 89 3960
102 268 3960
192 294 3960
185 320 3960
38 379 3960
48 142 3960
195 230 3960
44 180 3960
46 266 3960
197 355 3960
42 224 3960
162 263 3960
13 62 3960
9 43 3960
131 165 3960
111 155 3960
33 333 3960
57 286 3960
63 338 3960
4 237 3960
69 122 3960
70 195 3960
30 46 3960
75 111 3960
25 284 3960
154 382 3960
30 218 3960
78 175 3960
67 83 3960
111 145 3960
113 171 3960
118 257 3960
40 178 3960
167 378 3960
133 223 3960
46 384 3960
84 269 3960
121 173 3960
40 185 3960
30 287 3960
28 299 3960
129 386 3960
109 232 3960
15 288 3960
188 322 3960
6 178 3960
143 270 3960
66 234 3960
24 262 3960
57 232 3960
123 216 3960
2 149 3960
93 156 3960
82 151 3960
175 240 3960
