0 1 4000
1 2 4000
2 3 4000
3 4 4000
4 5 4000
5 6 4000
6 7 4000
7 8 4000
8 9 4000
9 10 4000
10 11 4000
11 12 4000
12 13 4000
13 14 4000
14 15 4000
15 16 4000
16 17 4000
17 18 4000
18 19 4000
19 20 4000
20 21 4000
21 22 4000
22 23 4000
23 24 4000
24 25 4000
25 26 4000
26 27 4000
27 28 4000
28 29 4000
29 30 4000
30 31 4000
31 32 4000
32 33 4000
33 34 4000
34 35 4000
35 36 4000
36 37 4000
37 38 4000
38 39 4000
39 40 4000
40 41 4000
41 42 4000
42 43 4000
43 44 4000
44 45 4000
45 46 4000
46 47 4000
47 48 4000
48 49 4000
49 50 4000
50 51 4000
51 52 4000
52 53 4000
53 54 4000
54 55 4000
55 56 4000
56 57 4000
57 58 4000
58 59 4000
59 60 4000
60 61 4000
61 62 4000
62 63 4000
63 64 4000
64 65 4000
65 66 4000
66 67 4000
67 68 4000
68 69 4000
69 70 4000
70 71 4000
71 72 4000
72 73 4000
73 74 4000
74 75 4000
75 76 4000
76 77 4000
77 78 4000
78 79 4000
79 80 4000
80 81 4000
81 82 4000
82 83 4000
83 84 4000
84 85 4000
85 86 4000
86 87 4000
87 88 4000
88 89 4000
89 90 4000
90 91 4000
91 92 4000
92 93 4000
93 94 4000
94 95 4000
95 96 4000
96 97 4000
97 98 4000
98 99 4000
99 100 4000
100 101 4000
101 102 4000
102 103 4000
103 104 4000
104 105 4000
105 106 4000
106 107 4000
107 108 4000
108 109 4000
109 110 4000
110 111 4000
111 112 4000
112 113 4000
113 114 4000
114 115 4000
115 116 4000
116 117 4000
117 118 4000
118 119 4000
119 120 4000
120 121 4000
121 122 4000
122 123 4000
123 124 4000
124 125 4000
125 126 4000
126 127 4000
127 128 4000
128 129 4000
129 130 4000
130 131 4000
131 132 4000
132 133 4000
133 134 4000
134 135 4000
135 136 4000
136 137 4000
137 138 4000
138 139 4000
139 140 4000
140 141 4000
141 142 4000
142 143 4000
143 144 4000
144 145 4000
145 146 4000
146 147 4000
147 148 4000
148 149 4000
149 150 4000
150 151 4000
151 152 4000
152 153 4000
153 154 4000
154 155 4000
155 156 4000
156 157 4000
157 158 4000
158 159 4000
159 160 4000
160 161 4000
161 162 4000
162 163 4000
163 164 4000
164 165 4000
165 166 4000
166 167 4000
167 168 4000
168 169 4000
169 170 4000
170 171 4000
171 172 4000
172 173 4000
173 174 4000
174 175 4000
175 176 4000
176 177 4000
177 178 4000
178 179 4000
179 180 4000
180 181 4000
181 182 4000
182 183 4000
183 184 4000
184 185 4000
185 186 4000
186 187 4000
187 188 4000
188 189 4000
189 190 4000
190 191 4000
191 192 4000
192 193 4000
193 194 4000
194 195 4000
195 196 4000
196 197 4000
197 198 4000
198 199 4000
199 200 4000
200 201 4000
201 202 4000
202 203 4000
203 204 4000
204 205 4000
205 206 4000
206 207 4000
207 208 4000
208 209 4000
209 210 4000
210 211 4000
211 212 4000
212 213 4000
213 214 4000
214 215 4000
215 216 4000
216 217 4000
217 218 4000
218 219 4000
219 220 4000
220 221 4000
221 222 4000
222 223 4000
223 224 4000
224 225 4000
225 226 4000
226 227 4000
227 228 4000
228 229 4000
229 230 4000
230 231 4000
231 232 4000
232 233 4000
233 234 4000
234 235 4000
235 236 4000
236 237 4000
237 238 4000
238 239 4000
239 240 4000
240 241 4000
241 242 4000
242 243 4000
243 244 4000
244 245 4000
245 246 4000
246 247 4000
247 248 4000
248 249 4000
249 250 4000
250 251 4000
251 252 4000
252 253 4000
253 254 4000
254 255 4000
255 256 4000
256 257 4000
257 258 4000
258 259 4000
259 260 4000
260 261 4000
261 262 4000
262 263 4000
263 264 4000
264 265 4000
265 266 4000
266 267 4000
267 268 4000
268 269 4000
269 270 4000
270 271 4000
271 272 4000
272 273 4000
273 274 4000
274 275 4000
275 276 4000
276 277 4000
277 278 4000
278 279 4000
279 280 4000
280 281 4000
281 282 4000
282 283 4000
283 284 4000
284 285 4000
285 286 4000
286 287 4000
287 288 4000
288 289 4000
289 290 4000
290 291 4000
291 292 4000
292 293 4000
293 294 4000
294 295 4000
295 296 4000
296 297 4000
297 298 4000
298 299 4000
299 300 4000
300 301 4000
301 302 4000
302 303 4000
303 304 4000
304 305 4000
305 306 4000
306 307 4000
307 308 4000
308 309 4000
309 310 4000
310 311 4000
311 312 4000
312 313 4000
313 314 4000
314 315 4000
315 316 4000
316 317 4000
317 318 4000
318 319 4000
319 320 4000
320 321 4000
321 322 4000
322 323 4000
323 324 4000
324 325 4000
325 326 4000
326 327 4000
327 328 4000
328 329 4000
329 330 4000
330 331 4000
331 332 4000
332 333 4000
333 334 4000
334 335 4000
335 336 4000
336 337 4000
337 338 4000
338 339 4000
339 340 4000
340 341 4000
341 342 4000
342 343 4000
343 344 4000
344 345 4000
345 346 4000
346 347 4000
347 348 4000
348 349 4000
349 350 4000
350 351 4000
351 352 4000
352 353 4000
353 354 4000
354 355 4000
355 356 4000
356 357 4000
357 358 4000
358 359 4000
359 360 4000
360 361 4000
361 362 4000
362 363 4000
363 364 4000
364 365 4000
365 366 4000
366 367 4000
367 368 4000
368 369 4000
369 370 4000
370 371 4000
371 372 4000
372 373 4000
373 374 4000
374 375 4000
375 376 4000
376 377 4000
377 378 4000
378 379 4000
379 380 4000
380 381 4000
381 382 4000
382 383 4000
383 384 4000
384 385 4000
385 386 4000
386 387 4000
387 388 4000
388 389 4000
389 390 4000
390 391 4000
391 392 4000
392 393 4000
393 394 4000
394 395 4000
395 396 4000
396 397 4000
397 398 4000
398 399 4000
10 58 4000
105 218 4000
144 207 4000
87 243 4000
175 284 4000
7 355 4000
18 176 4000
156 303 4000
53 127 4000
91 148 4000
97 256 4000
7 149 4000
140 290 4000
200 338 4000
154 216 4000
44 79 4000
114 390 4000
197 269 4000
15 366 4000
105 353 4000
72 150 4000
176 212 4000
110 330 4000
93 302 4000
109 372 4000
63 158 4000
138 379 4000
195 281 4000
51 130 4000
199 319 4000
9 182 4000
115 263 4000
160 287 4000
131 391 4000
105 371 4000
136 175 4000
119 257 4000
123 397 4000
184 355 4000
168 322 4000
49 303 4000
186 385 4000
29 61 4000
122 392 4000
174 199 4000
166 372 4000
180 305 4000
198 266 4000
134 163 4000
127 334 4000
79 223 4000
193 398 4000
68 265 4000
98 326 4000
182 306 4000
85 388 4000
67 227 4000
37 224 4000
73 232 4000
156 235 4000
70 275 4000
119 348 4000
19 137 4000
184 188 4000
51 151 4000
45 348 4000
171 388 4000
66 77 4000
158 231 4000
63 243 4000
99 198 4000
130 165 4000
89 386 4000
39 284 4000
199 243 4000
148 281 4000
25 386 4000
132 241 4000
88 213 4000
123 176 4000
162 336 4000
190 273 4000
177 379 4000
38 72 4000
100 108 4000
57 177 4000
65 167 4000
41 263 4000
76 171 4000
68 390 4000
9 374 4000
52 317 4000
161 209 4000
129 317 4000
3 95 4000
120 200 4000
15 395 4000
173 220 4000
19 328 4000
107 249 4000
60 386 4000
93 375 4000
26 105 4000
74 149 4000
167 174 4000
151 247 4000
84 269 4000
56 82 4000
122 262 4000
32 116 4000
2 225 4000
189 202 4000
104 134 4000
90 270 4000
42 262 4000
16 92 4000
92 278 4000
111 227 4000
48 328 4000
190 360 4000
148 290 4000
137 374 4000
90 221 4000
198 335 4000
200 239 4000
186 378 4000
139 179 4000
19 34 4000
107 333 4000
90 136 4000
156 208 4000
103 313 4000
30 287 4000
113 158 4000
118 266 4000
129 328 4000
90 215 4000
38 232 4000
59 376 4000
7 145 4000
105 339 4000
9 222 4000
190 307 4000
132 167 4000
148 313 4000
43 399 4000
51 141 4000
23 209 4000
122 314 4000
129 251 4000
130 136 4000
54 374 4000
99 392 4000
70 301 4000
153 251 4000
47 332 4000
93 274 4000
170 265 4000
185 237 4000
29 378 4000
161 189 4000
116 327 4000
153 264 4000
25 204 4000
29 149 4000
104 335 4000
169 202 4000
41 83 4000
109 285 4000
59 143 4000
79 203 4000
99 223 4000
177 392 4000
99 299 4000
121 251 4000
10 59 4000
62 332 4000
102 330 4000
140 369 4000
37 318 4000
197 399 4000
194 327 4000
64 201 4000
114 157 4000
0 301 4000
37 270 4000
91 188 4000
142 325 4000
155 282 4000
112 227 4000
179 182 4000
168 268 4000
176 255 4000
95 289 4000
67 393 4000
65 219 4000
71 276 4000
19 240 4000
90 165 4000
141 311 4000
168 246 4000
144 381 4000
64 194 4000
194 391 4000
172 316 4000
2 156 4000
21 40 4000
141 335 4000
37 176 4000
8 79 4000
31 231 4000
55 171 4000
52 163 4000
53 209 4000
118 296 4000
117 271 4000
84 286 4000
159 162 4000
136 336 4000
52 387 4000
39 194 4000
154 318 4000
120 186 4000
83 135 4000
1 383 4000
83 138 4000
196 202 4000
112 347 4000
193 275 4000
100 184 4000
90 301 4000
48 273 4000
46 293 4000
141 374 4000
46 119 4000
170 197 4000
192 328 4000
64 241 4000
10 254 4000
151 252 4000
188 360 4000
9 347 4000
87 127 4000
111 227 4000
116 257 4000
138 241 4000
107 195 4000
177 268 4000
65 164 4000
7 125 4000
51 366 4000
196 364 4000
33 67 4000
1 143 4000
40 103 4000
197 241 4000
136 259 4000
30 98 4000
23 44 4000
35 99 4000
151 291 4000
179 291 4000
106 198 4000
167 225 4000
119 349 4000
48 334 4000
78 124 4000
91 196 4000
37 210 4000
123 372 4000
66 376 4000
86 98 4000
163 178 4000
3 376 4000
100 380 4000
193 203 4000
179 325 4000
13 90 4000
89 186 4000
111 366 4000
39 348 4000
104 355 4000
22 279 4000
76 198 4000
13 134 4000
142 225 4000
4 101 4000
163 391 4000
97 264 4000
141 375 4000
132 392 4000
127 252 4000
192 350 4000
187 240 4000
141 186 4000
2 85 4000
189 346 4000
93 190 4000
43 57 4000
182 311 4000
31 45 4000
20 150 4000
95 346 4000
34 53 4000
100 348 4000
39 147 4000
180 282 4000
159 241 4000
2 267 4000
177 293 4000
95 393 4000
148 311 4000
172 384 4000
102 268 4000
29 42 4000
7 173 4000
131 383 4000
106 202 4000
163 172 4000
198 383 4000
75 150 4000
170 310 4000
39 187 4000
185 395 4000
35 231 4000
31 174 4000
189 303 4000
154 243 4000
118 270 4000
199 252 4000
160 260 4000
34 201 4000
55 69 4000
191 217 4000
160 374 4000
142 232 4000
97 105 4000
26 338 4000
127 134 4000
186 324 4000
109 367 4000
27 245 4000
177 326 4000
42 210 4000
32 101 4000
77 138 4000
168 354 4000
124 288 4000
68 170 4000
118 175 4000
50 185 4000
78 334 4000
91 268 4000
169 366 4000
83 145 4000
104 355 4000
5 319 4000
175 279 4000
58 318 4000
115 282 4000
73 205 4000
80 233 4000
26 251 4000
134 200 4000
8 272 4000
151 301 4000
24 44 4000
193 253 4000
71 317 4000
117 340 4000
33 96 4000
190 206 4000
87 159 4000
117 274 4000
99 275 4000
195 198 4000
106 235 4000
192 289 4000
121 285 4000
61 389 4000
67 194 4000
109 112 4000
0 223 4000
53 64 4000
78 243 4000
182 208 4000
18 399 4000
155 377 4000
126 237 4000
193 377 4000
142 182 4000
56 142 4000
70 331 4000
186 368 4000
107 270 4000
117 277 4000
91 259 4000
