0 1 4040
1 2 4040
2 3 4040
3 4 4040
4 5 4040
5 6 4040
6 7 4040
7 8 4040
8 9 4040
9 10 4040
10 11 4040
11 12 4040
12 13 4040
13 14 4040
14 15 4040
15 16 4040
16 17 4040
17 18 4040
18 19 4040
19 20 4040
20 21 4040
21 22 4040
22 23 4040
23 24 4040
24 25 4040
25 26 4040
26 27 4040
27 28 4040
28 29 4040
29 30 4040
30 31 4040
31 32 4040
32 33 4040
33 34 4040
34 35 4040
35 36 4040
36 37 4040
37 38 4040
38 39 4040
39 40 4040
40 41 4040
41 42 4040
42 43 4040
43 44 4040
44 45 4040
45 46 4040
46 47 4040
47 48 4040
48 49 4040
49 50 4040
50 51 4040
51 52 4040
52 53 4040
53 54 4040
54 55 4040
55 56 4040
56 57 4040
57 58 4040
58 59 4040
59 60 4040
60 61 4040
61 62 4040
62 63 4040
63 64 4040
64 65 4040
65 66 4040
66 67 4040
67 68 4040
68 69 4040
69 70 4040
70 71 4040
71 72 4040
72 73 4040
73 74 4040
74 75 4040
75 76 4040
76 77 4040
77 78 4040
78 79 4040
79 80 4040
80 81 4040
81 82 4040
82 83 4040
83 84 4040
84 85 4040
85 86 4040
86 87 4040
87 88 4040
88 89 4040
89 90 4040
90 91 4040
91 92 4040
92 93 4040
93 94 4040
94 95 4040
95 96 4040
96 97 4040
97 98 4040
98 99 4040
99 100 4040
100 101 4040
101 102 4040
102 103 4040
103 104 4040
104 105 4040
105 106 4040
106 107 4040
107 108 4040
108 109 4040
109 110 4040
110 111 4040
111 112 4040
112 113 4040
113 114 4040
114 115 4040
115 116 4040
116 117 4040
117 118 4040
118 119 4040
119 120 4040
120 121 4040
121 122 4040
122 123 4040
123 124 4040
124 125 4040
125 126 4040
126 127 4040
127 128 4040
128 129 4040
129 130 4040
130 131 4040
131 132 4040
132 133 4040
133 134 4040
134 135 4040
135 136 4040
136 137 4040
137 138 4040
138 139 4040
139 140 4040
140 141 4040
141 142 4040
142 143 4040
143 144 4040
144 145 4040
145 146 4040
146 147 4040
147 148 4040
148 149 4040
149 150 4040
150 151 4040
151 152 4040
152 153 4040
153 154 4040
154 155 4040
155 156 4040
156 157 4040
157 158 4040
158 159 4040
159 160 4040
160 161 4040
161 162 4040
162 163 4040
163 164 4040
164 165 4040
165 166 4040
166 167 4040
167 168 4040
168 169 4040
169 170 4040
170 171 4040
171 172 4040
172 173 4040
173 174 4040
174 175 4040
175 176 4040
176 177 4040
177 178 4040
178 179 4040
179 180 4040
180 181 4040
181 182 4040
182 183 4040
183 184 4040
184 185 4040
185 186 4040
186 187 4040
187 188 4040
188 189 4040
189 190 4040
190 191 4040
191 192 4040
192 193 4040
193 194 4040
194 195 4040
195 196 4040
196 197 4040
197 198 4040
198 199 4040
199 200 4040
200 201 4040
201 202 4040
202 203 4040
203 204 4040
204 205 4040
205 206 4040
206 207 4040
207 208 4040
208 209 4040
209 210 4040
210 211 4040
211 212 4040
212 213 4040
213 214 4040
214 215 4040
215 216 4040
216 217 4040
217 218 4040
218 219 4040
219 220 4040
220 221 4040
221 222 4040
222 223 4040
223 224 4040
224 225 4040
225 226 4040
226 227 4040
227 228 4040
228 229 4040
229 230 4040
230 231 4040
231 232 4040
232 233 4040
233 234 4040
234 235 4040
235 236 4040
236 237 4040
237 238 4040
238 239 4040
239 240 4040
240 241 4040
241 242 4040
242 243 4040
243 244 4040
244 245 4040
245 246 4040
246 247 4040
247 248 4040
248 249 4040
249 250 4040
250 251 4040
251 252 4040
252 253 4040
253 254 4040
254 255 4040
255 256 4040
256 257 4040
257 258 4040
258 259 4040
259 260 4040
260 261 4040
261 262 4040
262 263 4040
263 264 4040
264 265 4040
265 266 4040
266 267 4040
267 268 4040
268 269 4040
269 270 4040
270 271 4040
271 272 4040
272 273 4040
273 274 4040
274 275 4040
275 276 4040
276 277 4040
277 278 4040
278 279 4040
279 280 4040
280 281 4040
281 282 4040
282 283 4040
283 284 4040
284 285 4040
285 286 4040
286 287 4040
287 288 4040
288 289 4040
289 290 4040
290 291 4040
291 292 4040
292 293 4040
293 294 4040
294 295 4040
295 296 4040
296 297 4040
297 298 4040
298 299 4040
299 300 4040
300 301 4040
301 302 4040
302 303 4040
303 304 4040
304 305 4040
305 306 4040
306 307 4040
307 308 4040
308 309 4040
309 310 4040
310 311 4040
311 312 4040
312 313 4040
313 314 4040
314 315 4040
315 316 4040
316 317 4040
317 318 4040
318 319 4040
319 320 4040
320 321 4040
321 322 4040
322 323 4040
323 324 4040
324 325 4040
325 326 4040
326 327 4040
327 328 4040
328 329 4040
329 330 4040
330 331 4040
331 332 4040
332 333 4040
333 334 4040
334 335 4040
335 336 4040
336 337 4040
337 338 4040
338 339 4040
339 340 4040
340 341 4040
341 342 4040
342 343 4040
343 344 4040
344 345 4040
345 346 4040
346 347 4040
347 348 4040
348 349 4040
349 350 4040
350 351 4040
351 352 4040
352 353 4040
353 354 4040
354 355 4040
355 356 4040
356 357 4040
357 358 4040
358 359 4040
359 360 4040
360 361 4040
361 362 4040
362 363 4040
363 364 4040
364 365 4040
365 366 4040
366 367 4040
367 368 4040
368 369 4040
369 370 4040
370 371 4040
371 372 4040
372 373 4040
373 374 4040
374 375 4040
375 376 4040
376 377 4040
377 378 4040
378 379 4040
379 380 4040
380 381 4040
381 382 4040
382 383 4040
383 384 4040
384 385 4040
385 386 4040
386 387 4040
387 388 4040
388 389 4040
389 390 4040
390 391 4040
391 392 4040
392 393 4040
393 394 4040
394 395 4040
395 396 4040
396 397 4040
397 398 4040
398 399 4040
399 400 4040
400 401 4040
401 402 4040
402 403 4040
7 297 4040
61 363 4040
51 299 4040
180 234 4040
72 245 4040
83 156 4040
53 129 4040
136 308 4040
92 389 4040
166 194 4040
135 279 4040
23 400 4040
7 56 4040
186 207 4040
13 116 4040
171 213 4040
179 312 4040
80 230 4040
176 382 4040
7 167 4040
116 376 4040
41 354 4040
0 157 4040
120 254 4040
162 176 4040
131 135 4040
154 225 4040
132 230 4040
109 158 4040
106 380 4040
154 228 4040
29 54 4040
156 160 4040
133 146 4040
53 189 4040
111 191 4040
172 286 4040
124 357 4040
58 86 4040
55 163 4040
151 318 4040
113 376 4040
3 203 4040
127 381 4040
25 44 4040
94 185 4040
84 192 4040
25 36 4040
107 288 4040
201 203 4040
67 399 4040
78 171 4040
105 392 4040
201 331 4040
22 294 4040
113 189 4040
172 300 4040
200 235 4040
158 290 4040
92 378 4040
76 277 4040
140 263 4040
89 338 4040
108 213 4040
40 139 4040
9 376 4040
198 268 4040
79 268 4040
193 360 4040
13 390 4040
198 390 4040
30 232 4040
122 373 4040
13 51 4040
173 312 4040
42 271 4040
35 231 4040
28 126 4040
98 191 4040
35 313 4040
185 258 4040
91 214 4040
161 275 4040
34 131 4040
176 182 4040
149 233 4040
102 276 4040
184 274 4040
86 328 4040
91 161 4040
81 360 4040
129 332 4040
11 83 4040
116 254 4040
6 256 4040
7 200 4040
185 375 4040
21 101 4040
123 334 4040
66 369 4040
116 399 4040
11 277 4040
36 46 4040
33 105 4040
36 162 4040
180 205 4040
155 370 4040
137 330 4040
147 340 4040
94 374 4040
171 246 4040
166 334 4040
201 298 4040
27 293 4040
63 366 4040
50 108 4040
44 177 4040
23 179 4040
59 357 4040
137 327 4040
85 348 4040
13 300 4040
105 371 4040
82 378 4040
182 233 4040
113 231 4040
111 277 4040
61 343 4040
94 181 4040
125 317 4040
163 349 4040
140 187 4040
113 271 4040
72 363 4040
143 374 4040
80 291 4040
192 360 4040
110 298 4040
61 336 4040
131 274 4040
166 291 4040
38 128 4040
168 237 4040
36 320 4040
154 230 4040
103 180 4040
39 172 4040
26 193 4040
135 189 4040
107 250 4040
152 184 4040
172 337 4040
116 232 4040
100 403 4040
20 242 4040
181 260 4040
168 227 4040
124 399 4040
111 346 4040
102 380 4040
123 132 4040
149 235 4040
162 297 4040
92 300 4040
178 246 4040
31 52 4040
144 325 4040
3 246 4040
47 103 4040
32 122 4040
198 221 4040
157 321 4040
109 111 4040
82 369 4040
184 242 4040
78 221 4040
86 269 4040
73 109 4040
170 366 4040
28 195 4040
75 169 4040
200 254 4040
195 366 4040
74 192 4040
200 343 4040
85 400 4040
22 209 4040
78 289 4040
135 343 4040
36 250 4040
66 154 4040
101 217 4040
99 280 4040
186 333 4040
178 345 4040
173 281 4040
134 309 4040
157 166 4040
157 300 4040
61 127 4040
132 256 4040
156 201 4040
61 301 4040
76 289 4040
67 383 4040
143 215 4040
133 255 4040
174 218 4040
172 380 4040
69 241 4040
170 314 4040
59 157 4040
146 314 4040
152 359 4040
2 63 4040
173 375 4040
65 254 4040
39 193 4040
89 317 4040
86 369 4040
103 115 4040
54 231 4040
28 246 4040
159 191 4040
34 323 4040
16 375 4040
44 68 4040
193 258 4040
20 356 4040
141 382 4040
88 366 4040
1 61 4040
72 394 4040
164 291 4040
58 122 4040
175 361 4040
193 388 4040
183 244 4040
165 195 4040
147 167 4040
119 371 4040
136 302 4040
141 355 4040
109 270 4040
67 148 4040
112 274 4040
23 67 4040
93 247 4040
29 326 4040
97 139 4040
87 190 4040
89 144 4040
71 203 4040
139 342 4040
45 265 4040
49 217 4040
192 353 4040
60 70 4040
148 155 4040
137 224 4040
35 194 4040
165 276 4040
92 288 4040
192 232 4040
67 248 4040
63 297 4040
165 337 4040
78 300 4040
173 346 4040
167 388 4040
134 331 4040
67 242 4040
36 348 4040
109 386 4040
58 301 4040
92 240 4040
129 332 4040
102 323 4040
33 233 4040
76 233 4040
155 194 4040
169 393 4040
159 185 4040
30 97 4040
77 304 4040
167 376 4040
167 351 4040
182 308 4040
96 292 4040
89 374 4040
182 280 4040
164 299 4040
0 298 4040
125 387 4040
57 326 4040
156 229 4040
87 301 4040
32 59 4040
115 246 4040
75 366 4040
125 275 4040
179 233 4040
197 295 4040
11 319 4040
54 322 4040
14 306 4040
84 232 4040
48 353 4040
20 354 4040
95 344 4040
15 19 4040
122 288 4040
190 393 4040
151 373 4040
157 364 4040
77 361 4040
120 315 4040
79 370 4040
172 401 4040
117 324 4040
69 332 4040
111 216 4040
170 303 4040
179 260 4040
137 265 4040
6 281 4040
112 223 4040
57 198 4040
76 298 4040
32 49 4040
52 320 4040
143 179 4040
84 390 4040
149 153 4040
65 302 4040
8 135 4040
83 338 4040
42 189 4040
162 391 4040
86 101 4040
104 231 4040
112 331 4040
4 353 4040
105 141 4040
102 158 4040
126 325 4040
101 288 4040
172 278 4040
128 180 4040
122 261 4040
97 150 4040
54 241 4040
79 349 4040
99 304 4040
184 333 4040
147 264 4040
176 362 4040
39 66 4040
47 163 4040
69 383 4040
80 182 4040
166 249 4040
43 224 4040
95 283 4040
5 239 4040
102 401 4040
157 182 4040
137 253 4040
129 207 4040
29 279 4040
181 311 4040
150 284 4040
165 244 4040
6 126 4040
8 271 4040
58 328 4040
163 374 4040
120 122 4040
105 249 4040
4 377 4040
202 347 4040
50 403 4040
198 323 4040
51 395 4040
65 148 4040
30 332 4040
126 265 4040
196 198 4040
72 274 4040
113 312 4040
106 146 4040
181 366 4040
175 288 4040
133 368 4040
70 150 4040
189 221 4040
21 306 4040
12 99 4040
125 195 4040
43 291 4040
51 134 4040
3 379 4040
