0 1 4080
1 2 4080
2 3 4080
3 4 4080
4 5 4080
5 6 4080
6 7 4080
7 8 4080
8 9 4080
9 10 4080
10 11 4080
11 12 4080
12 13 4080
13 14 4080
14 15 4080
15 16 4080
16 17 4080
17 18 4080
18 19 4080
19 20 4080
20 21 4080
21 22 4080
22 23 4080
23 24 4080
24 25 4080
25 26 4080
26 27 4080
27 28 4080
28 29 4080
29 30 4080
30 31 4080
31 32 4080
32 33 4080
33 34 4080
34 35 4080
35 36 4080
36 37 4080
37 38 4080
38 39 4080
39 40 4080
40 41 4080
41 42 4080
42 43 4080
43 44 4080
44 45 4080
45 46 4080
46 47 4080
47 48 4080
48 49 4080
49 50 4080
50 51 4080
51 52 4080
52 53 4080
53 54 4080
54 55 4080
55 56 4080
56 57 4080
57 58 4080
58 59 4080
59 60 4080
60 61 4080
61 62 4080
62 63 4080
63 64 4080
64 65 4080
65 66 4080
66 67 4080
67 68 4080
68 69 4080
69 70 4080
70 71 4080
71 72 4080
72 73 4080
73 74 4080
74 75 4080
75 76 4080
76 77 4080
77 78 4080
78 79 4080
79 80 4080
80 81 4080
81 82 4080
82 83 4080
83 84 4080
84 85 4080
85 86 4080
86 87 4080
87 88 4080
88 89 4080
89 90 4080
90 91 4080
91 92 4080
92 93 4080
93 94 4080
94 95 4080
95 96 4080
96 97 4080
97 98 4080
98 99 4080
99 100 4080
100 101 4080
101 102 4080
102 103 4080
103 104 4080
104 105 4080
105 106 4080
106 107 4080
107 108 4080
108 109 4080
109 110 4080
110 111 4080
111 112 4080
112 113 4080
113 114 4080
114 115 4080
115 116 4080
116 117 4080
117 118 4080
118 119 4080
119 120 4080
120 121 4080
121 122 4080
122 123 4080
123 124 4080
124 125 4080
125 126 4080
126 127 4080
127 128 4080
128 129 4080
129 130 4080
130 131 4080
131 132 4080
132 133 4080
133 134 4080
134 135 4080
135 136 4080
136 137 4080
137 138 4080
138 139 4080
139 140 4080
140 141 4080
141 142 4080
142 143 4080
143 144 4080
144 145 4080
145 146 4080
146 147 4080
147 148 4080
148 149 4080
149 150 4080
150 151 4080
151 152 4080
152 153 4080
153 154 4080
154 155 4080
155 156 4080
156 157 4080
157 158 4080
158 159 4080
159 160 4080
160 161 4080
161 162 4080
162 163 4080
163 164 4080
164 165 4080
165 166 4080
166 167 4080
167 168 4080
168 169 4080
169 170 4080
170 171 4080
171 172 4080
172 173 4080
173 174 4080
174 175 4080
175 176 4080
176 177 4080
177 178 4080
178 179 4080
179 180 4080
180 181 4080
181 182 4080
182 183 4080
183 184 4080
184 185 4080
185 186 4080
186 187 4080
187 188 4080
188 189 4080
189 190 4080
190 191 4080
191 192 4080
192 193 4080
193 194 4080
194 195 4080
195 196 4080
196 197 4080
197 198 4080
198 199 4080
199 200 4080
200 201 4080
201 202 4080
202 203 4080
203 204 4080
204 205 4080
205 206 4080
206 207 4080
207 208 4080
208 209 4080
209 210 4080
210 211 4080
211 212 4080
212 213 4080
213 214 4080
214 215 4080
215 216 4080
216 217 4080
217 218 4080
218 219 4080
219 220 4080
220 221 4080
221 222 4080
222 223 4080
223 224 4080
224 225 4080
225 226 4080
226 227 4080
227 228 4080
228 229 4080
229 230 4080
230 231 4080
231 232 4080
232 233 4080
233 234 4080
234 235 4080
235 236 4080
236 237 4080
237 238 4080
238 239 4080
239 240 4080
240 241 4080
241 242 4080
242 243 4080
243 244 4080
244 245 4080
245 246 4080
246 247 4080
247 248 4080
248 249 4080
249 250 4080
250 251 4080
251 252 4080
252 253 4080
253 254 4080
254 255 4080
255 256 4080
256 257 4080
257 258 4080
258 259 4080
259 260 4080
260 261 4080
261 262 4080
262 263 4080
263 264 4080
264 265 4080
265 266 4080
266 267 4080
267 268 4080
268 269 4080
269 270 4080
270 271 4080
271 272 4080
272 273 4080
273 274 4080
274 275 4080
275 276 4080
276 277 4080
277 278 4080
278 279 4080
279 280 4080
280 281 4080
281 282 4080
282 283 4080
283 284 4080
284 285 4080
285 286 4080
286 287 4080
287 288 4080
288 289 4080
289 290 4080
290 291 4080
291 292 4080
292 293 4080
293 294 4080
294 295 4080
295 296 4080
296 297 4080
297 298 4080
298 299 4080
299 300 4080
300 301 4080
301 302 4080
302 303 4080
303 304 4080
304 305 4080
305 306 4080
306 307 4080
307 308 4080
308 309 4080
309 310 4080
310 311 4080
311 312 4080
312 313 4080
313 314 4080
314 315 4080
315 316 4080
316 317 4080
317 318 4080
318 319 4080
319 320 4080
320 321 4080
321 322 4080
322 323 4080
323 324 4080
324 325 4080
325 326 4080
326 327 4080
327 328 4080
328 329 4080
329 330 4080
330 331 4080
331 332 4080
332 333 4080
333 334 4080
334 335 4080
335 336 4080
336 337 4080
337 338 4080
338 339 4080
339 340 4080
340 341 4080
341 342 4080
342 343 4080
343 344 4080
344 345 4080
345 346 4080
346 347 4080
347 348 4080
348 349 4080
349 350 4080
350 351 4080
351 352 4080
352 353 4080
353 354 4080
354 355 4080
355 356 4080
356 357 4080
357 358 4080
358 359 4080
359 360 4080
360 361 4080
361 362 4080
362 363 4080
363 364 4080
364 365 4080
365 366 4080
366 367 4080
367 368 4080
368 369 4080
369 370 4080
370 371 4080
371 372 4080
372 373 4080
373 374 4080
374 375 4080
375 376 4080
376 377 4080
377 378 4080
378 379 4080
379 380 4080
380 381 4080
381 382 4080
382 383 4080
383 384 4080
384 385 4080
385 386 4080
386 387 4080
387 388 4080
388 389 4080
389 390 4080
390 391 4080
391 392 4080
392 393 4080
393 394 4080
394 395 4080
395 396 4080
396 397 4080
397 398 4080
398 399 4080
399 400 4080
400 401 4080
401 402 4080
402 403 4080
403 404 4080
404 405 4080
405 406 4080
406 407 4080
13 363 4080
3 270 4080
11 122 4080
129 230 4080
194 274 4080
53 313 4080
58 151 4080
110 152 4080
111 191 4080
135 361 4080
101 375 4080
186 315 4080
157 228 4080
151 251 4080
58 395 4080
159 295 4080
148 206 4080
4 269 4080
43 174 4080
79 355 4080
129 271 4080
98 364 4080
20 94 4080
166 368 4080
165 254 4080
65 191 4080
130 338 4080
97 319 4080
18 284 4080
29 347 4080
189 270 4080
74 371 4080
103 203 4080
0 360 4080
33 210 4080
169 401 4080
177 345 4080
183 331 4080
103 229 4080
122 296 4080
12 347 4080
77 319 4080
136 277 4080
158 387 4080
54 226 4080
193 234 4080
99 187 4080
189 208 4080
100 272 4080
22 186 4080
117 385 4080
197 259 4080
49 188 4080
162 229 4080
197 276 4080
135 151 4080
11 355 4080
186 324 4080
111 373 4080
144 302 4080
86 121 4080
166 336 4080
78 312 4080
102 288 4080
151 314 4080
103 137 4080
6 233 4080
55 135 4080
48 85 4080
75 207 4080
23 375 4080
65 121 4080
51 211 4080
17 322 4080
180 224 4080
113 337 4080
190 283 4080
192 314 4080
28 247 4080
5 367 4080
40 57 4080
62 229 4080
165 301 4080
179 380 4080
59 124 4080
6 40 4080
55 302 4080
31 104 4080
177 290 4080
64 389 4080
170 258 4080
171 346 4080
121 265 4080
51 257 4080
149 188 4080
203 302 4080
175 200 4080
132 182 4080
9 356 4080
166 181 4080
163 257 4080
141 167 4080
96 324 4080
72 214 4080
171 279 4080
93 240 4080
16 222 4080
50 175 4080
12 36 4080
61 164 4080
6 380 4080
17 254 4080
118 315 4080
9 391 4080
4 321 4080
160 391 4080
45 281 4080
58 215 4080
126 181 4080
105 189 4080
136 369 4080
108 191 4080
129 190 4080
15 170 4080
39 186 4080
179 281 4080
51 180 4080
157 294 4080
50 206 4080
78 191 4080
122 251 4080
122 259 4080
47 134 4080
190 261 4080
65 289 4080
176 313 4080
117 338 4080
26 223 4080
90 126 4080
136 204 4080
191 379 4080
158 167 4080
71 375 4080
131 251 4080
82 287 4080
68 106 4080
67 357 4080
23 43 4080
83 362 4080
188 240 4080
5 53 4080
114 243 4080
90 216 4080
68 188 4080
67 359 4080
40 138 4080
135 264 4080
169 352 4080
204 263 4080
63 244 4080
101 319 4080
85 119 4080
188 237 4080
176 345 4080
45 231 4080
34 184 4080
195 284 4080
46 223 4080
203 244 4080
9 286 4080
121 316 4080
38 41 4080
42 407 4080
49 156 4080
142 289 4080
13 302 4080
13 134 4080
169 330 4080
181 250 4080
176 252 4080
156 285 4080
45 220 4080
72 146 4080
102 123 4080
181 306 4080
180 246 4080
97 317 4080
40 52 4080
75 111 4080
116 178 4080
93 156 4080
28 280 4080
100 302 4080
10 113 4080
67 258 4080
70 366 4080
125 190 4080
18 123 4080
83 86 4080
69 192 4080
94 305 4080
102 352 4080
138 343 4080
34 78 4080
52 100 4080
36 68 4080
166 278 4080
0 4 4080
165 208 4080
17 166 4080
50 342 4080
11 27 4080
202 316 4080
169 312 4080
125 128 4080
78 365 4080
109 368 4080
196 348 4080
93 271 4080
31 273 4080
132 332 4080
28 235 4080
171 270 4080
177 303 4080
199 217 4080
36 76 4080
73 171 4080
21 278 4080
196 256 4080
96 266 4080
107 270 4080
86 217 4080
196 263 4080
35 238 4080
110 296 4080
48 288 4080
15 387 4080
83 344 4080
133 405 4080
142 234 4080
166 321 4080
91 380 4080
62 274 4080
123 178 4080
140 155 4080
37 128 4080
46 130 4080
5 259 4080
92 262 4080
147 317 4080
203 252 4080
2 355 4080
4 306 4080
83 386 4080
146 346 4080
203 292 4080
82 326 4080
153 184 4080
30 386 4080
57 269 4080
38 291 4080
56 402 4080
165 400 4080
35 341 4080
0 306 4080
55 173 4080
51 94 4080
140 334 4080
24 364 4080
27 70 4080
8 171 4080
74 215 4080
102 133 4080
36 254 4080
62 366 4080
139 388 4080
155 288 4080
7 300 4080
55 127 4080
129 205 4080
82 216 4080
114 247 4080
3 173 4080
120 249 4080
127 213 4080
73 271 4080
108 256 4080
103 372 4080
127 277 4080
75 134 4080
35 110 4080
80 159 4080
27 285 4080
187 334 4080
178 289 4080
81 312 4080
197 298 4080
20 312 4080
70 338 4080
105 354 4080
7 265 4080
174 269 4080
166 377 4080
88 260 4080
69 370 4080
170 300 4080
119 236 4080
59 260 4080
83 266 4080
143 346 4080
77 404 4080
74 374 4080
104 220 4080
148 169 4080
64 247 4080
121 306 4080
199 208 4080
114 194 4080
170 226 4080
203 226 4080
169 221 4080
83 146 4080
62 182 4080
158 358 4080
117 159 4080
50 395 4080
80 117 4080
1 264 4080
43 88 4080
117 292 4080
167 303 4080
107 151 4080
42 160 4080
69 217 4080
81 380 4080
108 284 4080
62 295 4080
107 243 4080
86 90 4080
2 63 4080
21 324 4080
19 271 4080
5 123 4080
59 65 4080
88 230 4080
63 326 4080
172 201 4080
127 339 4080
51 55 4080
41 254 4080
9 49 4080
51 274 4080
175 302 4080
179 315 4080
5 274 4080
14 119 4080
198 339 4080
47 374 4080
10 278 4080
90 206 4080
1 373 4080
35 231 4080
182 212 4080
53 177 4080
10 218 4080
4 55 4080
162 248 4080
111 115 4080
41 133 4080
8 145 4080
204 306 4080
24 294 4080
73 99 4080
46 201 4080
91 336 4080
127 167 4080
47 81 4080
196 387 4080
38 103 4080
54 407 4080
69 114 4080
77 191 4080
201 360 4080
189 199 4080
33 188 4080
12 102 4080
89 217 4080
192 196 4080
106 282 4080
16 153 4080
138 324 4080
156 163 4080
40 138 4080
41 170 4080
7 143 4080
128 242 4080
203 351 4080
86 129 4080
36 76 4080
95 400 4080
175 212 4080
7 143 4080
6 27 4080
