0 1 400
1 2 400
2 3 400
3 4 400
4 5 400
5 6 400
6 7 400
7 8 400
8 9 400
9 10 400
10 11 400
11 12 400
12 13 400
13 14 400
14 15 400
15 16 400
16 17 400
17 18 400
18 19 400
19 20 400
20 21 400
21 22 400
22 23 400
23 24 400
24 25 400
25 26 400
26 27 400
27 28 400
28 29 400
29 30 400
30 31 400
31 32 400
32 33 400
33 34 400
34 35 400
35 36 400
36 37 400
37 38 400
38 39 400
0 16 400
12 23 400
20 25 400
1 22 400
5 18 400
3 31 400
6 15 400
11 31 400
0 39 400
1 30 400
0 4 400
1 33 400
17 30 400
12 26 400
18 27 400
13 37 400
5 29 400
11 24 400
10 29 400
15 31 400
16 35 400
20 33 400
18 23 400
5 15 400
19 37 400
11 34 400
1 20 400
20 32 400
4 36 400
20 30 400
6 22 400
0 32 400
0 5 400
9 27 400
8 23 400
19 39 400
5 32 400
