0 1 4120
1 2 4120
2 3 4120
3 4 4120
4 5 4120
5 6 4120
6 7 4120
7 8 4120
8 9 4120
9 10 4120
10 11 4120
11 12 4120
12 13 4120
13 14 4120
14 15 4120
15 16 4120
16 17 4120
17 18 4120
18 19 4120
19 20 4120
20 21 4120
21 22 4120
22 23 4120
23 24 4120
24 25 4120
25 26 4120
26 27 4120
27 28 4120
28 29 4120
29 30 4120
30 31 4120
31 32 4120
32 33 4120
33 34 4120
34 35 4120
35 36 4120
36 37 4120
37 38 4120
38 39 4120
39 40 4120
40 41 4120
41 42 4120
42 43 4120
43 44 4120
44 45 4120
45 46 4120
46 47 4120
47 48 4120
48 49 4120
49 50 4120
50 51 4120
51 52 4120
52 53 4120
53 54 4120
54 55 4120
55 56 4120
56 57 4120
57 58 4120
58 59 4120
59 60 4120
60 61 4120
61 62 4120
62 63 4120
63 64 4120
64 65 4120
65 66 4120
66 67 4120
67 68 4120
68 69 4120
69 70 4120
70 71 4120
71 72 4120
72 73 4120
73 74 4120
74 75 4120
75 76 4120
76 77 4120
77 78 4120
78 79 4120
79 80 4120
80 81 4120
81 82 4120
82 83 4120
83 84 4120
84 85 4120
85 86 4120
86 87 4120
87 88 4120
88 89 4120
89 90 4120
90 91 4120
91 92 4120
92 93 4120
93 94 4120
94 95 4120
95 96 4120
96 97 4120
97 98 4120
98 99 4120
99 100 4120
100 101 4120
101 102 4120
102 103 4120
103 104 4120
104 105 4120
105 106 4120
106 107 4120
107 108 4120
108 109 4120
109 110 4120
110 111 4120
111 112 4120
112 113 4120
113 114 4120
114 115 4120
115 116 4120
116 117 4120
117 118 4120
118 119 4120
119 120 4120
120 121 4120
121 122 4120
122 123 4120
123 124 4120
124 125 4120
125 126 4120
126 127 4120
127 128 4120
128 129 4120
129 130 4120
130 131 4120
131 132 4120
132 133 4120
133 134 4120
134 135 4120
135 136 4120
136 137 4120
137 138 4120
138 139 4120
139 140 4120
140 141 4120
141 142 4120
142 143 4120
143 144 4120
144 145 4120
145 146 4120
146 147 4120
147 148 4120
148 149 4120
149 150 4120
150 151 4120
151 152 4120
152 153 4120
153 154 4120
154 155 4120
155 156 4120
156 157 4120
157 158 4120
158 159 4120
159 160 4120
160 161 4120
161 162 4120
162 163 4120
163 164 4120
164 165 4120
165 166 4120
166 167 4120
167 168 4120
168 169 4120
169 170 4120
170 171 4120
171 172 4120
172 173 4120
173 174 4120
174 175 4120
175 176 4120
176 177 4120
177 178 4120
178 179 4120
179 180 4120
180 181 4120
181 182 4120
182 183 4120
183 184 4120
184 185 4120
185 186 4120
186 187 4120
187 188 4120
188 189 4120
189 190 4120
190 191 4120
191 192 4120
192 193 4120
193 194 4120
194 195 4120
195 196 4120
196 197 4120
197 198 4120
198 199 4120
199 200 4120
200 201 4120
201 202 4120
202 203 4120
203 204 4120
204 205 4120
205 206 4120
206 207 4120
207 208 4120
208 209 4120
209 210 4120
210 211 4120
211 212 4120
212 213 4120
213 214 4120
214 215 4120
215 216 4120
216 217 4120
217 218 4120
218 219 4120
219 220 4120
220 221 4120
221 222 4120
222 223 4120
223 224 4120
224 225 4120
225 226 4120
226 227 4120
227 228 4120
228 229 4120
229 230 4120
230 231 4120
231 232 4120
232 233 4120
233 234 4120
234 235 4120
235 236 4120
236 237 4120
237 238 4120
238 239 4120
239 240 4120
240 241 4120
241 242 4120
242 243 4120
243 244 4120
244 245 4120
245 246 4120
246 247 4120
247 248 4120
248 249 4120
249 250 4120
250 251 4120
251 252 4120
252 253 4120
253 254 4120
254 255 4120
255 256 4120
256 257 4120
257 258 4120
258 259 4120
259 260 4120
260 261 4120
261 262 4120
262 263 4120
263 264 4120
264 265 4120
265 266 4120
266 267 4120
267 268 4120
268 269 4120
269 270 4120
270 271 4120
271 272 4120
272 273 4120
273 274 4120
274 275 4120
275 276 4120
276 277 4120
277 278 4120
278 279 4120
279 280 4120
280 281 4120
281 282 4120
282 283 4120
283 284 4120
284 285 4120
285 286 4120
286 287 4120
287 288 4120
288 289 4120
289 290 4120
290 291 4120
291 292 4120
292 293 4120
293 294 4120
294 295 4120
295 296 4120
296 297 4120
297 298 4120
298 299 4120
299 300 4120
300 301 4120
301 302 4120
302 303 4120
303 304 4120
304 305 4120
305 306 4120
306 307 4120
307 308 4120
308 309 4120
309 310 4120
310 311 4120
311 312 4120
312 313 4120
313 314 4120
314 315 4120
315 316 4120
316 317 4120
317 318 4120
318 319 4120
319 320 4120
320 321 4120
321 322 4120
322 323 4120
323 324 4120
324 325 4120
325 326 4120
326 327 4120
327 328 4120
328 329 4120
329 330 4120
330 331 4120
331 332 4120
332 333 4120
333 334 4120
334 335 4120
335 336 4120
336 337 4120
337 338 4120
338 339 4120
339 340 4120
340 341 4120
341 342 4120
342 343 4120
343 344 4120
344 345 4120
345 346 4120
346 347 4120
347 348 4120
348 349 4120
349 350 4120
350 351 4120
351 352 4120
352 353 4120
353 354 4120
354 355 4120
355 356 4120
356 357 4120
357 358 4120
358 359 4120
359 360 4120
360 361 4120
361 362 4120
362 363 4120
363 364 4120
364 365 4120
365 366 4120
366 367 4120
367 368 4120
368 369 4120
369 370 4120
370 371 4120
371 372 4120
372 373 4120
373 374 4120
374 375 4120
375 376 4120
376 377 4120
377 378 4120
378 379 4120
379 380 4120
380 381 4120
381 382 4120
382 383 4120
383 384 4120
384 385 4120
385 386 4120
386 387 4120
387 388 4120
388 389 4120
389 390 4120
390 391 4120
391 392 4120
392 393 4120
393 394 4120
394 395 4120
395 396 4120
396 397 4120
397 398 4120
398 399 4120
399 400 4120
400 401 4120
401 402 4120
402 403 4120
403 404 4120
404 405 4120
405 406 4120
406 407 4120
407 408 4120
408 409 4120
409 410 4120
410 411 4120
30 97 4120
109 364 4120
83 99 4120
186 402 4120
99 303 4120
131 239 4120
66 315 4120
203 402 4120
107 268 4120
150 270 4120
12 102 4120
100 289 4120
193 362 4120
130 158 4120
93 380 4120
171 252 4120
181 323 4120
58 219 4120
170 241 4120
85 149 4120
169 212 4120
88 259 4120
138 340 4120
65 279 4120
83 386 4120
152 239 4120
39 309 4120
191 320 4120
118 380 4120
96 320 4120
80 360 4120
190 337 4120
176 361 4120
197 287 4120
105 301 4120
104 238 4120
121 151 4120
73 180 4120
139 226 4120
87 402 4120
125 265 4120
111 229 4120
197 283 4120
97 195 4120
177 275 4120
37 333 4120
116 295 4120
49 265 4120
184 269 4120
134 230 4120
11 43 4120
193 350 4120
177 246 4120
23 409 4120
80 210 4120
142 166 4120
159 202 4120
140 215 4120
190 281 4120
206 344 4120
123 390 4120
133 262 4120
21 138 4120
37 270 4120
202 401 4120
154 267 4120
49 277 4120
79 197 4120
17 321 4120
187 265 4120
43 202 4120
138 285 4120
108 294 4120
17 146 4120
128 190 4120
43 46 4120
97 296 4120
66 356 4120
120 380 4120
128 286 4120
133 250 4120
198 348 4120
91 101 4120
180 297 4120
171 343 4120
74 250 4120
126 342 4120
123 379 4120
136 370 4120
28 118 4120
52 317 4120
38 349 4120
86 292 4120
93 146 4120
204 361 4120
60 397 4120
106 392 4120
152 284 4120
81 151 4120
11 103 4120
49 170 4120
183 287 4120
67 128 4120
93 279 4120
58 215 4120
175 382 4120
100 315 4120
190 230 4120
66 100 4120
79 395 4120
101 204 4120
78 370 4120
196 318 4120
147 286 4120
164 380 4120
206 254 4120
70 187 4120
24 306 4120
139 292 4120
121 163 4120
1 219 4120
27 348 4120
137 163 4120
139 374 4120
96 213 4120
72 270 4120
139 157 4120
9 194 4120
12 37 4120
174 198 4120
18 195 4120
56 116 4120
145 384 4120
171 314 4120
85 221 4120
13 247 4120
161 308 4120
147 194 4120
171 303 4120
147 214 4120
31 341 4120
18 353 4120
48 375 4120
89 224 4120
122 269 4120
30 358 4120
140 193 4120
66 185 4120
181 355 4120
78 228 4120
20 218 4120
198 320 4120
206 325 4120
147 192 4120
76 255 4120
146 279 4120
15 340 4120
113 263 4120
188 315 4120
28 75 4120
58 236 4120
43 142 4120
44 136 4120
155 229 4120
65 265 4120
185 217 4120
42 395 4120
65 156 4120
205 350 4120
33 53 4120
172 282 4120
200 248 4120
105 312 4120
179 377 4120
173 393 4120
112 337 4120
157 218 4120
201 368 4120
141 288 4120
179 249 4120
9 193 4120
125 268 4120
165 207 4120
61 216 4120
81 136 4120
147 325 4120
73 167 4120
113 157 4120
175 217 4120
99 370 4120
125 228 4120
103 296 4120
59 306 4120
29 279 4120
109 138 4120
145 307 4120
137 186 4120
56 178 4120
151 253 4120
95 349 4120
44 302 4120
47 118 4120
198 307 4120
43 177 4120
192 215 4120
147 208 4120
206 267 4120
109 251 4120
200 252 4120
89 112 4120
8 20 4120
22 270 4120
169 310 4120
164 339 4120
119 257 4120
34 380 4120
43 263 4120
159 193 4120
170 210 4120
168 332 4120
1 132 4120
23 72 4120
188 209 4120
46 166 4120
167 174 4120
139 314 4120
58 301 4120
103 330 4120
105 365 4120
155 186 4120
114 198 4120
31 68 4120
65 390 4120
38 62 4120
90 276 4120
55 213 4120
9 385 4120
74 352 4120
53 256 4120
25 74 4120
5 263 4120
43 230 4120
80 210 4120
43 205 4120
127 162 4120
178 180 4120
151 309 4120
157 270 4120
177 210 4120
109 200 4120
126 181 4120
148 150 4120
202 370 4120
31 79 4120
39 234 4120
174 378 4120
157 328 4120
150 172 4120
61 218 4120
71 83 4120
54 294 4120
157 349 4120
78 148 4120
22 48 4120
152 280 4120
79 334 4120
112 252 4120
31 101 4120
68 384 4120
149 397 4120
66 245 4120
62 331 4120
77 153 4120
88 306 4120
28 309 4120
37 346 4120
4 303 4120
70 129 4120
137 150 4120
163 238 4120
186 281 4120
23 139 4120
64 296 4120
20 230 4120
206 342 4120
62 339 4120
103 276 4120
101 152 4120
151 409 4120
159 175 4120
30 317 4120
118 258 4120
189 226 4120
25 371 4120
103 203 4120
189 194 4120
33 176 4120
173 359 4120
135 241 4120
205 247 4120
198 381 4120
206 208 4120
22 406 4120
197 395 4120
131 400 4120
200 266 4120
95 192 4120
51 214 4120
53 323 4120
181 322 4120
66 132 4120
79 105 4120
7 19 4120
134 348 4120
196 317 4120
13 336 4120
180 387 4120
191 311 4120
13 39 4120
108 128 4120
29 287 4120
30 401 4120
159 283 4120
74 350 4120
69 169 4120
21 114 4120
18 73 4120
138 263 4120
43 295 4120
98 256 4120
195 333 4120
128 250 4120
132 381 4120
13 97 4120
206 380 4120
157 253 4120
67 84 4120
168 297 4120
100 277 4120
202 269 4120
176 237 4120
202 386 4120
113 411 4120
185 193 4120
9 287 4120
48 210 4120
83 344 4120
3 272 4120
97 378 4120
181 213 4120
193 384 4120
164 273 4120
160 299 4120
94 188 4120
187 215 4120
57 258 4120
184 257 4120
189 251 4120
205 236 4120
58 263 4120
102 262 4120
127 377 4120
87 199 4120
16 124 4120
74 188 4120
187 237 4120
78 257 4120
177 328 4120
30 46 4120
75 279 4120
99 379 4120
110 180 4120
164 215 4120
12 212 4120
129 388 4120
149 248 4120
97 351 4120
166 259 4120
17 260 4120
111 199 4120
155 331 4120
8 244 4120
127 224 4120
197 404 4120
110 185 4120
49 232 4120
57 80 4120
0 112 4120
128 172 4120
117 382 4120
146 377 4120
165 265 4120
66 256 4120
17 266 4120
93 176 4120
132 280 4120
4 325 4120
137 179 4120
131 205 4120
185 372 4120
40 328 4120
198 315 4120
81 291 4120
194 327 4120
54 88 4120
121 241 4120
133 169 4120
138 284 4120
46 62 4120
96 353 4120
