0 1 4160
1 2 4160
2 3 4160
3 4 4160
4 5 4160
5 6 4160
6 7 4160
7 8 4160
8 9 4160
9 10 4160
10 11 4160
11 12 4160
12 13 4160
13 14 4160
14 15 4160
15 16 4160
16 17 4160
17 18 4160
18 19 4160
19 20 4160
20 21 4160
21 22 4160
22 23 4160
23 24 4160
24 25 4160
25 26 4160
26 27 4160
27 28 4160
28 29 4160
29 30 4160
30 31 4160
31 32 4160
32 33 4160
33 34 4160
34 35 4160
35 36 4160
36 37 4160
37 38 4160
38 39 4160
39 40 4160
40 41 4160
41 42 4160
42 43 4160
43 44 4160
44 45 4160
45 46 4160
46 47 4160
47 48 4160
48 49 4160
49 50 4160
50 51 4160
51 52 4160
52 53 4160
53 54 4160
54 55 4160
55 56 4160
56 57 4160
57 58 4160
58 59 4160
59 60 4160
60 61 4160
61 62 4160
62 63 4160
63 64 4160
64 65 4160
65 66 4160
66 67 4160
67 68 4160
68 69 4160
69 70 4160
70 71 4160
71 72 4160
72 73 4160
73 74 4160
74 75 4160
75 76 4160
76 77 4160
77 78 4160
78 79 4160
79 80 4160
80 81 4160
81 82 4160
82 83 4160
83 84 4160
84 85 4160
85 86 4160
86 87 4160
87 88 4160
88 89 4160
89 90 4160
90 91 4160
91 92 4160
92 93 4160
93 94 4160
94 95 4160
95 96 4160
96 97 4160
97 98 4160
98 99 4160
99 100 4160
100 101 4160
101 102 4160
102 103 4160
103 104 4160
104 105 4160
105 106 4160
106 107 4160
107 108 4160
108 109 4160
109 110 4160
110 111 4160
111 112 4160
112 113 4160
113 114 4160
114 115 4160
115 116 4160
116 117 4160
117 118 4160
118 119 4160
119 120 4160
120 121 4160
121 122 4160
122 123 4160
123 124 4160
124 125 4160
125 126 4160
126 127 4160
127 128 4160
128 129 4160
129 130 4160
130 131 4160
131 132 4160
132 133 4160
133 134 4160
134 135 4160
135 136 4160
136 137 4160
137 138 4160
138 139 4160
139 140 4160
140 141 4160
141 142 4160
142 143 4160
143 144 4160
144 145 4160
145 146 4160
146 147 4160
147 148 4160
148 149 4160
149 150 4160
150 151 4160
151 152 4160
152 153 4160
153 154 4160
154 155 4160
155 156 4160
156 157 4160
157 158 4160
158 159 4160
159 160 4160
160 161 4160
161 162 4160
162 163 4160
163 164 4160
164 165 4160
165 166 4160
166 167 4160
167 168 4160
168 169 4160
169 170 4160
170 171 4160
171 172 4160
172 173 4160
173 174 4160
174 175 4160
175 176 4160
176 177 4160
177 178 4160
178 179 4160
179 180 4160
180 181 4160
181 182 4160
182 183 4160
183 184 4160
184 185 4160
185 186 4160
186 187 4160
187 188 4160
188 189 4160
189 190 4160
190 191 4160
191 192 4160
192 193 4160
193 194 4160
194 195 4160
195 196 4160
196 197 4160
197 198 4160
198 199 4160
199 200 4160
200 201 4160
201 202 4160
202 203 4160
203 204 4160
204 205 4160
205 206 4160
206 207 4160
207 208 4160
208 209 4160
209 210 4160
210 211 4160
211 212 4160
212 213 4160
213 214 4160
214 215 4160
215 216 4160
216 217 4160
217 218 4160
218 219 4160
219 220 4160
220 221 4160
221 222 4160
222 223 4160
223 224 4160
224 225 4160
225 226 4160
226 227 4160
227 228 4160
228 229 4160
229 230 4160
230 231 4160
231 232 4160
232 233 4160
233 234 4160
234 235 4160
235 236 4160
236 237 4160
237 238 4160
238 239 4160
239 240 4160
240 241 4160
241 242 4160
242 243 4160
243 244 4160
244 245 4160
245 246 4160
246 247 4160
247 248 4160
248 249 4160
249 250 4160
250 251 4160
251 252 4160
252 253 4160
253 254 4160
254 255 4160
255 256 4160
256 257 4160
257 258 4160
258 259 4160
259 260 4160
260 261 4160
261 262 4160
262 263 4160
263 264 4160
264 265 4160
265 266 4160
266 267 4160
267 268 4160
268 269 4160
269 270 4160
270 271 4160
271 272 4160
272 273 4160
273 274 4160
274 275 4160
275 276 4160
276 277 4160
277 278 4160
278 279 4160
279 280 4160
280 281 4160
281 282 4160
282 283 4160
283 284 4160
284 285 4160
285 286 4160
286 287 4160
287 288 4160
288 289 4160
289 290 4160
290 291 4160
291 292 4160
292 293 4160
293 294 4160
294 295 4160
295 296 4160
296 297 4160
297 298 4160
298 299 4160
299 300 4160
300 301 4160
301 302 4160
302 303 4160
303 304 4160
304 305 4160
305 306 4160
306 307 4160
307 308 4160
308 309 4160
309 310 4160
310 311 4160
311 312 4160
312 313 4160
313 314 4160
314 315 4160
315 316 4160
316 317 4160
317 318 4160
318 319 4160
319 320 4160
320 321 4160
321 322 4160
322 323 4160
323 324 4160
324 325 4160
325 326 4160
326 327 4160
327 328 4160
328 329 4160
329 330 4160
330 331 4160
331 332 4160
332 333 4160
333 334 4160
334 335 4160
335 336 4160
336 337 4160
337 338 4160
338 339 4160
339 340 4160
340 341 4160
341 342 4160
342 343 4160
343 344 4160
344 345 4160
345 346 4160
346 347 4160
347 348 4160
348 349 4160
349 350 4160
350 351 4160
351 352 4160
352 353 4160
353 354 4160
354 355 4160
355 356 4160
356 357 4160
357 358 4160
358 359 4160
359 360 4160
360 361 4160
361 362 4160
362 363 4160
363 364 4160
364 365 4160
365 366 4160
366 367 4160
367 368 4160
368 369 4160
369 370 4160
370 371 4160
371 372 4160
372 373 4160
373 374 4160
374 375 4160
375 376 4160
376 377 4160
377 378 4160
378 379 4160
379 380 4160
380 381 4160
381 382 4160
382 383 4160
383 384 4160
384 385 4160
385 386 4160
386 387 4160
387 388 4160
388 389 4160
389 390 4160
390 391 4160
391 392 4160
392 393 4160
393 394 4160
394 395 4160
395 396 4160
396 397 4160
397 398 4160
398 399 4160
399 400 4160
400 401 4160
401 402 4160
402 403 4160
403 404 4160
404 405 4160
405 406 4160
406 407 4160
407 408 4160
408 409 4160
409 410 4160
410 411 4160
411 412 4160
412 413 4160
413 414 4160
414 415 4160
185 245 4160
208 345 4160
86 230 4160
126 336 4160
176 251 4160
149 208 4160
58 400 4160
70 294 4160
15 101 4160
172 246 4160
67 204 4160
174 185 4160
195 348 4160
149 341 4160
103 268 4160
188 249 4160
174 249 4160
115 352 4160
108 307 4160
131 199 4160
77 379 4160
154 335 4160
78 138 4160
136 353 4160
105 259 4160
8 263 4160
21 352 4160
175 338 4160
180 374 4160
64 412 4160
153 392 4160
98 319 4160
28 119 4160
47 162 4160
71 374 4160
150 394 4160
80 170 4160
194 282 4160
89 259 4160
143 230 4160
57 128 4160
185 400 4160
50 311 4160
22 367 4160
154 235 4160
64 225 4160
195 396 4160
93 271 4160
17 80 4160
26 124 4160
31 72 4160
30 321 4160
140 229 4160
33 313 4160
154 354 4160
151 385 4160
181 390 4160
141 259 4160
179 402 4160
182 253 4160
76 292 4160
169 232 4160
47 93 4160
154 189 4160
115 143 4160
58 143 4160
197 394 4160
3 311 4160
65 395 4160
99 292 4160
107 125 4160
92 389 4160
56 115 4160
98 250 4160
141 399 4160
73 239 4160
134 323 4160
30 101 4160
107 340 4160
85 394 4160
24 59 4160
78 396 4160
197 221 4160
155 360 4160
103 186 4160
70 95 4160
138 204 4160
199 407 4160
141 332 4160
94 251 4160
33 279 4160
200 317 4160
10 18 4160
121 186 4160
126 407 4160
157 359 4160
199 220 4160
15 25 4160
141 347 4160
199 357 4160
176 228 4160
90 168 4160
157 261 4160
180 196 4160
96 208 4160
56 392 4160
45 400 4160
76 337 4160
68 138 4160
18 183 4160
61 384 4160
109 168 4160
142 333 4160
48 198 4160
158 220 4160
87 263 4160
56 371 4160
125 308 4160
143 360 4160
96 404 4160
29 136 4160
167 234 4160
182 331 4160
25 415 4160
91 302 4160
10 411 4160
37 388 4160
3 230 4160
43 72 4160
32 136 4160
177 377 4160
57 279 4160
5 366 4160
85 340 4160
200 339 4160
189 415 4160
204 226 4160
43 268 4160
119 125 4160
171 235 4160
199 231 4160
70 115 4160
123 258 4160
129 321 4160
63 342 4160
11 393 4160
38 104 4160
171 185 4160
2 156 4160
95 165 4160
166 277 4160
71 280 4160
206 211 4160
83 214 4160
34 386 4160
120 175 4160
134 249 4160
29 343 4160
64 381 4160
93 148 4160
177 326 4160
107 276 4160
117 177 4160
3 324 4160
41 62 4160
110 230 4160
169 222 4160
193 196 4160
82 91 4160
154 250 4160
67 328 4160
91 191 4160
10 90 4160
101 350 4160
85 235 4160
49 302 4160
34 111 4160
165 293 4160
184 388 4160
184 398 4160
36 230 4160
115 316 4160
41 139 4160
84 234 4160
206 318 4160
107 283 4160
179 204 4160
199 393 4160
133 353 4160
32 265 4160
74 214 4160
197 365 4160
64 254 4160
148 413 4160
69 366 4160
72 161 4160
25 206 4160
171 180 4160
53 405 4160
48 332 4160
46 91 4160
2 76 4160
71 187 4160
66 138 4160
95 160 4160
10 55 4160
29 382 4160
197 222 4160
12 390 4160
193 304 4160
151 326 4160
80 288 4160
136 149 4160
166 275 4160
195 343 4160
81 328 4160
45 211 4160
52 131 4160
74 362 4160
204 265 4160
142 159 4160
84 191 4160
159 387 4160
32 254 4160
208 307 4160
58 96 4160
122 400 4160
0 140 4160
123 303 4160
73 151 4160
175 322 4160
88 286 4160
141 170 4160
157 200 4160
114 134 4160
100 302 4160
142 194 4160
56 313 4160
137 188 4160
45 242 4160
55 139 4160
101 216 4160
90 102 4160
3 341 4160
195 203 4160
120 223 4160
104 146 4160
124 259 4160
78 266 4160
75 154 4160
152 289 4160
46 370 4160
128 321 4160
91 134 4160
92 376 4160
173 255 4160
164 333 4160
35 79 4160
105 292 4160
204 348 4160
93 205 4160
140 395 4160
16 283 4160
175 248 4160
152 206 4160
178 411 4160
172 390 4160
1 303 4160
99 357 4160
145 283 4160
87 183 4160
29 341 4160
64 395 4160
196 396 4160
92 267 4160
17 55 4160
149 174 4160
14 103 4160
145 230 4160
204 294 4160
82 157 4160
77 265 4160
153 253 4160
112 411 4160
176 413 4160
86 206 4160
205 358 4160
192 231 4160
160 225 4160
50 177 4160
116 320 4160
158 391 4160
72 109 4160
147 192 4160
53 375 4160
195 367 4160
148 329 4160
76 226 4160
159 302 4160
127 146 4160
46 365 4160
185 213 4160
46 94 4160
117 361 4160
126 399 4160
83 94 4160
25 85 4160
131 374 4160
7 12 4160
205 242 4160
111 284 4160
128 321 4160
20 170 4160
135 150 4160
143 382 4160
45 300 4160
182 367 4160
159 388 4160
100 303 4160
200 251 4160
163 236 4160
128 326 4160
166 200 4160
18 157 4160
198 212 4160
4 274 4160
174 229 4160
191 318 4160
45 99 4160
33 284 4160
196 363 4160
5 96 4160
190 378 4160
148 206 4160
180 324 4160
172 280 4160
165 275 4160
197 352 4160
61 391 4160
88 336 4160
16 311 4160
154 400 4160
159 253 4160
91 276 4160
53 155 4160
149 285 4160
90 271 4160
38 240 4160
72 245 4160
97 354 4160
80 304 4160
113 137 4160
22 190 4160
125 132 4160
122 187 4160
61 227 4160
120 174 4160
79 202 4160
135 200 4160
142 252 4160
106 362 4160
33 168 4160
119 333 4160
152 366 4160
173 403 4160
153 216 4160
87 94 4160
97 281 4160
72 220 4160
161 228 4160
72 229 4160
147 318 4160
86 312 4160
78 146 4160
94 413 4160
198 365 4160
154 269 4160
51 415 4160
205 369 4160
196 282 4160
7 173 4160
164 412 4160
12 268 4160
95 277 4160
138 278 4160
72 85 4160
182 236 4160
120 359 4160
58 292 4160
147 359 4160
169 190 4160
141 146 4160
148 182 4160
154 179 4160
1 370 4160
42 283 4160
40 119 4160
50 94 4160
137 183 4160
140 184 4160
110 157 4160
84 360 4160
203 307 4160
126 336 4160
144 200 4160
159 190 4160
47 250 4160
1 97 4160
159 354 4160
105 172 4160
174 343 4160
137 145 4160
104 350 4160
45 413 4160
