0 1 4200
1 2 4200
2 3 4200
3 4 4200
4 5 4200
5 6 4200
6 7 4200
7 8 4200
8 9 4200
9 10 4200
10 11 4200
11 12 4200
12 13 4200
13 14 4200
14 15 4200
15 16 4200
16 17 4200
17 18 4200
18 19 4200
19 20 4200
20 21 4200
21 22 4200
22 23 4200
23 24 4200
24 25 4200
25 26 4200
26 27 4200
27 28 4200
28 29 4200
29 30 4200
30 31 4200
31 32 4200
32 33 4200
33 34 4200
34 35 4200
35 36 4200
36 37 4200
37 38 4200
38 39 4200
39 40 4200
40 41 4200
41 42 4200
42 43 4200
43 44 4200
44 45 4200
45 46 4200
46 47 4200
47 48 4200
48 49 4200
49 50 4200
50 51 4200
51 52 4200
52 53 4200
53 54 4200
54 55 4200
55 56 4200
56 57 4200
57 58 4200
58 59 4200
59 60 4200
60 61 4200
61 62 4200
62 63 4200
63 64 4200
64 65 4200
65 66 4200
66 67 4200
67 68 4200
68 69 4200
69 70 4200
70 71 4200
71 72 4200
72 73 4200
73 74 4200
74 75 4200
75 76 4200
76 77 4200
77 78 4200
78 79 4200
79 80 4200
80 81 4200
81 82 4200
82 83 4200
83 84 4200
84 85 4200
85 86 4200
86 87 4200
87 88 4200
88 89 4200
89 90 4200
90 91 4200
91 92 4200
92 93 4200
93 94 4200
94 95 4200
95 96 4200
96 97 4200
97 98 4200
98 99 4200
99 100 4200
100 101 4200
101 102 4200
102 103 4200
103 104 4200
104 105 4200
105 106 4200
106 107 4200
107 108 4200
108 109 4200
109 110 4200
110 111 4200
111 112 4200
112 113 4200
113 114 4200
114 115 4200
115 116 4200
116 117 4200
117 118 4200
118 119 4200
119 120 4200
120 121 4200
121 122 4200
122 123 4200
123 124 4200
124 125 4200
125 126 4200
126 127 4200
127 128 4200
128 129 4200
129 130 4200
130 131 4200
131 132 4200
132 133 4200
133 134 4200
134 135 4200
135 136 4200
136 137 4200
137 138 4200
138 139 4200
139 140 4200
140 141 4200
141 142 4200
142 143 4200
143 144 4200
144 145 4200
145 146 4200
146 147 4200
147 148 4200
148 149 4200
149 150 4200
150 151 4200
151 152 4200
152 153 4200
153 154 4200
154 155 4200
155 156 4200
156 157 4200
157 158 4200
158 159 4200
159 160 4200
160 161 4200
161 162 4200
162 163 4200
163 164 4200
164 165 4200
165 166 4200
166 167 4200
167 168 4200
168 169 4200
169 170 4200
170 171 4200
171 172 4200
172 173 4200
173 174 4200
174 175 4200
175 176 4200
176 177 4200
177 178 4200
178 179 4200
179 180 4200
180 181 4200
181 182 4200
182 183 4200
183 184 4200
184 185 4200
185 186 4200
186 187 4200
187 188 4200
188 189 4200
189 190 4200
190 191 4200
191 192 4200
192 193 4200
193 194 4200
194 195 4200
195 196 4200
196 197 4200
197 198 4200
198 199 4200
199 200 4200
200 201 4200
201 202 4200
202 203 4200
203 204 4200
204 205 4200
205 206 4200
206 207 4200
207 208 4200
208 209 4200
209 210 4200
210 211 4200
211 212 4200
212 213 4200
213 214 4200
214 215 4200
215 216 4200
216 217 4200
217 218 4200
218 219 4200
219 220 4200
220 221 4200
221 222 4200
222 223 4200
223 224 4200
224 225 4200
225 226 4200
226 227 4200
227 228 4200
228 229 4200
229 230 4200
230 231 4200
231 232 4200
232 233 4200
233 234 4200
234 235 4200
235 236 4200
236 237 4200
237 238 4200
238 239 4200
239 240 4200
240 241 4200
241 242 4200
242 243 4200
243 244 4200
244 245 4200
245 246 4200
246 247 4200
247 248 4200
248 249 4200
249 250 4200
250 251 4200
251 252 4200
252 253 4200
253 254 4200
254 255 4200
255 256 4200
256 257 4200
257 258 4200
258 259 4200
259 260 4200
260 261 4200
261 262 4200
262 263 4200
263 264 4200
264 265 4200
265 266 4200
266 267 4200
267 268 4200
268 269 4200
269 270 4200
270 271 4200
271 272 4200
272 273 4200
273 274 4200
274 275 4200
275 276 4200
276 277 4200
277 278 4200
278 279 4200
279 280 4200
280 281 4200
281 282 4200
282 283 4200
283 284 4200
284 285 4200
285 286 4200
286 287 4200
287 288 4200
288 289 4200
289 290 4200
290 291 4200
291 292 4200
292 293 4200
293 294 4200
294 295 4200
295 296 4200
296 297 4200
297 298 4200
298 299 4200
299 300 4200
300 301 4200
301 302 4200
302 303 4200
303 304 4200
304 305 4200
305 306 4200
306 307 4200
307 308 4200
308 309 4200
309 310 4200
310 311 4200
311 312 4200
312 313 4200
313 314 4200
314 315 4200
315 316 4200
316 317 4200
317 318 4200
318 319 4200
319 320 4200
320 321 4200
321 322 4200
322 323 4200
323 324 4200
324 325 4200
325 326 4200
326 327 4200
327 328 4200
328 329 4200
329 330 4200
330 331 4200
331 332 4200
332 333 4200
333 334 4200
334 335 4200
335 336 4200
336 337 4200
337 338 4200
338 339 4200
339 340 4200
340 341 4200
341 342 4200
342 343 4200
343 344 4200
344 345 4200
345 346 4200
346 347 4200
347 348 4200
348 349 4200
349 350 4200
350 351 4200
351 352 4200
352 353 4200
353 354 4200
354 355 4200
355 356 4200
356 357 4200
357 358 4200
358 359 4200
359 360 4200
360 361 4200
361 362 4200
362 363 4200
363 364 4200
364 365 4200
365 366 4200
366 367 4200
367 368 4200
368 369 4200
369 370 4200
370 371 4200
371 372 4200
372 373 4200
373 374 4200
374 375 4200
375 376 4200
376 377 4200
377 378 4200
378 379 4200
379 380 4200
380 381 4200
381 382 4200
382 383 4200
383 384 4200
384 385 4200
385 386 4200
386 387 4200
387 388 4200
388 389 4200
389 390 4200
390 391 4200
391 392 4200
392 393 4200
393 394 4200
394 395 4200
395 396 4200
396 397 4200
397 398 4200
398 399 4200
399 400 4200
400 401 4200
401 402 4200
402 403 4200
403 404 4200
404 405 4200
405 406 4200
406 407 4200
407 408 4200
408 409 4200
409 410 4200
410 411 4200
411 412 4200
412 413 4200
413 414 4200
414 415 4200
415 416 4200
416 417 4200
417 418 4200
418 419 4200
39 218 4200
156 319 4200
166 232 4200
57 414 4200
188 355 4200
141 397 4200
197 257 4200
157 384 4200
63 158 4200
123 267 4200
63 107 4200
97 309 4200
47 143 4200
41 331 4200
25 405 4200
138 417 4200
195 276 4200
46 168 4200
16 333 4200
1 191 4200
69 343 4200
171 286 4200
142 419 4200
183 186 4200
49 400 4200
185 223 4200
163 192 4200
46 229 4200
153 183 4200
111 180 4200
36 72 4200
151 247 4200
169 212 4200
93 247 4200
131 379 4200
113 387 4200
74 264 4200
99 270 4200
18 294 4200
137 296 4200
176 230 4200
30 163 4200
111 159 4200
205 269 4200
104 280 4200
110 141 4200
4 118 4200
80 314 4200
127 136 4200
75 113 4200
97 271 4200
106 282 4200
51 288 4200
181 314 4200
115 290 4200
145 363 4200
152 202 4200
166 302 4200
136 330 4200
19 241 4200
199 346 4200
129 217 4200
105 366 4200
46 150 4200
200 365 4200
193 418 4200
12 96 4200
179 301 4200
115 326 4200
185 321 4200
86 228 4200
168 277 4200
56 371 4200
36 101 4200
110 140 4200
65 150 4200
199 287 4200
51 202 4200
133 227 4200
74 413 4200
135 395 4200
47 256 4200
139 143 4200
184 251 4200
188 237 4200
93 110 4200
24 268 4200
154 397 4200
27 302 4200
134 204 4200
93 393 4200
131 358 4200
35 378 4200
13 346 4200
98 152 4200
19 262 4200
76 193 4200
76 322 4200
111 371 4200
183 234 4200
156 241 4200
90 240 4200
97 389 4200
180 329 4200
195 229 4200
97 245 4200
94 194 4200
64 136 4200
48 71 4200
206 276 4200
34 166 4200
60 395 4200
161 399 4200
72 232 4200
148 172 4200
46 133 4200
135 218 4200
8 109 4200
61 195 4200
87 170 4200
158 380 4200
160 197 4200
30 263 4200
145 350 4200
33 157 4200
200 391 4200
129 279 4200
36 217 4200
84 322 4200
204 353 4200
4 255 4200
127 130 4200
110 392 4200
162 170 4200
91 390 4200
53 303 4200
183 290 4200
173 324 4200
30 347 4200
158 388 4200
4 150 4200
35 338 4200
150 192 4200
149 162 4200
61 65 4200
26 127 4200
33 42 4200
26 184 4200
26 160 4200
113 211 4200
40 193 4200
65 226 4200
69 235 4200
86 297 4200
4 290 4200
186 413 4200
113 262 4200
155 325 4200
9 359 4200
178 334 4200
64 199 4200
162 299 4200
125 188 4200
149 298 4200
185 202 4200
148 324 4200
62 283 4200
150 199 4200
191 410 4200
59 86 4200
41 48 4200
32 347 4200
132 139 4200
143 202 4200
116 337 4200
127 252 4200
121 135 4200
40 358 4200
207 232 4200
179 275 4200
154 223 4200
118 135 4200
64 401 4200
194 404 4200
0 398 4200
168 280 4200
24 138 4200
26 186 4200
97 229 4200
140 308 4200
126 264 4200
144 303 4200
89 370 4200
1 211 4200
3 38 4200
26 332 4200
162 251 4200
57 115 4200
129 158 4200
66 152 4200
209 268 4200
81 123 4200
118 302 4200
42 319 4200
92 419 4200
7 182 4200
7 408 4200
81 329 4200
196 347 4200
61 76 4200
100 403 4200
66 245 4200
99 324 4200
112 396 4200
176 409 4200
96 177 4200
207 339 4200
175 373 4200
25 258 4200
199 243 4200
192 359 4200
122 240 4200
187 394 4200
68 72 4200
192 366 4200
22 267 4200
136 384 4200
122 393 4200
196 397 4200
62 341 4200
92 297 4200
182 325 4200
138 208 4200
55 105 4200
143 286 4200
131 332 4200
203 248 4200
32 357 4200
148 219 4200
9 192 4200
112 333 4200
28 154 4200
128 255 4200
172 295 4200
187 345 4200
173 281 4200
77 134 4200
193 373 4200
122 124 4200
149 365 4200
59 190 4200
201 280 4200
104 416 4200
137 188 4200
138 274 4200
66 261 4200
15 344 4200
185 214 4200
174 208 4200
60 347 4200
81 393 4200
209 220 4200
34 298 4200
140 294 4200
16 229 4200
59 256 4200
144 309 4200
178 361 4200
48 137 4200
136 294 4200
174 266 4200
5 65 4200
143 273 4200
179 323 4200
90 244 4200
134 235 4200
145 171 4200
182 315 4200
74 409 4200
157 266 4200
16 54 4200
126 404 4200
117 173 4200
148 367 4200
191 235 4200
111 379 4200
183 211 4200
136 225 4200
149 213 4200
155 401 4200
9 290 4200
1 387 4200
32 120 4200
51 338 4200
94 257 4200
117 179 4200
199 370 4200
45 115 4200
154 408 4200
24 169 4200
65 269 4200
69 105 4200
75 294 4200
170 258 4200
7 233 4200
120 262 4200
27 208 4200
94 389 4200
171 367 4200
144 419 4200
182 324 4200
85 383 4200
127 327 4200
210 225 4200
28 191 4200
210 223 4200
102 336 4200
91 162 4200
101 280 4200
106 307 4200
4 79 4200
157 354 4200
182 340 4200
133 296 4200
81 182 4200
20 104 4200
124 349 4200
149 318 4200
52 173 4200
76 144 4200
35 344 4200
91 188 4200
65 300 4200
128 415 4200
135 149 4200
155 248 4200
162 166 4200
12 268 4200
190 328 4200
10 169 4200
94 200 4200
79 288 4200
98 200 4200
204 314 4200
127 298 4200
84 179 4200
68 362 4200
154 258 4200
114 295 4200
86 212 4200
158 291 4200
173 345 4200
20 232 4200
182 329 4200
0 405 4200
140 315 4200
125 160 4200
12 356 4200
121 261 4200
197 278 4200
195 340 4200
99 306 4200
140 225 4200
56 115 4200
54 371 4200
162 182 4200
52 357 4200
143 149 4200
127 147 4200
61 188 4200
112 356 4200
71 305 4200
52 413 4200
140 171 4200
168 401 4200
167 357 4200
60 312 4200
30 79 4200
134 376 4200
172 195 4200
198 258 4200
203 291 4200
111 288 4200
149 310 4200
88 355 4200
137 169 4200
153 247 4200
110 168 4200
98 202 4200
19 205 4200
106 132 4200
153 357 4200
115 404 4200
182 275 4200
201 386 4200
183 204 4200
68 79 4200
54 294 4200
102 347 4200
71 309 4200
12 325 4200
200 238 4200
170 366 4200
75 379 4200
19 289 4200
116 419 4200
194 342 4200
104 352 4200
55 363 4200
21 222 4200
56 137 4200
128 392 4200
193 336 4200
33 314 4200
167 306 4200
108 382 4200
34 166 4200
