0 1 4240
1 2 4240
2 3 4240
3 4 4240
4 5 4240
5 6 4240
6 7 4240
7 8 4240
8 9 4240
9 10 4240
10 11 4240
11 12 4240
12 13 4240
13 14 4240
14 15 4240
15 16 4240
16 17 4240
17 18 4240
18 19 4240
19 20 4240
20 21 4240
21 22 4240
22 23 4240
23 24 4240
24 25 4240
25 26 4240
26 27 4240
27 28 4240
28 29 4240
29 30 4240
30 31 4240
31 32 4240
32 33 4240
33 34 4240
34 35 4240
35 36 4240
36 37 4240
37 38 4240
38 39 4240
39 40 4240
40 41 4240
41 42 4240
42 43 4240
43 44 4240
44 45 4240
45 46 4240
46 47 4240
47 48 4240
48 49 4240
49 50 4240
50 51 4240
51 52 4240
52 53 4240
53 54 4240
54 55 4240
55 56 4240
56 57 4240
57 58 4240
58 59 4240
59 60 4240
60 61 4240
61 62 4240
62 63 4240
63 64 4240
64 65 4240
65 66 4240
66 67 4240
67 68 4240
68 69 4240
69 70 4240
70 71 4240
71 72 4240
72 73 4240
73 74 4240
74 75 4240
75 76 4240
76 77 4240
77 78 4240
78 79 4240
79 80 4240
80 81 4240
81 82 4240
82 83 4240
83 84 4240
84 85 4240
85 86 4240
86 87 4240
87 88 4240
88 89 4240
89 90 4240
90 91 4240
91 92 4240
92 93 4240
93 94 4240
94 95 4240
95 96 4240
96 97 4240
97 98 4240
98 99 4240
99 100 4240
100 101 4240
101 102 4240
102 103 4240
103 104 4240
104 105 4240
105 106 4240
106 107 4240
107 108 4240
108 109 4240
109 110 4240
110 111 4240
111 112 4240
112 113 4240
113 114 4240
114 115 4240
115 116 4240
116 117 4240
117 118 4240
118 119 4240
119 120 4240
120 121 4240
121 122 4240
122 123 4240
123 124 4240
124 125 4240
125 126 4240
126 127 4240
127 128 4240
128 129 4240
129 130 4240
130 131 4240
131 132 4240
132 133 4240
133 134 4240
134 135 4240
135 136 4240
136 137 4240
137 138 4240
138 139 4240
139 140 4240
140 141 4240
141 142 4240
142 143 4240
143 144 4240
144 145 4240
145 146 4240
146 147 4240
147 148 4240
148 149 4240
149 150 4240
150 151 4240
151 152 4240
152 153 4240
153 154 4240
154 155 4240
155 156 4240
156 157 4240
157 158 4240
158 159 4240
159 160 4240
160 161 4240
161 162 4240
162 163 4240
163 164 4240
164 165 4240
165 166 4240
166 167 4240
167 168 4240
168 169 4240
169 170 4240
170 171 4240
171 172 4240
172 173 4240
173 174 4240
174 175 4240
175 176 4240
176 177 4240
177 178 4240
178 179 4240
179 180 4240
180 181 4240
181 182 4240
182 183 4240
183 184 4240
184 185 4240
185 186 4240
186 187 4240
187 188 4240
188 189 4240
189 190 4240
190 191 4240
191 192 4240
192 193 4240
193 194 4240
194 195 4240
195 196 4240
196 197 4240
197 198 4240
198 199 4240
199 200 4240
200 201 4240
201 202 4240
202 203 4240
203 204 4240
204 205 4240
205 206 4240
206 207 4240
207 208 4240
208 209 4240
209 210 4240
210 211 4240
211 212 4240
212 213 4240
213 214 4240
214 215 4240
215 216 4240
216 217 4240
217 218 4240
218 219 4240
219 220 4240
220 221 4240
221 222 4240
222 223 4240
223 224 4240
224 225 4240
225 226 4240
226 227 4240
227 228 4240
228 229 4240
229 230 4240
230 231 4240
231 232 4240
232 233 4240
233 234 4240
234 235 4240
235 236 4240
236 237 4240
237 238 4240
238 239 4240
239 240 4240
240 241 4240
241 242 4240
242 243 4240
243 244 4240
244 245 4240
245 246 4240
246 247 4240
247 248 4240
248 249 4240
249 250 4240
250 251 4240
251 252 4240
252 253 4240
253 254 4240
254 255 4240
255 256 4240
256 257 4240
257 258 4240
258 259 4240
259 260 4240
260 261 4240
261 262 4240
262 263 4240
263 264 4240
264 265 4240
265 266 4240
266 267 4240
267 268 4240
268 269 4240
269 270 4240
270 271 4240
271 272 4240
272 273 4240
273 274 4240
274 275 4240
275 276 4240
276 277 4240
277 278 4240
278 279 4240
279 280 4240
280 281 4240
281 282 4240
282 283 4240
283 284 4240
284 285 4240
285 286 4240
286 287 4240
287 288 4240
288 289 4240
289 290 4240
290 291 4240
291 292 4240
292 293 4240
293 294 4240
294 295 4240
295 296 4240
296 297 4240
297 298 4240
298 299 4240
299 300 4240
300 301 4240
301 302 4240
302 303 4240
303 304 4240
304 305 4240
305 306 4240
306 307 4240
307 308 4240
308 309 4240
309 310 4240
310 311 4240
311 312 4240
312 313 4240
313 314 4240
314 315 4240
315 316 4240
316 317 4240
317 318 4240
318 319 4240
319 320 4240
320 321 4240
321 322 4240
322 323 4240
323 324 4240
324 325 4240
325 326 4240
326 327 4240
327 328 4240
328 329 4240
329 330 4240
330 331 4240
331 332 4240
332 333 4240
333 334 4240
334 335 4240
335 336 4240
336 337 4240
337 338 4240
338 339 4240
339 340 4240
340 341 4240
341 342 4240
342 343 4240
343 344 4240
344 345 4240
345 346 4240
346 347 4240
347 348 4240
348 349 4240
349 350 4240
350 351 4240
351 352 4240
352 353 4240
353 354 4240
354 355 4240
355 356 4240
356 357 4240
357 358 4240
358 359 4240
359 360 4240
360 361 4240
361 362 4240
362 363 4240
363 364 4240
364 365 4240
365 366 4240
366 367 4240
367 368 4240
368 369 4240
369 370 4240
370 371 4240
371 372 4240
372 373 4240
373 374 4240
374 375 4240
375 376 4240
376 377 4240
377 378 4240
378 379 4240
379 380 4240
380 381 4240
381 382 4240
382 383 4240
383 384 4240
384 385 4240
385 386 4240
386 387 4240
387 388 4240
388 389 4240
389 390 4240
390 391 4240
391 392 4240
392 393 4240
393 394 4240
394 395 4240
395 396 4240
396 397 4240
397 398 4240
398 399 4240
399 400 4240
400 401 4240
401 402 4240
402 403 4240
403 404 4240
404 405 4240
405 406 4240
406 407 4240
407 408 4240
408 409 4240
409 410 4240
410 411 4240
411 412 4240
412 413 4240
413 414 4240
414 415 4240
415 416 4240
416 417 4240
417 418 4240
418 419 4240
419 420 4240
420 421 4240
421 422 4240
422 423 4240
191 349 4240
1 6 4240
152 316 4240
99 117 4240
66 345 4240
1 371 4240
190 192 4240
107 133 4240
97 229 4240
69 274 4240
48 419 4240
195 337 4240
64 182 4240
35 110 4240
41 147 4240
108 225 4240
35 382 4240
139 342 4240
202 249 4240
140 221 4240
33 354 4240
74 279 4240
133 236 4240
210 217 4240
93 293 4240
196 236 4240
50 330 4240
25 137 4240
64 292 4240
93 319 4240
209 278 4240
100 106 4240
160 232 4240
184 243 4240
104 345 4240
155 259 4240
25 105 4240
160 236 4240
193 217 4240
69 204 4240
146 260 4240
188 247 4240
62 214 4240
15 381 4240
9 17 4240
60 65 4240
95 307 4240
64 156 4240
162 269 4240
128 296 4240
88 362 4240
93 135 4240
201 353 4240
86 187 4240
206 311 4240
95 409 4240
51 357 4240
130 170 4240
208 270 4240
8 42 4240
98 270 4240
19 138 4240
168 360 4240
183 371 4240
151 264 4240
127 402 4240
179 315 4240
159 307 4240
148 218 4240
88 408 4240
103 131 4240
208 288 4240
17 361 4240
7 168 4240
83 149 4240
195 283 4240
68 350 4240
200 419 4240
0 364 4240
17 410 4240
149 160 4240
1 43 4240
201 352 4240
70 163 4240
126 191 4240
147 250 4240
24 141 4240
211 312 4240
34 287 4240
51 241 4240
80 203 4240
49 77 4240
70 388 4240
171 305 4240
101 144 4240
171 219 4240
26 329 4240
209 373 4240
94 390 4240
76 340 4240
104 166 4240
67 398 4240
71 375 4240
40 298 4240
62 115 4240
47 153 4240
21 124 4240
83 320 4240
106 325 4240
128 405 4240
28 135 4240
154 402 4240
208 279 4240
197 369 4240
75 259 4240
46 345 4240
188 354 4240
124 311 4240
128 198 4240
153 258 4240
139 313 4240
131 218 4240
101 306 4240
18 179 4240
147 305 4240
11 47 4240
155 295 4240
39 407 4240
84 284 4240
16 144 4240
209 269 4240
14 237 4240
6 96 4240
93 287 4240
49 81 4240
73 422 4240
60 72 4240
99 400 4240
27 375 4240
54 368 4240
212 247 4240
9 348 4240
23 113 4240
129 146 4240
0 70 4240
85 268 4240
141 361 4240
156 183 4240
36 352 4240
24 64 4240
34 108 4240
54 278 4240
202 399 4240
205 269 4240
11 309 4240
1 259 4240
189 416 4240
157 336 4240
194 388 4240
148 409 4240
4 130 4240
159 203 4240
181 363 4240
129 367 4240
162 410 4240
3 9 4240
125 169 4240
6 84 4240
36 345 4240
0 178 4240
190 342 4240
200 391 4240
180 286 4240
138 169 4240
146 337 4240
38 59 4240
2 367 4240
76 141 4240
170 203 4240
9 203 4240
153 390 4240
7 90 4240
98 360 4240
161 313 4240
196 362 4240
184 316 4240
125 153 4240
179 352 4240
54 95 4240
81 382 4240
85 311 4240
96 232 4240
37 409 4240
29 374 4240
42 182 4240
85 343 4240
83 345 4240
21 348 4240
37 254 4240
117 310 4240
174 311 4240
94 415 4240
148 332 4240
109 113 4240
109 229 4240
158 236 4240
63 200 4240
149 358 4240
21 129 4240
38 364 4240
174 403 4240
136 138 4240
106 369 4240
37 292 4240
146 389 4240
43 163 4240
122 200 4240
84 282 4240
158 386 4240
29 61 4240
208 269 4240
83 315 4240
61 355 4240
34 181 4240
56 300 4240
70 84 4240
143 357 4240
146 295 4240
110 299 4240
73 390 4240
117 226 4240
179 269 4240
154 328 4240
41 273 4240
24 416 4240
121 296 4240
102 356 4240
59 164 4240
202 325 4240
188 287 4240
74 318 4240
169 373 4240
104 323 4240
190 205 4240
107 311 4240
57 281 4240
80 325 4240
119 267 4240
189 217 4240
57 77 4240
48 360 4240
15 160 4240
64 307 4240
49 193 4240
36 183 4240
135 221 4240
185 241 4240
192 279 4240
179 269 4240
25 417 4240
57 379 4240
70 344 4240
57 294 4240
10 274 4240
87 212 4240
30 86 4240
109 117 4240
132 221 4240
165 212 4240
127 208 4240
131 411 4240
100 345 4240
31 192 4240
189 348 4240
158 419 4240
118 377 4240
33 227 4240
119 293 4240
209 219 4240
54 130 4240
95 304 4240
10 418 4240
115 212 4240
63 87 4240
172 352 4240
11 169 4240
56 400 4240
69 100 4240
184 357 4240
151 365 4240
182 402 4240
47 247 4240
81 363 4240
37 85 4240
211 274 4240
55 330 4240
134 354 4240
195 412 4240
92 186 4240
208 349 4240
108 284 4240
190 270 4240
74 266 4240
101 142 4240
1 179 4240
43 277 4240
154 159 4240
24 285 4240
167 351 4240
4 36 4240
143 332 4240
23 396 4240
8 144 4240
208 255 4240
75 132 4240
57 71 4240
169 341 4240
98 147 4240
48 169 4240
197 417 4240
47 157 4240
127 187 4240
147 304 4240
55 325 4240
118 280 4240
120 162 4240
84 256 4240
206 362 4240
182 216 4240
61 102 4240
192 265 4240
143 378 4240
139 286 4240
187 313 4240
65 194 4240
7 232 4240
96 174 4240
136 395 4240
92 108 4240
193 301 4240
191 280 4240
140 182 4240
196 310 4240
107 172 4240
173 182 4240
158 223 4240
195 405 4240
76 165 4240
120 394 4240
28 241 4240
148 414 4240
115 132 4240
91 372 4240
136 205 4240
171 174 4240
128 163 4240
150 333 4240
63 401 4240
130 157 4240
191 311 4240
183 313 4240
125 215 4240
89 354 4240
69 214 4240
41 348 4240
11 83 4240
145 416 4240
24 255 4240
82 113 4240
57 314 4240
33 269 4240
163 261 4240
113 380 4240
3 109 4240
207 287 4240
94 383 4240
126 371 4240
1 102 4240
179 399 4240
72 350 4240
33 115 4240
164 271 4240
92 293 4240
31 98 4240
65 397 4240
198 271 4240
105 322 4240
200 234 4240
22 351 4240
194 372 4240
57 336 4240
190 295 4240
93 357 4240
154 232 4240
130 367 4240
93 258 4240
46 187 4240
100 172 4240
12 19 4240
61 373 4240
30 207 4240
187 303 4240
132 183 4240
77 278 4240
97 368 4240
134 164 4240
55 253 4240
34 359 4240
46 148 4240
195 219 4240
145 345 4240
51 96 4240
139 251 4240
180 337 4240
18 99 4240
65 423 4240
19 306 4240
174 291 4240
164 322 4240
155 421 4240
190 321 4240
