0 1 4280
1 2 4280
2 3 4280
3 4 4280
4 5 4280
5 6 4280
6 7 4280
7 8 4280
8 9 4280
9 10 4280
10 11 4280
11 12 4280
12 13 4280
13 14 4280
14 15 4280
15 16 4280
16 17 4280
17 18 4280
18 19 4280
19 20 4280
20 21 4280
21 22 4280
22 23 4280
23 24 4280
24 25 4280
25 26 4280
26 27 4280
27 28 4280
28 29 4280
29 30 4280
30 31 4280
31 32 4280
32 33 4280
33 34 4280
34 35 4280
35 36 4280
36 37 4280
37 38 4280
38 39 4280
39 40 4280
40 41 4280
41 42 4280
42 43 4280
43 44 4280
44 45 4280
45 46 4280
46 47 4280
47 48 4280
48 49 4280
49 50 4280
50 51 4280
51 52 4280
52 53 4280
53 54 4280
54 55 4280
55 56 4280
56 57 4280
57 58 4280
58 59 4280
59 60 4280
60 61 4280
61 62 4280
62 63 4280
63 64 4280
64 65 4280
65 66 4280
66 67 4280
67 68 4280
68 69 4280
69 70 4280
70 71 4280
71 72 4280
72 73 4280
73 74 4280
74 75 4280
75 76 4280
76 77 4280
77 78 4280
78 79 4280
79 80 4280
80 81 4280
81 82 4280
82 83 4280
83 84 4280
84 85 4280
85 86 4280
86 87 4280
87 88 4280
88 89 4280
89 90 4280
90 91 4280
91 92 4280
92 93 4280
93 94 4280
94 95 4280
95 96 4280
96 97 4280
97 98 4280
98 99 4280
99 100 4280
100 101 4280
101 102 4280
102 103 4280
103 104 4280
104 105 4280
105 106 4280
106 107 4280
107 108 4280
108 109 4280
109 110 4280
110 111 4280
111 112 4280
112 113 4280
113 114 4280
114 115 4280
115 116 4280
116 117 4280
117 118 4280
118 119 4280
119 120 4280
120 121 4280
121 122 4280
122 123 4280
123 124 4280
124 125 4280
125 126 4280
126 127 4280
127 128 4280
128 129 4280
129 130 4280
130 131 4280
131 132 4280
132 133 4280
133 134 4280
134 135 4280
135 136 4280
136 137 4280
137 138 4280
138 139 4280
139 140 4280
140 141 4280
141 142 4280
142 143 4280
143 144 4280
144 145 4280
145 146 4280
146 147 4280
147 148 4280
148 149 4280
149 150 4280
150 151 4280
151 152 4280
152 153 4280
153 154 4280
154 155 4280
155 156 4280
156 157 4280
157 158 4280
158 159 4280
159 160 4280
160 161 4280
161 162 4280
162 163 4280
163 164 4280
164 165 4280
165 166 4280
166 167 4280
167 168 4280
168 169 4280
169 170 4280
170 171 4280
171 172 4280
172 173 4280
173 174 4280
174 175 4280
175 176 4280
176 177 4280
177 178 4280
178 179 4280
179 180 4280
180 181 4280
181 182 4280
182 183 4280
183 184 4280
184 185 4280
185 186 4280
186 187 4280
187 188 4280
188 189 4280
189 190 4280
190 191 4280
191 192 4280
192 193 4280
193 194 4280
194 195 4280
195 196 4280
196 197 4280
197 198 4280
198 199 4280
199 200 4280
200 201 4280
201 202 4280
202 203 4280
203 204 4280
204 205 4280
205 206 4280
206 207 4280
207 208 4280
208 209 4280
209 210 4280
210 211 4280
211 212 4280
212 213 4280
213 214 4280
214 215 4280
215 216 4280
216 217 4280
217 218 4280
218 219 4280
219 220 4280
220 221 4280
221 222 4280
222 223 4280
223 224 4280
224 225 4280
225 226 4280
226 227 4280
227 228 4280
228 229 4280
229 230 4280
230 231 4280
231 232 4280
232 233 4280
233 234 4280
234 235 4280
235 236 4280
236 237 4280
237 238 4280
238 239 4280
239 240 4280
240 241 4280
241 242 4280
242 243 4280
243 244 4280
244 245 4280
245 246 4280
246 247 4280
247 248 4280
248 249 4280
249 250 4280
250 251 4280
251 252 4280
252 253 4280
253 254 4280
254 255 4280
255 256 4280
256 257 4280
257 258 4280
258 259 4280
259 260 4280
260 261 4280
261 262 4280
262 263 4280
263 264 4280
264 265 4280
265 266 4280
266 267 4280
267 268 4280
268 269 4280
269 270 4280
270 271 4280
271 272 4280
272 273 4280
273 274 4280
274 275 4280
275 276 4280
276 277 4280
277 278 4280
278 279 4280
279 280 4280
280 281 4280
281 282 4280
282 283 4280
283 284 4280
284 285 4280
285 286 4280
286 287 4280
287 288 4280
288 289 4280
289 290 4280
290 291 4280
291 292 4280
292 293 4280
293 294 4280
294 295 4280
295 296 4280
296 297 4280
297 298 4280
298 299 4280
299 300 4280
300 301 4280
301 302 4280
302 303 4280
303 304 4280
304 305 4280
305 306 4280
306 307 4280
307 308 4280
308 309 4280
309 310 4280
310 311 4280
311 312 4280
312 313 4280
313 314 4280
314 315 4280
315 316 4280
316 317 4280
317 318 4280
318 319 4280
319 320 4280
320 321 4280
321 322 4280
322 323 4280
323 324 4280
324 325 4280
325 326 4280
326 327 4280
327 328 4280
328 329 4280
329 330 4280
330 331 4280
331 332 4280
332 333 4280
333 334 4280
334 335 4280
335 336 4280
336 337 4280
337 338 4280
338 339 4280
339 340 4280
340 341 4280
341 342 4280
342 343 4280
343 344 4280
344 345 4280
345 346 4280
346 347 4280
347 348 4280
348 349 4280
349 350 4280
350 351 4280
351 352 4280
352 353 4280
353 354 4280
354 355 4280
355 356 4280
356 357 4280
357 358 4280
358 359 4280
359 360 4280
360 361 4280
361 362 4280
362 363 4280
363 364 4280
364 365 4280
365 366 4280
366 367 4280
367 368 4280
368 369 4280
369 370 4280
370 371 4280
371 372 4280
372 373 4280
373 374 4280
374 375 4280
375 376 4280
376 377 4280
377 378 4280
378 379 4280
379 380 4280
380 381 4280
381 382 4280
382 383 4280
383 384 4280
384 385 4280
385 386 4280
386 387 4280
387 388 4280
388 389 4280
389 390 4280
390 391 4280
391 392 4280
392 393 4280
393 394 4280
394 395 4280
395 396 4280
396 397 4280
397 398 4280
398 399 4280
399 400 4280
400 401 4280
401 402 4280
402 403 4280
403 404 4280
404 405 4280
405 406 4280
406 407 4280
407 408 4280
408 409 4280
409 410 4280
410 411 4280
411 412 4280
412 413 4280
413 414 4280
414 415 4280
415 416 4280
416 417 4280
417 418 4280
418 419 4280
419 420 4280
420 421 4280
421 422 4280
422 423 4280
423 424 4280
424 425 4280
425 426 4280
426 427 4280
60 321 4280
99 381 4280
110 291 4280
211 412 4280
77 372 4280
7 409 4280
74 244 4280
2 11 4280
22 382 4280
39 57 4280
159 396 4280
162 221 4280
17 396 4280
188 219 4280
79 362 4280
33 51 4280
100 411 4280
174 226 4280
27 223 4280
105 397 4280
138 288 4280
92 313 4280
186 318 4280
153 213 4280
98 370 4280
58 302 4280
10 234 4280
7 277 4280
155 214 4280
8 267 4280
15 312 4280
139 176 4280
101 426 4280
13 72 4280
21 255 4280
195 277 4280
157 316 4280
135 408 4280
110 141 4280
108 207 4280
37 383 4280
202 422 4280
148 410 4280
198 385 4280
57 353 4280
101 108 4280
144 293 4280
88 238 4280
151 403 4280
64 198 4280
155 424 4280
98 411 4280
162 249 4280
139 183 4280
203 283 4280
170 264 4280
164 202 4280
173 369 4280
209 232 4280
52 182 4280
55 113 4280
53 288 4280
91 196 4280
6 241 4280
130 310 4280
174 364 4280
185 246 4280
45 283 4280
30 249 4280
188 218 4280
183 194 4280
125 222 4280
136 220 4280
205 387 4280
178 369 4280
85 390 4280
44 83 4280
60 229 4280
201 418 4280
32 219 4280
160 378 4280
159 402 4280
141 311 4280
187 373 4280
196 219 4280
99 230 4280
162 356 4280
166 395 4280
80 298 4280
210 240 4280
167 195 4280
104 195 4280
69 276 4280
121 274 4280
88 247 4280
52 75 4280
198 393 4280
10 326 4280
42 70 4280
133 419 4280
203 257 4280
10 348 4280
6 384 4280
33 410 4280
195 420 4280
184 216 4280
159 172 4280
212 235 4280
78 124 4280
175 359 4280
28 208 4280
0 372 4280
94 230 4280
167 348 4280
151 287 4280
114 250 4280
125 245 4280
130 368 4280
176 325 4280
40 416 4280
81 410 4280
206 335 4280
158 338 4280
193 263 4280
48 195 4280
50 216 4280
205 230 4280
19 95 4280
24 231 4280
25 326 4280
80 308 4280
197 360 4280
203 427 4280
45 57 4280
57 283 4280
59 362 4280
69 256 4280
86 283 4280
47 253 4280
146 364 4280
122 415 4280
202 354 4280
160 365 4280
183 196 4280
138 426 4280
122 254 4280
12 246 4280
90 167 4280
171 179 4280
2 220 4280
91 239 4280
36 148 4280
202 343 4280
164 266 4280
55 373 4280
26 146 4280
131 351 4280
43 411 4280
9 227 4280
17 23 4280
146 384 4280
52 331 4280
204 263 4280
97 136 4280
10 80 4280
19 177 4280
208 412 4280
18 95 4280
182 361 4280
61 394 4280
160 386 4280
200 361 4280
51 300 4280
121 235 4280
145 197 4280
185 411 4280
183 219 4280
160 192 4280
90 320 4280
180 323 4280
174 373 4280
69 113 4280
118 226 4280
28 306 4280
194 346 4280
167 320 4280
70 139 4280
143 403 4280
0 324 4280
198 359 4280
27 176 4280
1 423 4280
105 331 4280
52 401 4280
190 338 4280
179 350 4280
127 308 4280
201 312 4280
183 359 4280
121 314 4280
108 420 4280
91 365 4280
98 282 4280
204 235 4280
10 228 4280
107 135 4280
161 204 4280
121 421 4280
154 216 4280
97 347 4280
85 230 4280
3 383 4280
49 359 4280
187 296 4280
37 63 4280
10 158 4280
206 247 4280
196 212 4280
45 47 4280
144 307 4280
25 181 4280
80 100 4280
183 336 4280
135 159 4280
165 397 4280
123 193 4280
18 349 4280
108 283 4280
38 137 4280
69 347 4280
168 256 4280
4 171 4280
131 150 4280
104 385 4280
45 145 4280
154 184 4280
31 296 4280
104 361 4280
120 127 4280
13 75 4280
97 223 4280
56 182 4280
1 51 4280
16 347 4280
22 408 4280
65 423 4280
34 173 4280
106 166 4280
108 145 4280
80 213 4280
214 255 4280
121 215 4280
6 252 4280
132 383 4280
200 272 4280
171 197 4280
184 270 4280
162 372 4280
23 123 4280
162 257 4280
213 427 4280
201 224 4280
200 330 4280
151 165 4280
12 67 4280
86 396 4280
34 368 4280
203 406 4280
119 223 4280
102 367 4280
4 245 4280
197 259 4280
196 392 4280
119 179 4280
37 91 4280
20 283 4280
210 345 4280
20 235 4280
120 417 4280
133 358 4280
66 109 4280
191 321 4280
44 417 4280
95 289 4280
75 128 4280
200 383 4280
87 399 4280
97 273 4280
26 336 4280
150 355 4280
135 340 4280
62 381 4280
76 404 4280
134 222 4280
176 315 4280
171 386 4280
176 293 4280
201 364 4280
175 292 4280
15 95 4280
77 125 4280
27 195 4280
33 331 4280
72 329 4280
91 131 4280
47 403 4280
159 172 4280
176 279 4280
123 281 4280
0 317 4280
138 354 4280
170 182 4280
8 353 4280
200 241 4280
98 421 4280
79 190 4280
78 217 4280
27 234 4280
100 419 4280
24 192 4280
170 228 4280
62 267 4280
173 419 4280
85 234 4280
86 144 4280
72 169 4280
117 173 4280
65 237 4280
79 283 4280
160 195 4280
62 118 4280
142 201 4280
183 237 4280
72 177 4280
173 178 4280
121 397 4280
149 374 4280
116 118 4280
89 106 4280
165 377 4280
76 335 4280
196 294 4280
75 258 4280
159 355 4280
144 233 4280
35 86 4280
170 231 4280
207 243 4280
66 105 4280
193 219 4280
126 392 4280
171 250 4280
1 357 4280
135 205 4280
161 414 4280
142 164 4280
118 216 4280
82 121 4280
19 419 4280
204 248 4280
19 139 4280
92 345 4280
119 191 4280
196 374 4280
119 242 4280
11 402 4280
27 111 4280
201 275 4280
17 64 4280
76 242 4280
211 369 4280
183 292 4280
179 364 4280
67 158 4280
189 255 4280
35 304 4280
110 294 4280
100 234 4280
62 328 4280
159 253 4280
197 220 4280
17 81 4280
143 397 4280
26 65 4280
181 322 4280
168 389 4280
33 105 4280
176 336 4280
191 400 4280
183 281 4280
152 269 4280
37 210 4280
23 297 4280
206 209 4280
88 283 4280
30 267 4280
97 226 4280
108 210 4280
99 136 4280
135 292 4280
68 178 4280
213 381 4280
40 379 4280
58 381 4280
199 294 4280
10 268 4280
106 380 4280
68 109 4280
0 350 4280
61 311 4280
209 322 4280
135 422 4280
200 203 4280
138 426 4280
130 399 4280
21 282 4280
34 361 4280
31 305 4280
104 147 4280
60 409 4280
157 235 4280
124 326 4280
37 415 4280
111 147 4280
211 304 4280
182 292 4280
