0 1 4320
1 2 4320
2 3 4320
3 4 4320
4 5 4320
5 6 4320
6 7 4320
7 8 4320
8 9 4320
9 10 4320
10 11 4320
11 12 4320
12 13 4320
13 14 4320
14 15 4320
15 16 4320
16 17 4320
17 18 4320
18 19 4320
19 20 4320
20 21 4320
21 22 4320
22 23 4320
23 24 4320
24 25 4320
25 26 4320
26 27 4320
27 28 4320
28 29 4320
29 30 4320
30 31 4320
31 32 4320
32 33 4320
33 34 4320
34 35 4320
35 36 4320
36 37 4320
37 38 4320
38 39 4320
39 40 4320
40 41 4320
41 42 4320
42 43 4320
43 44 4320
44 45 4320
45 46 4320
46 47 4320
47 48 4320
48 49 4320
49 50 4320
50 51 4320
51 52 4320
52 53 4320
53 54 4320
54 55 4320
55 56 4320
56 57 4320
57 58 4320
58 59 4320
59 60 4320
60 61 4320
61 62 4320
62 63 4320
63 64 4320
64 65 4320
65 66 4320
66 67 4320
67 68 4320
68 69 4320
69 70 4320
70 71 4320
71 72 4320
72 73 4320
73 74 4320
74 75 4320
75 76 4320
76 77 4320
77 78 4320
78 79 4320
79 80 4320
80 81 4320
81 82 4320
82 83 4320
83 84 4320
84 85 4320
85 86 4320
86 87 4320
87 88 4320
88 89 4320
89 90 4320
90 91 4320
91 92 4320
92 93 4320
93 94 4320
94 95 4320
95 96 4320
96 97 4320
97 98 4320
98 99 4320
99 100 4320
100 101 4320
101 102 4320
102 103 4320
103 104 4320
104 105 4320
105 106 4320
106 107 4320
107 108 4320
108 109 4320
109 110 4320
110 111 4320
111 112 4320
112 113 4320
113 114 4320
114 115 4320
115 116 4320
116 117 4320
117 118 4320
118 119 4320
119 120 4320
120 121 4320
121 122 4320
122 123 4320
123 124 4320
124 125 4320
125 126 4320
126 127 4320
127 128 4320
128 129 4320
129 130 4320
130 131 4320
131 132 4320
132 133 4320
133 134 4320
134 135 4320
135 136 4320
136 137 4320
137 138 4320
138 139 4320
139 140 4320
140 141 4320
141 142 4320
142 143 4320
143 144 4320
144 145 4320
145 146 4320
146 147 4320
147 148 4320
148 149 4320
149 150 4320
150 151 4320
151 152 4320
152 153 4320
153 154 4320
154 155 4320
155 156 4320
156 157 4320
157 158 4320
158 159 4320
159 160 4320
160 161 4320
161 162 4320
162 163 4320
163 164 4320
164 165 4320
165 166 4320
166 167 4320
167 168 4320
168 169 4320
169 170 4320
170 171 4320
171 172 4320
172 173 4320
173 174 4320
174 175 4320
175 176 4320
176 177 4320
177 178 4320
178 179 4320
179 180 4320
180 181 4320
181 182 4320
182 183 4320
183 184 4320
184 185 4320
185 186 4320
186 187 4320
187 188 4320
188 189 4320
189 190 4320
190 191 4320
191 192 4320
192 193 4320
193 194 4320
194 195 4320
195 196 4320
196 197 4320
197 198 4320
198 199 4320
199 200 4320
200 201 4320
201 202 4320
202 203 4320
203 204 4320
204 205 4320
205 206 4320
206 207 4320
207 208 4320
208 209 4320
209 210 4320
210 211 4320
211 212 4320
212 213 4320
213 214 4320
214 215 4320
215 216 4320
216 217 4320
217 218 4320
218 219 4320
219 220 4320
220 221 4320
221 222 4320
222 223 4320
223 224 4320
224 225 4320
225 226 4320
226 227 4320
227 228 4320
228 229 4320
229 230 4320
230 231 4320
231 232 4320
232 233 4320
233 234 4320
234 235 4320
235 236 4320
236 237 4320
237 238 4320
238 239 4320
239 240 4320
240 241 4320
241 242 4320
242 243 4320
243 244 4320
244 245 4320
245 246 4320
246 247 4320
247 248 4320
248 249 4320
249 250 4320
250 251 4320
251 252 4320
252 253 4320
253 254 4320
254 255 4320
255 256 4320
256 257 4320
257 258 4320
258 259 4320
259 260 4320
260 261 4320
261 262 4320
262 263 4320
263 264 4320
264 265 4320
265 266 4320
266 267 4320
267 268 4320
268 269 4320
269 270 4320
270 271 4320
271 272 4320
272 273 4320
273 274 4320
274 275 4320
275 276 4320
276 277 4320
277 278 4320
278 279 4320
279 280 4320
280 281 4320
281 282 4320
282 283 4320
283 284 4320
284 285 4320
285 286 4320
286 287 4320
287 288 4320
288 289 4320
289 290 4320
290 291 4320
291 292 4320
292 293 4320
293 294 4320
294 295 4320
295 296 4320
296 297 4320
297 298 4320
298 299 4320
299 300 4320
300 301 4320
301 302 4320
302 303 4320
303 304 4320
304 305 4320
305 306 4320
306 307 4320
307 308 4320
308 309 4320
309 310 4320
310 311 4320
311 312 4320
312 313 4320
313 314 4320
314 315 4320
315 316 4320
316 317 4320
317 318 4320
318 319 4320
319 320 4320
320 321 4320
321 322 4320
322 323 4320
323 324 4320
324 325 4320
325 326 4320
326 327 4320
327 328 4320
328 329 4320
329 330 4320
330 331 4320
331 332 4320
332 333 4320
333 334 4320
334 335 4320
335 336 4320
336 337 4320
337 338 4320
338 339 4320
339 340 4320
340 341 4320
341 342 4320
342 343 4320
343 344 4320
344 345 4320
345 346 4320
346 347 4320
347 348 4320
348 349 4320
349 350 4320
350 351 4320
351 352 4320
352 353 4320
353 354 4320
354 355 4320
355 356 4320
356 357 4320
357 358 4320
358 359 4320
359 360 4320
360 361 4320
361 362 4320
362 363 4320
363 364 4320
364 365 4320
365 366 4320
366 367 4320
367 368 4320
368 369 4320
369 370 4320
370 371 4320
371 372 4320
372 373 4320
373 374 4320
374 375 4320
375 376 4320
376 377 4320
377 378 4320
378 379 4320
379 380 4320
380 381 4320
381 382 4320
382 383 4320
383 384 4320
384 385 4320
385 386 4320
386 387 4320
387 388 4320
388 389 4320
389 390 4320
390 391 4320
391 392 4320
392 393 4320
393 394 4320
394 395 4320
395 396 4320
396 397 4320
397 398 4320
398 399 4320
399 400 4320
400 401 4320
401 402 4320
402 403 4320
403 404 4320
404 405 4320
405 406 4320
406 407 4320
407 408 4320
408 409 4320
409 410 4320
410 411 4320
411 412 4320
412 413 4320
413 414 4320
414 415 4320
415 416 4320
416 417 4320
417 418 4320
418 419 4320
419 420 4320
420 421 4320
421 422 4320
422 423 4320
423 424 4320
424 425 4320
425 426 4320
426 427 4320
427 428 4320
428 429 4320
429 430 4320
430 431 4320
31 129 4320
68 166 4320
134 324 4320
119 133 4320
98 102 4320
73 360 4320
25 114 4320
89 246 4320
195 305 4320
64 91 4320
107 178 4320
51 311 4320
81 354 4320
212 401 4320
209 421 4320
104 149 4320
183 323 4320
128 304 4320
139 262 4320
176 386 4320
192 321 4320
3 241 4320
64 216 4320
66 328 4320
33 353 4320
115 225 4320
7 62 4320
158 237 4320
199 421 4320
156 228 4320
122 273 4320
9 354 4320
4 203 4320
111 425 4320
107 225 4320
42 225 4320
95 234 4320
174 361 4320
136 245 4320
200 372 4320
157 192 4320
158 256 4320
1 387 4320
117 421 4320
164 387 4320
178 420 4320
202 206 4320
169 363 4320
66 370 4320
66 279 4320
15 199 4320
204 247 4320
43 413 4320
32 351 4320
129 338 4320
61 415 4320
23 306 4320
87 317 4320
191 258 4320
189 294 4320
104 179 4320
110 386 4320
12 100 4320
43 416 4320
64 198 4320
190 341 4320
49 399 4320
31 269 4320
139 321 4320
34 141 4320
14 237 4320
30 147 4320
66 165 4320
43 250 4320
83 284 4320
133 339 4320
123 269 4320
0 95 4320
20 425 4320
40 105 4320
160 354 4320
127 388 4320
69 160 4320
51 343 4320
10 48 4320
3 259 4320
35 82 4320
189 319 4320
154 390 4320
62 384 4320
30 122 4320
13 48 4320
21 146 4320
103 239 4320
176 182 4320
27 180 4320
155 197 4320
112 386 4320
10 314 4320
53 249 4320
139 171 4320
182 240 4320
2 95 4320
199 372 4320
29 352 4320
195 202 4320
160 423 4320
89 171 4320
68 106 4320
196 378 4320
140 326 4320
63 117 4320
5 148 4320
76 405 4320
36 127 4320
140 340 4320
110 172 4320
130 302 4320
207 382 4320
121 337 4320
33 230 4320
30 181 4320
199 359 4320
63 399 4320
181 358 4320
52 97 4320
193 218 4320
165 333 4320
173 263 4320
161 280 4320
40 328 4320
25 396 4320
27 133 4320
117 119 4320
203 409 4320
91 183 4320
101 314 4320
200 316 4320
175 182 4320
107 325 4320
127 389 4320
101 377 4320
17 44 4320
124 376 4320
85 289 4320
44 251 4320
164 182 4320
134 381 4320
186 309 4320
117 306 4320
97 131 4320
57 268 4320
35 411 4320
120 130 4320
110 136 4320
1 165 4320
144 368 4320
116 133 4320
1 404 4320
112 150 4320
56 370 4320
100 320 4320
114 353 4320
114 377 4320
71 333 4320
102 147 4320
199 388 4320
14 131 4320
134 251 4320
162 400 4320
59 267 4320
207 424 4320
100 156 4320
49 212 4320
122 341 4320
175 312 4320
215 415 4320
189 250 4320
181 246 4320
104 175 4320
197 215 4320
12 353 4320
72 235 4320
190 246 4320
100 175 4320
183 220 4320
137 302 4320
104 274 4320
153 349 4320
54 75 4320
16 289 4320
202 414 4320
190 251 4320
15 352 4320
130 159 4320
11 36 4320
71 79 4320
59 312 4320
139 288 4320
110 260 4320
9 406 4320
109 125 4320
42 419 4320
1 116 4320
145 214 4320
173 362 4320
85 412 4320
7 190 4320
63 91 4320
29 160 4320
205 303 4320
185 359 4320
134 319 4320
84 182 4320
106 207 4320
38 274 4320
82 217 4320
186 360 4320
24 121 4320
158 377 4320
4 266 4320
147 175 4320
154 304 4320
82 329 4320
32 372 4320
131 198 4320
176 401 4320
130 163 4320
97 281 4320
192 291 4320
45 216 4320
202 340 4320
212 281 4320
119 290 4320
142 187 4320
153 420 4320
53 332 4320
104 380 4320
16 429 4320
32 88 4320
193 263 4320
153 277 4320
177 318 4320
197 337 4320
162 269 4320
71 378 4320
55 300 4320
146 401 4320
3 348 4320
134 239 4320
196 270 4320
111 288 4320
92 132 4320
108 353 4320
133 352 4320
159 357 4320
128 422 4320
21 200 4320
155 302 4320
89 361 4320
197 398 4320
198 218 4320
83 330 4320
116 394 4320
91 223 4320
108 251 4320
143 175 4320
142 215 4320
70 92 4320
145 367 4320
55 130 4320
72 328 4320
49 195 4320
92 382 4320
178 386 4320
185 327 4320
95 199 4320
44 405 4320
10 119 4320
16 364 4320
82 101 4320
169 208 4320
174 247 4320
72 142 4320
133 247 4320
194 428 4320
94 124 4320
5 10 4320
211 383 4320
182 209 4320
195 311 4320
90 106 4320
116 304 4320
166 351 4320
118 399 4320
22 312 4320
123 271 4320
104 295 4320
187 244 4320
134 296 4320
1 285 4320
196 387 4320
40 114 4320
90 127 4320
3 231 4320
112 297 4320
66 386 4320
120 133 4320
138 237 4320
133 171 4320
134 189 4320
8 163 4320
151 221 4320
41 419 4320
156 304 4320
44 371 4320
46 399 4320
112 224 4320
111 359 4320
147 378 4320
92 178 4320
84 370 4320
188 285 4320
202 328 4320
179 232 4320
103 302 4320
151 210 4320
101 319 4320
141 254 4320
121 379 4320
145 243 4320
177 184 4320
40 102 4320
67 113 4320
32 127 4320
70 236 4320
25 399 4320
87 234 4320
27 400 4320
14 331 4320
129 198 4320
89 144 4320
43 56 4320
205 304 4320
148 369 4320
5 385 4320
114 302 4320
210 238 4320
134 420 4320
208 213 4320
23 407 4320
149 194 4320
70 216 4320
29 226 4320
131 222 4320
122 387 4320
89 335 4320
37 91 4320
159 367 4320
15 381 4320
81 407 4320
73 86 4320
168 359 4320
38 148 4320
63 369 4320
134 416 4320
177 208 4320
79 364 4320
204 300 4320
180 359 4320
95 369 4320
135 141 4320
192 325 4320
51 340 4320
196 255 4320
105 337 4320
21 167 4320
187 301 4320
201 231 4320
210 333 4320
23 141 4320
195 200 4320
205 269 4320
174 347 4320
104 196 4320
23 255 4320
91 334 4320
11 183 4320
137 223 4320
170 360 4320
129 182 4320
102 330 4320
102 242 4320
86 324 4320
56 157 4320
184 351 4320
14 44 4320
24 243 4320
2 214 4320
139 217 4320
89 219 4320
142 383 4320
5 73 4320
141 165 4320
59 288 4320
49 103 4320
129 332 4320
138 220 4320
71 266 4320
61 103 4320
186 365 4320
163 384 4320
210 246 4320
186 217 4320
195 378 4320
194 329 4320
196 269 4320
180 326 4320
36 307 4320
123 208 4320
51 248 4320
26 300 4320
9 271 4320
36 333 4320
185 309 4320
117 247 4320
177 367 4320
