0 1 4360
1 2 4360
2 3 4360
3 4 4360
4 5 4360
5 6 4360
6 7 4360
7 8 4360
8 9 4360
9 10 4360
10 11 4360
11 12 4360
12 13 4360
13 14 4360
14 15 4360
15 16 4360
16 17 4360
17 18 4360
18 19 4360
19 20 4360
20 21 4360
21 22 4360
22 23 4360
23 24 4360
24 25 4360
25 26 4360
26 27 4360
27 28 4360
28 29 4360
29 30 4360
30 31 4360
31 32 4360
32 33 4360
33 34 4360
34 35 4360
35 36 4360
36 37 4360
37 38 4360
38 39 4360
39 40 4360
40 41 4360
41 42 4360
42 43 4360
43 44 4360
44 45 4360
45 46 4360
46 47 4360
47 48 4360
48 49 4360
49 50 4360
50 51 4360
51 52 4360
52 53 4360
53 54 4360
54 55 4360
55 56 4360
56 57 4360
57 58 4360
58 59 4360
59 60 4360
60 61 4360
61 62 4360
62 63 4360
63 64 4360
64 65 4360
65 66 4360
66 67 4360
67 68 4360
68 69 4360
69 70 4360
70 71 4360
71 72 4360
72 73 4360
73 74 4360
74 75 4360
75 76 4360
76 77 4360
77 78 4360
78 79 4360
79 80 4360
80 81 4360
81 82 4360
82 83 4360
83 84 4360
84 85 4360
85 86 4360
86 87 4360
87 88 4360
88 89 4360
89 90 4360
90 91 4360
91 92 4360
92 93 4360
93 94 4360
94 95 4360
95 96 4360
96 97 4360
97 98 4360
98 99 4360
99 100 4360
100 101 4360
101 102 4360
102 103 4360
103 104 4360
104 105 4360
105 106 4360
106 107 4360
107 108 4360
108 109 4360
109 110 4360
110 111 4360
111 112 4360
112 113 4360
113 114 4360
114 115 4360
115 116 4360
116 117 4360
117 118 4360
118 119 4360
119 120 4360
120 121 4360
121 122 4360
122 123 4360
123 124 4360
124 125 4360
125 126 4360
126 127 4360
127 128 4360
128 129 4360
129 130 4360
130 131 4360
131 132 4360
132 133 4360
133 134 4360
134 135 4360
135 136 4360
136 137 4360
137 138 4360
138 139 4360
139 140 4360
140 141 4360
141 142 4360
142 143 4360
143 144 4360
144 145 4360
145 146 4360
146 147 4360
147 148 4360
148 149 4360
149 150 4360
150 151 4360
151 152 4360
152 153 4360
153 154 4360
154 155 4360
155 156 4360
156 157 4360
157 158 4360
158 159 4360
159 160 4360
160 161 4360
161 162 4360
162 163 4360
163 164 4360
164 165 4360
165 166 4360
166 167 4360
167 168 4360
168 169 4360
169 170 4360
170 171 4360
171 172 4360
172 173 4360
173 174 4360
174 175 4360
175 176 4360
176 177 4360
177 178 4360
178 179 4360
179 180 4360
180 181 4360
181 182 4360
182 183 4360
183 184 4360
184 185 4360
185 186 4360
186 187 4360
187 188 4360
188 189 4360
189 190 4360
190 191 4360
191 192 4360
192 193 4360
193 194 4360
194 195 4360
195 196 4360
196 197 4360
197 198 4360
198 199 4360
199 200 4360
200 201 4360
201 202 4360
202 203 4360
203 204 4360
204 205 4360
205 206 4360
206 207 4360
207 208 4360
208 209 4360
209 210 4360
210 211 4360
211 212 4360
212 213 4360
213 214 4360
214 215 4360
215 216 4360
216 217 4360
217 218 4360
218 219 4360
219 220 4360
220 221 4360
221 222 4360
222 223 4360
223 224 4360
224 225 4360
225 226 4360
226 227 4360
227 228 4360
228 229 4360
229 230 4360
230 231 4360
231 232 4360
232 233 4360
233 234 4360
234 235 4360
235 236 4360
236 237 4360
237 238 4360
238 239 4360
239 240 4360
240 241 4360
241 242 4360
242 243 4360
243 244 4360
244 245 4360
245 246 4360
246 247 4360
247 248 4360
248 249 4360
249 250 4360
250 251 4360
251 252 4360
252 253 4360
253 254 4360
254 255 4360
255 256 4360
256 257 4360
257 258 4360
258 259 4360
259 260 4360
260 261 4360
261 262 4360
262 263 4360
263 264 4360
264 265 4360
265 266 4360
266 267 4360
267 268 4360
268 269 4360
269 270 4360
270 271 4360
271 272 4360
272 273 4360
273 274 4360
274 275 4360
275 276 4360
276 277 4360
277 278 4360
278 279 4360
279 280 4360
280 281 4360
281 282 4360
282 283 4360
283 284 4360
284 285 4360
285 286 4360
286 287 4360
287 288 4360
288 289 4360
289 290 4360
290 291 4360
291 292 4360
292 293 4360
293 294 4360
294 295 4360
295 296 4360
296 297 4360
297 298 4360
298 299 4360
299 300 4360
300 301 4360
301 302 4360
302 303 4360
303 304 4360
304 305 4360
305 306 4360
306 307 4360
307 308 4360
308 309 4360
309 310 4360
310 311 4360
311 312 4360
312 313 4360
313 314 4360
314 315 4360
315 316 4360
316 317 4360
317 318 4360
318 319 4360
319 320 4360
320 321 4360
321 322 4360
322 323 4360
323 324 4360
324 325 4360
325 326 4360
326 327 4360
327 328 4360
328 329 4360
329 330 4360
330 331 4360
331 332 4360
332 333 4360
333 334 4360
334 335 4360
335 336 4360
336 337 4360
337 338 4360
338 339 4360
339 340 4360
340 341 4360
341 342 4360
342 343 4360
343 344 4360
344 345 4360
345 346 4360
346 347 4360
347 348 4360
348 349 4360
349 350 4360
350 351 4360
351 352 4360
352 353 4360
353 354 4360
354 355 4360
355 356 4360
356 357 4360
357 358 4360
358 359 4360
359 360 4360
360 361 4360
361 362 4360
362 363 4360
363 364 4360
364 365 4360
365 366 4360
366 367 4360
367 368 4360
368 369 4360
369 370 4360
370 371 4360
371 372 4360
372 373 4360
373 374 4360
374 375 4360
375 376 4360
376 377 4360
377 378 4360
378 379 4360
379 380 4360
380 381 4360
381 382 4360
382 383 4360
383 384 4360
384 385 4360
385 386 4360
386 387 4360
387 388 4360
388 389 4360
389 390 4360
390 391 4360
391 392 4360
392 393 4360
393 394 4360
394 395 4360
395 396 4360
396 397 4360
397 398 4360
398 399 4360
399 400 4360
400 401 4360
401 402 4360
402 403 4360
403 404 4360
404 405 4360
405 406 4360
406 407 4360
407 408 4360
408 409 4360
409 410 4360
410 411 4360
411 412 4360
412 413 4360
413 414 4360
414 415 4360
415 416 4360
416 417 4360
417 418 4360
418 419 4360
419 420 4360
420 421 4360
421 422 4360
422 423 4360
423 424 4360
424 425 4360
425 426 4360
426 427 4360
427 428 4360
428 429 4360
429 430 4360
430 431 4360
431 432 4360
432 433 4360
433 434 4360
434 435 4360
25 68 4360
185 207 4360
132 391 4360
86 210 4360
126 171 4360
130 405 4360
31 359 4360
24 134 4360
69 239 4360
196 430 4360
46 257 4360
209 382 4360
195 255 4360
24 289 4360
127 381 4360
17 402 4360
11 298 4360
87 291 4360
12 304 4360
208 307 4360
7 180 4360
186 368 4360
0 374 4360
7 258 4360
188 283 4360
5 29 4360
48 176 4360
93 159 4360
146 267 4360
189 320 4360
189 392 4360
48 62 4360
112 122 4360
136 355 4360
29 324 4360
131 352 4360
107 292 4360
57 142 4360
98 252 4360
51 355 4360
74 382 4360
127 149 4360
107 119 4360
31 103 4360
172 177 4360
150 435 4360
76 122 4360
14 160 4360
143 155 4360
10 250 4360
191 241 4360
156 309 4360
196 219 4360
44 399 4360
165 167 4360
136 378 4360
165 203 4360
130 159 4360
184 278 4360
42 171 4360
71 311 4360
64 238 4360
135 345 4360
36 410 4360
40 71 4360
13 311 4360
110 137 4360
163 228 4360
84 218 4360
98 350 4360
64 204 4360
40 163 4360
107 110 4360
182 288 4360
43 268 4360
75 375 4360
88 123 4360
83 371 4360
204 207 4360
26 346 4360
187 255 4360
126 181 4360
51 344 4360
185 348 4360
78 251 4360
74 244 4360
204 306 4360
140 351 4360
19 353 4360
0 244 4360
178 203 4360
204 213 4360
97 408 4360
156 434 4360
214 326 4360
101 328 4360
59 430 4360
189 340 4360
146 178 4360
23 92 4360
186 406 4360
158 201 4360
53 178 4360
89 176 4360
23 86 4360
193 396 4360
22 114 4360
43 178 4360
197 379 4360
136 416 4360
132 149 4360
20 183 4360
93 390 4360
57 119 4360
147 324 4360
55 88 4360
62 237 4360
164 311 4360
33 247 4360
181 337 4360
205 356 4360
45 155 4360
154 342 4360
57 377 4360
182 289 4360
94 98 4360
14 339 4360
53 137 4360
25 100 4360
16 354 4360
86 325 4360
41 388 4360
29 374 4360
101 369 4360
27 389 4360
16 418 4360
199 265 4360
3 106 4360
56 159 4360
162 176 4360
197 406 4360
86 321 4360
104 251 4360
175 428 4360
99 180 4360
148 296 4360
60 244 4360
153 228 4360
205 380 4360
213 343 4360
192 394 4360
117 347 4360
27 356 4360
105 222 4360
186 407 4360
99 165 4360
113 152 4360
4 433 4360
22 284 4360
1 301 4360
195 429 4360
31 153 4360
34 139 4360
192 382 4360
140 379 4360
32 208 4360
41 403 4360
74 270 4360
81 292 4360
190 355 4360
8 121 4360
78 255 4360
65 213 4360
36 309 4360
125 144 4360
124 245 4360
137 150 4360
55 106 4360
188 400 4360
174 434 4360
108 155 4360
125 169 4360
114 258 4360
129 317 4360
19 397 4360
195 316 4360
40 432 4360
11 435 4360
201 365 4360
151 432 4360
15 153 4360
120 223 4360
151 289 4360
201 325 4360
142 406 4360
101 168 4360
49 77 4360
116 175 4360
204 217 4360
5 384 4360
125 388 4360
108 335 4360
215 260 4360
209 300 4360
169 183 4360
174 319 4360
46 170 4360
135 383 4360
200 242 4360
53 78 4360
15 110 4360
49 158 4360
140 374 4360
135 296 4360
145 348 4360
76 110 4360
176 324 4360
111 310 4360
67 190 4360
182 366 4360
34 248 4360
124 280 4360
211 222 4360
71 301 4360
29 117 4360
33 385 4360
20 156 4360
153 316 4360
78 390 4360
89 136 4360
215 406 4360
1 328 4360
147 188 4360
69 182 4360
71 331 4360
15 175 4360
70 180 4360
147 150 4360
42 124 4360
210 266 4360
178 192 4360
137 353 4360
77 292 4360
112 284 4360
207 221 4360
39 331 4360
218 419 4360
51 419 4360
104 168 4360
42 319 4360
33 186 4360
113 386 4360
27 373 4360
177 264 4360
38 163 4360
28 416 4360
47 241 4360
131 359 4360
150 321 4360
6 315 4360
56 176 4360
140 296 4360
217 326 4360
154 206 4360
156 288 4360
3 157 4360
12 153 4360
183 208 4360
102 263 4360
216 266 4360
49 403 4360
122 222 4360
125 235 4360
120 129 4360
66 392 4360
13 264 4360
7 173 4360
127 340 4360
144 418 4360
139 277 4360
56 350 4360
35 386 4360
10 256 4360
15 141 4360
70 167 4360
36 249 4360
81 408 4360
5 301 4360
200 353 4360
80 207 4360
99 136 4360
210 327 4360
63 269 4360
5 245 4360
24 124 4360
60 325 4360
132 175 4360
215 362 4360
204 333 4360
63 213 4360
50 183 4360
159 256 4360
57 364 4360
161 426 4360
211 432 4360
191 342 4360
143 193 4360
203 397 4360
141 339 4360
180 275 4360
183 193 4360
131 325 4360
6 355 4360
12 122 4360
26 56 4360
99 362 4360
45 298 4360
58 197 4360
97 101 4360
60 103 4360
67 332 4360
91 434 4360
191 344 4360
78 239 4360
0 278 4360
63 374 4360
190 278 4360
26 220 4360
169 343 4360
108 400 4360
108 208 4360
47 170 4360
177 435 4360
121 286 4360
145 164 4360
194 430 4360
62 396 4360
59 210 4360
189 251 4360
149 222 4360
137 310 4360
88 403 4360
132 318 4360
217 226 4360
186 194 4360
98 153 4360
137 174 4360
98 383 4360
214 256 4360
118 296 4360
52 242 4360
87 97 4360
186 203 4360
115 146 4360
2 418 4360
187 376 4360
210 342 4360
217 297 4360
141 299 4360
112 329 4360
30 187 4360
189 270 4360
44 299 4360
105 403 4360
140 244 4360
192 374 4360
217 295 4360
206 257 4360
205 420 4360
117 326 4360
109 219 4360
148 400 4360
113 148 4360
201 278 4360
66 324 4360
75 244 4360
176 313 4360
125 140 4360
148 232 4360
215 251 4360
212 257 4360
130 420 4360
217 394 4360
40 48 4360
53 295 4360
128 192 4360
29 283 4360
89 309 4360
188 405 4360
179 333 4360
111 325 4360
99 274 4360
90 405 4360
12 128 4360
96 245 4360
127 177 4360
171 329 4360
152 303 4360
102 394 4360
92 320 4360
23 165 4360
59 339 4360
190 226 4360
136 416 4360
151 186 4360
169 202 4360
37 379 4360
124 226 4360
196 268 4360
92 103 4360
63 92 4360
195 314 4360
86 307 4360
24 322 4360
97 377 4360
175 253 4360
169 307 4360
97 349 4360
70 293 4360
96 353 4360
49 208 4360
56 175 4360
118 170 4360
134 240 4360
85 182 4360
54 388 4360
46 71 4360
192 269 4360
122 353 4360
208 429 4360
199 356 4360
123 192 4360
209 368 4360
120 371 4360
