0 1 4400
1 2 4400
2 3 4400
3 4 4400
4 5 4400
5 6 4400
6 7 4400
7 8 4400
8 9 4400
9 10 4400
10 11 4400
11 12 4400
12 13 4400
13 14 4400
14 15 4400
15 16 4400
16 17 4400
17 18 4400
18 19 4400
19 20 4400
20 21 4400
21 22 4400
22 23 4400
23 24 4400
24 25 4400
25 26 4400
26 27 4400
27 28 4400
28 29 4400
29 30 4400
30 31 4400
31 32 4400
32 33 4400
33 34 4400
34 35 4400
35 36 4400
36 37 4400
37 38 4400
38 39 4400
39 40 4400
40 41 4400
41 42 4400
42 43 4400
43 44 4400
44 45 4400
45 46 4400
46 47 4400
47 48 4400
48 49 4400
49 50 4400
50 51 4400
51 52 4400
52 53 4400
53 54 4400
54 55 4400
55 56 4400
56 57 4400
57 58 4400
58 59 4400
59 60 4400
60 61 4400
61 62 4400
62 63 4400
63 64 4400
64 65 4400
65 66 4400
66 67 4400
67 68 4400
68 69 4400
69 70 4400
70 71 4400
71 72 4400
72 73 4400
73 74 4400
74 75 4400
75 76 4400
76 77 4400
77 78 4400
78 79 4400
79 80 4400
80 81 4400
81 82 4400
82 83 4400
83 84 4400
84 85 4400
85 86 4400
86 87 4400
87 88 4400
88 89 4400
89 90 4400
90 91 4400
91 92 4400
92 93 4400
93 94 4400
94 95 4400
95 96 4400
96 97 4400
97 98 4400
98 99 4400
99 100 4400
100 101 4400
101 102 4400
102 103 4400
103 104 4400
104 105 4400
105 106 4400
106 107 4400
107 108 4400
108 109 4400
109 110 4400
110 111 4400
111 112 4400
112 113 4400
113 114 4400
114 115 4400
115 116 4400
116 117 4400
117 118 4400
118 119 4400
119 120 4400
120 121 4400
121 122 4400
122 123 4400
123 124 4400
124 125 4400
125 126 4400
126 127 4400
127 128 4400
128 129 4400
129 130 4400
130 131 4400
131 132 4400
132 133 4400
133 134 4400
134 135 4400
135 136 4400
136 137 4400
137 138 4400
138 139 4400
139 140 4400
140 141 4400
141 142 4400
142 143 4400
143 144 4400
144 145 4400
145 146 4400
146 147 4400
147 148 4400
148 149 4400
149 150 4400
150 151 4400
151 152 4400
152 153 4400
153 154 4400
154 155 4400
155 156 4400
156 157 4400
157 158 4400
158 159 4400
159 160 4400
160 161 4400
161 162 4400
162 163 4400
163 164 4400
164 165 4400
165 166 4400
166 167 4400
167 168 4400
168 169 4400
169 170 4400
170 171 4400
171 172 4400
172 173 4400
173 174 4400
174 175 4400
175 176 4400
176 177 4400
177 178 4400
178 179 4400
179 180 4400
180 181 4400
181 182 4400
182 183 4400
183 184 4400
184 185 4400
185 186 4400
186 187 4400
187 188 4400
188 189 4400
189 190 4400
190 191 4400
191 192 4400
192 193 4400
193 194 4400
194 195 4400
195 196 4400
196 197 4400
197 198 4400
198 199 4400
199 200 4400
200 201 4400
201 202 4400
202 203 4400
203 204 4400
204 205 4400
205 206 4400
206 207 4400
207 208 4400
208 209 4400
209 210 4400
210 211 4400
211 212 4400
212 213 4400
213 214 4400
214 215 4400
215 216 4400
216 217 4400
217 218 4400
218 219 4400
219 220 4400
220 221 4400
221 222 4400
222 223 4400
223 224 4400
224 225 4400
225 226 4400
226 227 4400
227 228 4400
228 229 4400
229 230 4400
230 231 4400
231 232 4400
232 233 4400
233 234 4400
234 235 4400
235 236 4400
236 237 4400
237 238 4400
238 239 4400
239 240 4400
240 241 4400
241 242 4400
242 243 4400
243 244 4400
244 245 4400
245 246 4400
246 247 4400
247 248 4400
248 249 4400
249 250 4400
250 251 4400
251 252 4400
252 253 4400
253 254 4400
254 255 4400
255 256 4400
256 257 4400
257 258 4400
258 259 4400
259 260 4400
260 261 4400
261 262 4400
262 263 4400
263 264 4400
264 265 4400
265 266 4400
266 267 4400
267 268 4400
268 269 4400
269 270 4400
270 271 4400
271 272 4400
272 273 4400
273 274 4400
274 275 4400
275 276 4400
276 277 4400
277 278 4400
278 279 4400
279 280 4400
280 281 4400
281 282 4400
282 283 4400
283 284 4400
284 285 4400
285 286 4400
286 287 4400
287 288 4400
288 289 4400
289 290 4400
290 291 4400
291 292 4400
292 293 4400
293 294 4400
294 295 4400
295 296 4400
296 297 4400
297 298 4400
298 299 4400
299 300 4400
300 301 4400
301 302 4400
302 303 4400
303 304 4400
304 305 4400
305 306 4400
306 307 4400
307 308 4400
308 309 4400
309 310 4400
310 311 4400
311 312 4400
312 313 4400
313 314 4400
314 315 4400
315 316 4400
316 317 4400
317 318 4400
318 319 4400
319 320 4400
320 321 4400
321 322 4400
322 323 4400
323 324 4400
324 325 4400
325 326 4400
326 327 4400
327 328 4400
328 329 4400
329 330 4400
330 331 4400
331 332 4400
332 333 4400
333 334 4400
334 335 4400
335 336 4400
336 337 4400
337 338 4400
338 339 4400
339 340 4400
340 341 4400
341 342 4400
342 343 4400
343 344 4400
344 345 4400
345 346 4400
346 347 4400
347 348 4400
348 349 4400
349 350 4400
350 351 4400
351 352 4400
352 353 4400
353 354 4400
354 355 4400
355 356 4400
356 357 4400
357 358 4400
358 359 4400
359 360 4400
360 361 4400
361 362 4400
362 363 4400
363 364 4400
364 365 4400
365 366 4400
366 367 4400
367 368 4400
368 369 4400
369 370 4400
370 371 4400
371 372 4400
372 373 4400
373 374 4400
374 375 4400
375 376 4400
376 377 4400
377 378 4400
378 379 4400
379 380 4400
380 381 4400
381 382 4400
382 383 4400
383 384 4400
384 385 4400
385 386 4400
386 387 4400
387 388 4400
388 389 4400
389 390 4400
390 391 4400
391 392 4400
392 393 4400
393 394 4400
394 395 4400
395 396 4400
396 397 4400
397 398 4400
398 399 4400
399 400 4400
400 401 4400
401 402 4400
402 403 4400
403 404 4400
404 405 4400
405 406 4400
406 407 4400
407 408 4400
408 409 4400
409 410 4400
410 411 4400
411 412 4400
412 413 4400
413 414 4400
414 415 4400
415 416 4400
416 417 4400
417 418 4400
418 419 4400
419 420 4400
420 421 4400
421 422 4400
422 423 4400
423 424 4400
424 425 4400
425 426 4400
426 427 4400
427 428 4400
428 429 4400
429 430 4400
430 431 4400
431 432 4400
432 433 4400
433 434 4400
434 435 4400
435 436 4400
436 437 4400
437 438 4400
438 439 4400
49 316 4400
192 321 4400
42 215 4400
159 273 4400
168 394 4400
67 354 4400
201 288 4400
102 346 4400
195 289 4400
148 240 4400
16 373 4400
117 254 4400
149 281 4400
17 225 4400
101 250 4400
157 330 4400
29 35 4400
141 383 4400
151 251 4400
106 416 4400
10 403 4400
166 207 4400
217 367 4400
67 224 4400
147 362 4400
216 386 4400
173 217 4400
103 229 4400
175 427 4400
98 431 4400
181 433 4400
111 142 4400
143 353 4400
92 325 4400
187 204 4400
147 388 4400
193 378 4400
200 396 4400
82 305 4400
21 193 4400
126 251 4400
192 222 4400
168 395 4400
202 271 4400
6 384 4400
28 340 4400
32 237 4400
12 346 4400
211 359 4400
146 357 4400
17 77 4400
200 372 4400
163 412 4400
97 112 4400
77 197 4400
63 298 4400
110 432 4400
94 111 4400
203 283 4400
160 242 4400
214 369 4400
43 378 4400
163 357 4400
80 95 4400
166 329 4400
173 249 4400
119 243 4400
205 425 4400
107 182 4400
76 352 4400
163 167 4400
100 160 4400
90 423 4400
160 361 4400
88 387 4400
159 227 4400
187 402 4400
124 179 4400
57 345 4400
188 313 4400
135 400 4400
64 410 4400
151 415 4400
71 227 4400
141 276 4400
111 338 4400
27 257 4400
179 197 4400
24 114 4400
214 220 4400
130 163 4400
83 369 4400
44 295 4400
83 394 4400
212 395 4400
192 374 4400
128 159 4400
1 6 4400
177 424 4400
149 353 4400
168 172 4400
100 417 4400
129 284 4400
41 171 4400
113 397 4400
174 405 4400
209 257 4400
197 260 4400
85 214 4400
176 304 4400
35 55 4400
113 426 4400
31 375 4400
66 197 4400
92 413 4400
124 312 4400
93 257 4400
188 278 4400
107 309 4400
152 200 4400
198 269 4400
188 438 4400
214 431 4400
112 334 4400
30 370 4400
14 305 4400
10 96 4400
36 118 4400
60 186 4400
123 272 4400
51 284 4400
87 332 4400
176 305 4400
33 49 4400
8 90 4400
28 138 4400
102 255 4400
159 183 4400
127 303 4400
28 107 4400
153 411 4400
168 192 4400
72 411 4400
59 328 4400
201 217 4400
51 416 4400
67 166 4400
36 252 4400
96 376 4400
69 181 4400
162 277 4400
127 278 4400
136 242 4400
117 263 4400
175 208 4400
89 228 4400
163 346 4400
8 369 4400
58 354 4400
215 323 4400
52 349 4400
4 308 4400
180 424 4400
24 133 4400
162 272 4400
102 323 4400
209 425 4400
132 410 4400
177 267 4400
190 346 4400
53 362 4400
44 141 4400
158 300 4400
73 386 4400
108 380 4400
77 437 4400
71 360 4400
194 364 4400
203 321 4400
103 307 4400
209 346 4400
91 188 4400
144 193 4400
131 192 4400
114 293 4400
132 160 4400
48 426 4400
83 423 4400
181 398 4400
193 409 4400
21 237 4400
96 139 4400
90 360 4400
207 246 4400
181 236 4400
90 125 4400
197 366 4400
17 61 4400
95 369 4400
192 212 4400
38 91 4400
67 295 4400
109 272 4400
76 113 4400
59 434 4400
156 220 4400
143 410 4400
52 369 4400
14 237 4400
134 252 4400
19 251 4400
153 302 4400
157 241 4400
112 390 4400
74 354 4400
220 402 4400
117 409 4400
215 415 4400
141 235 4400
185 358 4400
25 372 4400
52 126 4400
130 139 4400
65 249 4400
103 392 4400
176 217 4400
16 211 4400
86 192 4400
110 417 4400
166 335 4400
23 106 4400
129 341 4400
206 231 4400
119 303 4400
29 172 4400
184 250 4400
100 166 4400
4 135 4400
195 281 4400
42 397 4400
140 391 4400
5 200 4400
6 416 4400
197 372 4400
3 368 4400
94 283 4400
35 232 4400
43 86 4400
169 376 4400
19 412 4400
202 425 4400
120 256 4400
215 269 4400
118 347 4400
182 336 4400
112 174 4400
53 88 4400
59 188 4400
188 363 4400
19 331 4400
181 403 4400
37 415 4400
172 247 4400
153 171 4400
58 376 4400
198 362 4400
15 377 4400
111 417 4400
60 141 4400
90 270 4400
23 318 4400
217 397 4400
209 346 4400
52 293 4400
183 318 4400
60 270 4400
53 196 4400
123 257 4400
74 232 4400
191 384 4400
97 283 4400
47 227 4400
35 379 4400
208 294 4400
137 238 4400
102 226 4400
41 211 4400
104 237 4400
181 337 4400
183 290 4400
120 365 4400
126 412 4400
69 293 4400
34 156 4400
70 371 4400
171 244 4400
97 104 4400
157 261 4400
192 386 4400
72 223 4400
21 426 4400
161 422 4400
8 243 4400
204 243 4400
112 151 4400
173 369 4400
127 176 4400
215 251 4400
108 283 4400
190 220 4400
146 372 4400
97 438 4400
93 360 4400
1 89 4400
213 254 4400
162 308 4400
148 280 4400
208 231 4400
113 260 4400
32 264 4400
47 200 4400
182 344 4400
91 387 4400
194 214 4400
111 275 4400
54 336 4400
22 365 4400
185 308 4400
184 193 4400
75 325 4400
8 323 4400
148 276 4400
0 278 4400
147 256 4400
183 347 4400
108 284 4400
68 218 4400
174 201 4400
34 263 4400
77 241 4400
219 391 4400
11 412 4400
59 183 4400
40 398 4400
97 294 4400
185 359 4400
184 335 4400
217 235 4400
203 382 4400
119 359 4400
219 429 4400
171 264 4400
155 161 4400
188 285 4400
26 221 4400
3 303 4400
168 256 4400
163 187 4400
51 250 4400
131 392 4400
201 419 4400
9 34 4400
42 47 4400
8 116 4400
107 170 4400
98 249 4400
54 331 4400
84 397 4400
51 314 4400
79 373 4400
115 374 4400
168 295 4400
104 305 4400
120 300 4400
150 209 4400
6 88 4400
39 194 4400
220 315 4400
65 275 4400
34 97 4400
135 173 4400
155 215 4400
199 285 4400
112 313 4400
71 261 4400
8 229 4400
59 162 4400
66 181 4400
74 199 4400
151 164 4400
160 345 4400
61 415 4400
90 389 4400
63 222 4400
82 228 4400
19 298 4400
158 166 4400
35 384 4400
103 357 4400
62 93 4400
129 412 4400
200 437 4400
123 225 4400
208 250 4400
174 253 4400
90 279 4400
43 205 4400
149 329 4400
63 217 4400
57 208 4400
106 206 4400
91 289 4400
151 308 4400
12 433 4400
168 178 4400
68 283 4400
64 411 4400
185 346 4400
206 391 4400
94 362 4400
4 268 4400
200 277 4400
122 338 4400
206 372 4400
139 424 4400
60 419 4400
196 353 4400
202 371 4400
144 302 4400
19 28 4400
179 271 4400
33 279 4400
139 371 4400
39 220 4400
24 305 4400
180 252 4400
30 291 4400
52 102 4400
141 245 4400
