0 1 4440
1 2 4440
2 3 4440
3 4 4440
4 5 4440
5 6 4440
6 7 4440
7 8 4440
8 9 4440
9 10 4440
10 11 4440
11 12 4440
12 13 4440
13 14 4440
14 15 4440
15 16 4440
16 17 4440
17 18 4440
18 19 4440
19 20 4440
20 21 4440
21 22 4440
22 23 4440
23 24 4440
24 25 4440
25 26 4440
26 27 4440
27 28 4440
28 29 4440
29 30 4440
30 31 4440
31 32 4440
32 33 4440
33 34 4440
34 35 4440
35 36 4440
36 37 4440
37 38 4440
38 39 4440
39 40 4440
40 41 4440
41 42 4440
42 43 4440
43 44 4440
44 45 4440
45 46 4440
46 47 4440
47 48 4440
48 49 4440
49 50 4440
50 51 4440
51 52 4440
52 53 4440
53 54 4440
54 55 4440
55 56 4440
56 57 4440
57 58 4440
58 59 4440
59 60 4440
60 61 4440
61 62 4440
62 63 4440
63 64 4440
64 65 4440
65 66 4440
66 67 4440
67 68 4440
68 69 4440
69 70 4440
70 71 4440
71 72 4440
72 73 4440
73 74 4440
74 75 4440
75 76 4440
76 77 4440
77 78 4440
78 79 4440
79 80 4440
80 81 4440
81 82 4440
82 83 4440
83 84 4440
84 85 4440
85 86 4440
86 87 4440
87 88 4440
88 89 4440
89 90 4440
90 91 4440
91 92 4440
92 93 4440
93 94 4440
94 95 4440
95 96 4440
96 97 4440
97 98 4440
98 99 4440
99 100 4440
100 101 4440
101 102 4440
102 103 4440
103 104 4440
104 105 4440
105 106 4440
106 107 4440
107 108 4440
108 109 4440
109 110 4440
110 111 4440
111 112 4440
112 113 4440
113 114 4440
114 115 4440
115 116 4440
116 117 4440
117 118 4440
118 119 4440
119 120 4440
120 121 4440
121 122 4440
122 123 4440
123 124 4440
124 125 4440
125 126 4440
126 127 4440
127 128 4440
128 129 4440
129 130 4440
130 131 4440
131 132 4440
132 133 4440
133 134 4440
134 135 4440
135 136 4440
136 137 4440
137 138 4440
138 139 4440
139 140 4440
140 141 4440
141 142 4440
142 143 4440
143 144 4440
144 145 4440
145 146 4440
146 147 4440
147 148 4440
148 149 4440
149 150 4440
150 151 4440
151 152 4440
152 153 4440
153 154 4440
154 155 4440
155 156 4440
156 157 4440
157 158 4440
158 159 4440
159 160 4440
160 161 4440
161 162 4440
162 163 4440
163 164 4440
164 165 4440
165 166 4440
166 167 4440
167 168 4440
168 169 4440
169 170 4440
170 171 4440
171 172 4440
172 173 4440
173 174 4440
174 175 4440
175 176 4440
176 177 4440
177 178 4440
178 179 4440
179 180 4440
180 181 4440
181 182 4440
182 183 4440
183 184 4440
184 185 4440
185 186 4440
186 187 4440
187 188 4440
188 189 4440
189 190 4440
190 191 4440
191 192 4440
192 193 4440
193 194 4440
194 195 4440
195 196 4440
196 197 4440
197 198 4440
198 199 4440
199 200 4440
200 201 4440
201 202 4440
202 203 4440
203 204 4440
204 205 4440
205 206 4440
206 207 4440
207 208 4440
208 209 4440
209 210 4440
210 211 4440
211 212 4440
212 213 4440
213 214 4440
214 215 4440
215 216 4440
216 217 4440
217 218 4440
218 219 4440
219 220 4440
220 221 4440
221 222 4440
222 223 4440
223 224 4440
224 225 4440
225 226 4440
226 227 4440
227 228 4440
228 229 4440
229 230 4440
230 231 4440
231 232 4440
232 233 4440
233 234 4440
234 235 4440
235 236 4440
236 237 4440
237 238 4440
238 239 4440
239 240 4440
240 241 4440
241 242 4440
242 243 4440
243 244 4440
244 245 4440
245 246 4440
246 247 4440
247 248 4440
248 249 4440
249 250 4440
250 251 4440
251 252 4440
252 253 4440
253 254 4440
254 255 4440
255 256 4440
256 257 4440
257 258 4440
258 259 4440
259 260 4440
260 261 4440
261 262 4440
262 263 4440
263 264 4440
264 265 4440
265 266 4440
266 267 4440
267 268 4440
268 269 4440
269 270 4440
270 271 4440
271 272 4440
272 273 4440
273 274 4440
274 275 4440
275 276 4440
276 277 4440
277 278 4440
278 279 4440
279 280 4440
280 281 4440
281 282 4440
282 283 4440
283 284 4440
284 285 4440
285 286 4440
286 287 4440
287 288 4440
288 289 4440
289 290 4440
290 291 4440
291 292 4440
292 293 4440
293 294 4440
294 295 4440
295 296 4440
296 297 4440
297 298 4440
298 299 4440
299 300 4440
300 301 4440
301 302 4440
302 303 4440
303 304 4440
304 305 4440
305 306 4440
306 307 4440
307 308 4440
308 309 4440
309 310 4440
310 311 4440
311 312 4440
312 313 4440
313 314 4440
314 315 4440
315 316 4440
316 317 4440
317 318 4440
318 319 4440
319 320 4440
320 321 4440
321 322 4440
322 323 4440
323 324 4440
324 325 4440
325 326 4440
326 327 4440
327 328 4440
328 329 4440
329 330 4440
330 331 4440
331 332 4440
332 333 4440
333 334 4440
334 335 4440
335 336 4440
336 337 4440
337 338 4440
338 339 4440
339 340 4440
340 341 4440
341 342 4440
342 343 4440
343 344 4440
344 345 4440
345 346 4440
346 347 4440
347 348 4440
348 349 4440
349 350 4440
350 351 4440
351 352 4440
352 353 4440
353 354 4440
354 355 4440
355 356 4440
356 357 4440
357 358 4440
358 359 4440
359 360 4440
360 361 4440
361 362 4440
362 363 4440
363 364 4440
364 365 4440
365 366 4440
366 367 4440
367 368 4440
368 369 4440
369 370 4440
370 371 4440
371 372 4440
372 373 4440
373 374 4440
374 375 4440
375 376 4440
376 377 4440
377 378 4440
378 379 4440
379 380 4440
380 381 4440
381 382 4440
382 383 4440
383 384 4440
384 385 4440
385 386 4440
386 387 4440
387 388 4440
388 389 4440
389 390 4440
390 391 4440
391 392 4440
392 393 4440
393 394 4440
394 395 4440
395 396 4440
396 397 4440
397 398 4440
398 399 4440
399 400 4440
400 401 4440
401 402 4440
402 403 4440
403 404 4440
404 405 4440
405 406 4440
406 407 4440
407 408 4440
408 409 4440
409 410 4440
410 411 4440
411 412 4440
412 413 4440
413 414 4440
414 415 4440
415 416 4440
416 417 4440
417 418 4440
418 419 4440
419 420 4440
420 421 4440
421 422 4440
422 423 4440
423 424 4440
424 425 4440
425 426 4440
426 427 4440
427 428 4440
428 429 4440
429 430 4440
430 431 4440
431 432 4440
432 433 4440
433 434 4440
434 435 4440
435 436 4440
436 437 4440
437 438 4440
438 439 4440
439 440 4440
440 441 4440
441 442 4440
442 443 4440
10 240 4440
133 405 4440
47 251 4440
104 359 4440
159 319 4440
3 143 4440
5 104 4440
55 318 4440
213 319 4440
118 320 4440
3 240 4440
141 236 4440
211 440 4440
34 166 4440
31 313 4440
110 262 4440
59 423 4440
31 100 4440
145 160 4440
160 396 4440
116 165 4440
33 129 4440
89 180 4440
65 244 4440
37 69 4440
30 217 4440
132 140 4440
44 86 4440
190 438 4440
13 289 4440
38 435 4440
201 420 4440
5 374 4440
104 324 4440
103 222 4440
159 366 4440
112 144 4440
104 112 4440
207 290 4440
209 294 4440
184 404 4440
19 166 4440
113 275 4440
190 257 4440
70 124 4440
70 161 4440
104 136 4440
130 205 4440
56 139 4440
104 373 4440
92 115 4440
79 400 4440
61 137 4440
185 257 4440
94 148 4440
160 197 4440
105 287 4440
88 264 4440
48 404 4440
205 295 4440
221 297 4440
155 217 4440
89 129 4440
106 428 4440
138 395 4440
37 381 4440
183 429 4440
129 284 4440
15 369 4440
53 390 4440
24 26 4440
146 374 4440
136 163 4440
165 370 4440
85 373 4440
211 367 4440
116 391 4440
98 135 4440
85 219 4440
138 206 4440
150 257 4440
6 31 4440
96 239 4440
101 320 4440
24 204 4440
103 275 4440
177 210 4440
144 405 4440
149 333 4440
59 120 4440
19 66 4440
102 181 4440
83 376 4440
182 271 4440
69 144 4440
158 261 4440
193 288 4440
167 338 4440
116 221 4440
69 159 4440
113 399 4440
85 216 4440
125 196 4440
130 264 4440
19 82 4440
175 281 4440
177 192 4440
19 320 4440
175 368 4440
217 411 4440
212 305 4440
16 338 4440
213 308 4440
153 329 4440
173 273 4440
124 356 4440
93 248 4440
197 250 4440
117 390 4440
222 388 4440
165 216 4440
12 53 4440
57 388 4440
175 443 4440
185 403 4440
0 389 4440
21 385 4440
171 200 4440
125 314 4440
46 127 4440
206 380 4440
12 190 4440
19 220 4440
156 246 4440
197 309 4440
192 225 4440
173 382 4440
48 233 4440
194 272 4440
183 323 4440
195 232 4440
214 220 4440
24 383 4440
219 404 4440
205 333 4440
39 383 4440
71 91 4440
205 400 4440
159 385 4440
178 418 4440
162 181 4440
134 218 4440
197 296 4440
100 388 4440
55 415 4440
181 439 4440
177 338 4440
185 275 4440
95 315 4440
142 184 4440
126 237 4440
75 101 4440
63 203 4440
161 361 4440
102 115 4440
143 252 4440
156 422 4440
77 206 4440
36 46 4440
81 96 4440
145 234 4440
52 276 4440
3 248 4440
69 170 4440
97 379 4440
180 403 4440
172 254 4440
10 327 4440
45 421 4440
104 247 4440
149 380 4440
16 172 4440
110 424 4440
168 360 4440
89 245 4440
144 363 4440
174 346 4440
194 313 4440
78 177 4440
120 292 4440
57 378 4440
195 428 4440
7 409 4440
209 312 4440
189 217 4440
92 301 4440
48 264 4440
40 311 4440
118 406 4440
15 123 4440
91 148 4440
14 306 4440
156 294 4440
52 232 4440
136 346 4440
85 222 4440
122 346 4440
63 209 4440
65 378 4440
97 212 4440
53 157 4440
94 251 4440
187 332 4440
56 330 4440
70 421 4440
151 428 4440
181 346 4440
211 437 4440
40 285 4440
14 361 4440
22 311 4440
189 442 4440
203 417 4440
165 285 4440
101 401 4440
118 324 4440
85 411 4440
184 353 4440
45 368 4440
102 408 4440
73 173 4440
22 331 4440
120 150 4440
131 198 4440
203 232 4440
220 440 4440
66 339 4440
195 413 4440
207 226 4440
183 438 4440
89 186 4440
217 324 4440
19 264 4440
76 290 4440
31 210 4440
161 284 4440
10 247 4440
118 340 4440
160 242 4440
179 441 4440
49 51 4440
189 365 4440
189 277 4440
184 200 4440
158 377 4440
160 289 4440
161 331 4440
146 190 4440
166 249 4440
148 326 4440
135 274 4440
74 347 4440
185 396 4440
202 428 4440
192 341 4440
26 406 4440
113 129 4440
171 208 4440
179 370 4440
154 276 4440
85 275 4440
32 60 4440
204 332 4440
211 386 4440
166 404 4440
209 336 4440
161 251 4440
201 409 4440
152 213 4440
126 283 4440
173 427 4440
111 429 4440
42 323 4440
125 411 4440
0 319 4440
195 325 4440
68 129 4440
148 356 4440
56 305 4440
69 124 4440
27 299 4440
161 192 4440
145 235 4440
113 164 4440
210 348 4440
101 219 4440
37 102 4440
98 325 4440
2 94 4440
58 361 4440
101 137 4440
52 439 4440
107 383 4440
61 219 4440
27 108 4440
78 244 4440
89 153 4440
73 229 4440
96 181 4440
199 394 4440
39 253 4440
164 302 4440
43 51 4440
36 64 4440
175 203 4440
198 272 4440
134 233 4440
195 211 4440
30 349 4440
68 181 4440
64 263 4440
184 233 4440
188 392 4440
176 188 4440
218 426 4440
40 248 4440
48 413 4440
205 302 4440
162 398 4440
184 253 4440
146 235 4440
143 437 4440
187 409 4440
27 392 4440
13 420 4440
206 424 4440
51 167 4440
138 160 4440
167 285 4440
161 231 4440
26 167 4440
26 375 4440
158 269 4440
160 362 4440
125 264 4440
11 85 4440
124 415 4440
80 440 4440
221 363 4440
183 362 4440
90 171 4440
77 132 4440
39 364 4440
111 303 4440
34 217 4440
5 347 4440
115 318 4440
83 151 4440
3 388 4440
135 137 4440
4 289 4440
157 423 4440
38 125 4440
194 321 4440
207 378 4440
114 232 4440
30 282 4440
186 313 4440
116 235 4440
156 348 4440
220 268 4440
62 396 4440
112 130 4440
81 402 4440
160 330 4440
138 305 4440
194 283 4440
43 306 4440
4 146 4440
197 343 4440
161 383 4440
45 121 4440
78 391 4440
43 187 4440
24 27 4440
155 348 4440
22 135 4440
112 119 4440
169 194 4440
52 319 4440
4 21 4440
156 170 4440
174 226 4440
30 338 4440
56 193 4440
218 255 4440
78 332 4440
12 39 4440
116 209 4440
165 253 4440
147 439 4440
129 232 4440
220 334 4440
24 241 4440
152 237 4440
200 259 4440
74 363 4440
125 426 4440
179 441 4440
25 266 4440
78 425 4440
193 310 4440
94 295 4440
215 397 4440
128 395 4440
210 403 4440
214 396 4440
67 239 4440
188 191 4440
86 255 4440
176 342 4440
174 254 4440
167 325 4440
158 384 4440
150 164 4440
76 220 4440
155 427 4440
208 338 4440
75 192 4440
99 370 4440
114 424 4440
79 359 4440
113 204 4440
43 429 4440
214 218 4440
203 427 4440
10 381 4440
33 416 4440
181 270 4440
139 172 4440
151 344 4440
