0 1 4480
1 2 4480
2 3 4480
3 4 4480
4 5 4480
5 6 4480
6 7 4480
7 8 4480
8 9 4480
9 10 4480
10 11 4480
11 12 4480
12 13 4480
13 14 4480
14 15 4480
15 16 4480
16 17 4480
17 18 4480
18 19 4480
19 20 4480
20 21 4480
21 22 4480
22 23 4480
23 24 4480
24 25 4480
25 26 4480
26 27 4480
27 28 4480
28 29 4480
29 30 4480
30 31 4480
31 32 4480
32 33 4480
33 34 4480
34 35 4480
35 36 4480
36 37 4480
37 38 4480
38 39 4480
39 40 4480
40 41 4480
41 42 4480
42 43 4480
43 44 4480
44 45 4480
45 46 4480
46 47 4480
47 48 4480
48 49 4480
49 50 4480
50 51 4480
51 52 4480
52 53 4480
53 54 4480
54 55 4480
55 56 4480
56 57 4480
57 58 4480
58 59 4480
59 60 4480
60 61 4480
61 62 4480
62 63 4480
63 64 4480
64 65 4480
65 66 4480
66 67 4480
67 68 4480
68 69 4480
69 70 4480
70 71 4480
71 72 4480
72 73 4480
73 74 4480
74 75 4480
75 76 4480
76 77 4480
77 78 4480
78 79 4480
79 80 4480
80 81 4480
81 82 4480
82 83 4480
83 84 4480
84 85 4480
85 86 4480
86 87 4480
87 88 4480
88 89 4480
89 90 4480
90 91 4480
91 92 4480
92 93 4480
93 94 4480
94 95 4480
95 96 4480
96 97 4480
97 98 4480
98 99 4480
99 100 4480
100 101 4480
101 102 4480
102 103 4480
103 104 4480
104 105 4480
105 106 4480
106 107 4480
107 108 4480
108 109 4480
109 110 4480
110 111 4480
111 112 4480
112 113 4480
113 114 4480
114 115 4480
115 116 4480
116 117 4480
117 118 4480
118 119 4480
119 120 4480
120 121 4480
121 122 4480
122 123 4480
123 124 4480
124 125 4480
125 126 4480
126 127 4480
127 128 4480
128 129 4480
129 130 4480
130 131 4480
131 132 4480
132 133 4480
133 134 4480
134 135 4480
135 136 4480
136 137 4480
137 138 4480
138 139 4480
139 140 4480
140 141 4480
141 142 4480
142 143 4480
143 144 4480
144 145 4480
145 146 4480
146 147 4480
147 148 4480
148 149 4480
149 150 4480
150 151 4480
151 152 4480
152 153 4480
153 154 4480
154 155 4480
155 156 4480
156 157 4480
157 158 4480
158 159 4480
159 160 4480
160 161 4480
161 162 4480
162 163 4480
163 164 4480
164 165 4480
165 166 4480
166 167 4480
167 168 4480
168 169 4480
169 170 4480
170 171 4480
171 172 4480
172 173 4480
173 174 4480
174 175 4480
175 176 4480
176 177 4480
177 178 4480
178 179 4480
179 180 4480
180 181 4480
181 182 4480
182 183 4480
183 184 4480
184 185 4480
185 186 4480
186 187 4480
187 188 4480
188 189 4480
189 190 4480
190 191 4480
191 192 4480
192 193 4480
193 194 4480
194 195 4480
195 196 4480
196 197 4480
197 198 4480
198 199 4480
199 200 4480
200 201 4480
201 202 4480
202 203 4480
203 204 4480
204 205 4480
205 206 4480
206 207 4480
207 208 4480
208 209 4480
209 210 4480
210 211 4480
211 212 4480
212 213 4480
213 214 4480
214 215 4480
215 216 4480
216 217 4480
217 218 4480
218 219 4480
219 220 4480
220 221 4480
221 222 4480
222 223 4480
223 224 4480
224 225 4480
225 226 4480
226 227 4480
227 228 4480
228 229 4480
229 230 4480
230 231 4480
231 232 4480
232 233 4480
233 234 4480
234 235 4480
235 236 4480
236 237 4480
237 238 4480
238 239 4480
239 240 4480
240 241 4480
241 242 4480
242 243 4480
243 244 4480
244 245 4480
245 246 4480
246 247 4480
247 248 4480
248 249 4480
249 250 4480
250 251 4480
251 252 4480
252 253 4480
253 254 4480
254 255 4480
255 256 4480
256 257 4480
257 258 4480
258 259 4480
259 260 4480
260 261 4480
261 262 4480
262 263 4480
263 264 4480
264 265 4480
265 266 4480
266 267 4480
267 268 4480
268 269 4480
269 270 4480
270 271 4480
271 272 4480
272 273 4480
273 274 4480
274 275 4480
275 276 4480
276 277 4480
277 278 4480
278 279 4480
279 280 4480
280 281 4480
281 282 4480
282 283 4480
283 284 4480
284 285 4480
285 286 4480
286 287 4480
287 288 4480
288 289 4480
289 290 4480
290 291 4480
291 292 4480
292 293 4480
293 294 4480
294 295 4480
295 296 4480
296 297 4480
297 298 4480
298 299 4480
299 300 4480
300 301 4480
301 302 4480
302 303 4480
303 304 4480
304 305 4480
305 306 4480
306 307 4480
307 308 4480
308 309 4480
309 310 4480
310 311 4480
311 312 4480
312 313 4480
313 314 4480
314 315 4480
315 316 4480
316 317 4480
317 318 4480
318 319 4480
319 320 4480
320 321 4480
321 322 4480
322 323 4480
323 324 4480
324 325 4480
325 326 4480
326 327 4480
327 328 4480
328 329 4480
329 330 4480
330 331 4480
331 332 4480
332 333 4480
333 334 4480
334 335 4480
335 336 4480
336 337 4480
337 338 4480
338 339 4480
339 340 4480
340 341 4480
341 342 4480
342 343 4480
343 344 4480
344 345 4480
345 346 4480
346 347 4480
347 348 4480
348 349 4480
349 350 4480
350 351 4480
351 352 4480
352 353 4480
353 354 4480
354 355 4480
355 356 4480
356 357 4480
357 358 4480
358 359 4480
359 360 4480
360 361 4480
361 362 4480
362 363 4480
363 364 4480
364 365 4480
365 366 4480
366 367 4480
367 368 4480
368 369 4480
369 370 4480
370 371 4480
371 372 4480
372 373 4480
373 374 4480
374 375 4480
375 376 4480
376 377 4480
377 378 4480
378 379 4480
379 380 4480
380 381 4480
381 382 4480
382 383 4480
383 384 4480
384 385 4480
385 386 4480
386 387 4480
387 388 4480
388 389 4480
389 390 4480
390 391 4480
391 392 4480
392 393 4480
393 394 4480
394 395 4480
395 396 4480
396 397 4480
397 398 4480
398 399 4480
399 400 4480
400 401 4480
401 402 4480
402 403 4480
403 404 4480
404 405 4480
405 406 4480
406 407 4480
407 408 4480
408 409 4480
409 410 4480
410 411 4480
411 412 4480
412 413 4480
413 414 4480
414 415 4480
415 416 4480
416 417 4480
417 418 4480
418 419 4480
419 420 4480
420 421 4480
421 422 4480
422 423 4480
423 424 4480
424 425 4480
425 426 4480
426 427 4480
427 428 4480
428 429 4480
429 430 4480
430 431 4480
431 432 4480
432 433 4480
433 434 4480
434 435 4480
435 436 4480
436 437 4480
437 438 4480
438 439 4480
439 440 4480
440 441 4480
441 442 4480
442 443 4480
443 444 4480
444 445 4480
445 446 4480
446 447 4480
30 366 4480
108 154 4480
196 388 4480
42 76 4480
7 145 4480
115 304 4480
120 381 4480
36 229 4480
223 309 4480
104 169 4480
4 375 4480
112 143 4480
90 299 4480
193 362 4480
211 310 4480
61 212 4480
81 362 4480
5 425 4480
131 267 4480
43 102 4480
72 132 4480
139 279 4480
140 322 4480
177 354 4480
91 409 4480
109 208 4480
196 417 4480
164 247 4480
91 206 4480
206 264 4480
96 407 4480
81 98 4480
18 342 4480
133 297 4480
116 301 4480
87 442 4480
171 313 4480
183 364 4480
22 304 4480
134 290 4480
181 342 4480
107 381 4480
185 233 4480
119 140 4480
149 217 4480
32 163 4480
119 288 4480
199 270 4480
23 170 4480
44 395 4480
168 363 4480
16 344 4480
214 256 4480
145 298 4480
54 403 4480
61 304 4480
215 368 4480
102 446 4480
142 428 4480
124 173 4480
30 127 4480
185 285 4480
114 138 4480
71 177 4480
150 159 4480
73 358 4480
3 237 4480
111 215 4480
215 316 4480
38 364 4480
26 376 4480
119 292 4480
95 371 4480
189 337 4480
207 248 4480
176 392 4480
118 177 4480
52 350 4480
113 320 4480
135 417 4480
168 305 4480
135 333 4480
178 235 4480
26 86 4480
101 344 4480
216 266 4480
151 377 4480
159 214 4480
173 201 4480
195 373 4480
70 310 4480
82 209 4480
142 280 4480
84 219 4480
25 394 4480
143 158 4480
194 394 4480
188 383 4480
54 332 4480
100 297 4480
151 189 4480
30 95 4480
127 303 4480
163 344 4480
21 233 4480
8 350 4480
218 358 4480
6 96 4480
204 393 4480
61 69 4480
180 378 4480
11 421 4480
160 339 4480
4 11 4480
112 419 4480
220 288 4480
108 120 4480
20 58 4480
35 169 4480
222 272 4480
36 64 4480
213 433 4480
204 309 4480
93 289 4480
78 316 4480
120 386 4480
160 383 4480
157 330 4480
178 251 4480
149 282 4480
152 419 4480
222 332 4480
166 329 4480
218 403 4480
128 340 4480
126 411 4480
177 311 4480
175 358 4480
87 239 4480
28 276 4480
129 160 4480
83 263 4480
174 181 4480
98 396 4480
63 234 4480
93 283 4480
136 418 4480
221 321 4480
27 314 4480
177 388 4480
151 209 4480
123 366 4480
90 120 4480
15 270 4480
40 235 4480
170 307 4480
192 331 4480
83 378 4480
54 243 4480
73 122 4480
219 299 4480
2 366 4480
149 284 4480
12 112 4480
165 270 4480
61 392 4480
57 183 4480
199 241 4480
25 297 4480
149 217 4480
15 109 4480
200 373 4480
117 288 4480
31 237 4480
129 377 4480
217 221 4480
148 191 4480
187 227 4480
20 23 4480
89 288 4480
26 81 4480
5 237 4480
215 264 4480
124 186 4480
111 142 4480
184 293 4480
213 425 4480
14 258 4480
10 381 4480
152 212 4480
137 151 4480
1 73 4480
153 335 4480
85 339 4480
16 356 4480
107 155 4480
62 286 4480
189 229 4480
17 45 4480
195 269 4480
101 148 4480
190 231 4480
182 323 4480
140 172 4480
221 231 4480
106 392 4480
73 119 4480
214 236 4480
215 249 4480
30 318 4480
104 390 4480
61 329 4480
107 335 4480
177 409 4480
89 307 4480
34 56 4480
36 363 4480
24 189 4480
199 363 4480
45 281 4480
173 369 4480
72 252 4480
123 363 4480
63 100 4480
216 317 4480
2 360 4480
219 311 4480
27 146 4480
149 409 4480
115 245 4480
212 427 4480
28 371 4480
46 335 4480
105 422 4480
14 292 4480
99 429 4480
209 238 4480
79 405 4480
73 169 4480
139 245 4480
150 158 4480
196 285 4480
106 400 4480
131 411 4480
209 413 4480
87 125 4480
73 433 4480
129 148 4480
191 221 4480
160 191 4480
175 352 4480
70 310 4480
187 267 4480
136 361 4480
0 356 4480
142 229 4480
172 360 4480
85 244 4480
34 42 4480
13 210 4480
180 388 4480
142 278 4480
132 341 4480
195 406 4480
63 258 4480
194 231 4480
18 261 4480
201 253 4480
2 14 4480
149 234 4480
116 266 4480
13 137 4480
64 234 4480
81 218 4480
165 172 4480
213 352 4480
65 411 4480
63 363 4480
115 220 4480
206 370 4480
161 350 4480
14 324 4480
120 255 4480
36 352 4480
222 280 4480
191 239 4480
47 377 4480
160 215 4480
37 92 4480
217 329 4480
87 210 4480
80 94 4480
59 365 4480
129 442 4480
207 444 4480
25 53 4480
208 276 4480
132 376 4480
173 426 4480
2 252 4480
185 342 4480
6 119 4480
42 210 4480
69 401 4480
44 365 4480
215 332 4480
167 383 4480
10 185 4480
96 433 4480
190 258 4480
210 281 4480
89 245 4480
155 421 4480
47 292 4480
183 425 4480
88 371 4480
161 391 4480
37 355 4480
88 441 4480
167 367 4480
122 176 4480
87 297 4480
105 243 4480
183 401 4480
142 321 4480
17 390 4480
98 424 4480
220 344 4480
139 151 4480
89 140 4480
175 210 4480
168 305 4480
224 384 4480
41 119 4480
196 268 4480
86 119 4480
142 288 4480
91 263 4480
177 447 4480
192 210 4480
47 256 4480
97 385 4480
111 254 4480
17 292 4480
193 385 4480
8 155 4480
157 415 4480
5 305 4480
140 186 4480
2 332 4480
48 280 4480
129 438 4480
40 254 4480
171 239 4480
188 430 4480
127 381 4480
62 412 4480
69 87 4480
190 259 4480
156 444 4480
72 285 4480
211 266 4480
21 68 4480
82 352 4480
175 296 4480
115 123 4480
71 230 4480
207 356 4480
166 233 4480
134 420 4480
115 189 4480
37 212 4480
90 152 4480
166 434 4480
159 377 4480
143 298 4480
56 261 4480
116 122 4480
70 145 4480
134 373 4480
166 205 4480
77 116 4480
66 263 4480
134 283 4480
104 155 4480
93 436 4480
42 410 4480
42 417 4480
53 322 4480
1 194 4480
50 112 4480
177 206 4480
149 287 4480
22 228 4480
12 267 4480
92 351 4480
67 196 4480
203 361 4480
3 180 4480
27 278 4480
161 324 4480
48 108 4480
118 302 4480
129 218 4480
39 84 4480
87 160 4480
32 60 4480
3 279 4480
178 285 4480
116 205 4480
142 160 4480
68 167 4480
164 341 4480
9 141 4480
172 235 4480
211 320 4480
10 417 4480
74 168 4480
127 356 4480
216 246 4480
70 220 4480
56 427 4480
223 340 4480
184 348 4480
113 275 4480
167 386 4480
142 302 4480
14 39 4480
84 332 4480
67 155 4480
11 21 4480
34 356 4480
40 154 4480
180 355 4480
11 208 4480
115 409 4480
7 296 4480
93 322 4480
161 254 4480
74 345 4480
101 153 4480
222 224 4480
156 307 4480
55 169 4480
163 408 4480
