0 1 440
1 2 440
2 3 440
3 4 440
4 5 440
5 6 440
6 7 440
7 8 440
8 9 440
9 10 440
10 11 440
11 12 440
12 13 440
13 14 440
14 15 440
15 16 440
16 17 440
17 18 440
18 19 440
19 20 440
20 21 440
21 22 440
22 23 440
23 24 440
24 25 440
25 26 440
26 27 440
27 28 440
28 29 440
29 30 440
30 31 440
31 32 440
32 33 440
33 34 440
34 35 440
35 36 440
36 37 440
37 38 440
38 39 440
39 40 440
40 41 440
41 42 440
42 43 440
3 33 440
7 19 440
22 30 440
8 43 440
6 43 440
18 29 440
17 25 440
21 42 440
7 31 440
15 19 440
6 34 440
12 29 440
20 40 440
22 38 440
5 36 440
14 41 440
14 17 440
15 43 440
10 25 440
4 43 440
13 35 440
4 36 440
4 19 440
8 32 440
16 37 440
12 30 440
14 26 440
11 30 440
16 32 440
22 40 440
14 41 440
13 22 440
13 34 440
9 36 440
0 25 440
7 11 440
15 37 440
18 39 440
2 35 440
18 43 440
2 42 440
12 22 440
