0 1 4520
1 2 4520
2 3 4520
3 4 4520
4 5 4520
5 6 4520
6 7 4520
7 8 4520
8 9 4520
9 10 4520
10 11 4520
11 12 4520
12 13 4520
13 14 4520
14 15 4520
15 16 4520
16 17 4520
17 18 4520
18 19 4520
19 20 4520
20 21 4520
21 22 4520
22 23 4520
23 24 4520
24 25 4520
25 26 4520
26 27 4520
27 28 4520
28 29 4520
29 30 4520
30 31 4520
31 32 4520
32 33 4520
33 34 4520
34 35 4520
35 36 4520
36 37 4520
37 38 4520
38 39 4520
39 40 4520
40 41 4520
41 42 4520
42 43 4520
43 44 4520
44 45 4520
45 46 4520
46 47 4520
47 48 4520
48 49 4520
49 50 4520
50 51 4520
51 52 4520
52 53 4520
53 54 4520
54 55 4520
55 56 4520
56 57 4520
57 58 4520
58 59 4520
59 60 4520
60 61 4520
61 62 4520
62 63 4520
63 64 4520
64 65 4520
65 66 4520
66 67 4520
67 68 4520
68 69 4520
69 70 4520
70 71 4520
71 72 4520
72 73 4520
73 74 4520
74 75 4520
75 76 4520
76 77 4520
77 78 4520
78 79 4520
79 80 4520
80 81 4520
81 82 4520
82 83 4520
83 84 4520
84 85 4520
85 86 4520
86 87 4520
87 88 4520
88 89 4520
89 90 4520
90 91 4520
91 92 4520
92 93 4520
93 94 4520
94 95 4520
95 96 4520
96 97 4520
97 98 4520
98 99 4520
99 100 4520
100 101 4520
101 102 4520
102 103 4520
103 104 4520
104 105 4520
105 106 4520
106 107 4520
107 108 4520
108 109 4520
109 110 4520
110 111 4520
111 112 4520
112 113 4520
113 114 4520
114 115 4520
115 116 4520
116 117 4520
117 118 4520
118 119 4520
119 120 4520
120 121 4520
121 122 4520
122 123 4520
123 124 4520
124 125 4520
125 126 4520
126 127 4520
127 128 4520
128 129 4520
129 130 4520
130 131 4520
131 132 4520
132 133 4520
133 134 4520
134 135 4520
135 136 4520
136 137 4520
137 138 4520
138 139 4520
139 140 4520
140 141 4520
141 142 4520
142 143 4520
143 144 4520
144 145 4520
145 146 4520
146 147 4520
147 148 4520
148 149 4520
149 150 4520
150 151 4520
151 152 4520
152 153 4520
153 154 4520
154 155 4520
155 156 4520
156 157 4520
157 158 4520
158 159 4520
159 160 4520
160 161 4520
161 162 4520
162 163 4520
163 164 4520
164 165 4520
165 166 4520
166 167 4520
167 168 4520
168 169 4520
169 170 4520
170 171 4520
171 172 4520
172 173 4520
173 174 4520
174 175 4520
175 176 4520
176 177 4520
177 178 4520
178 179 4520
179 180 4520
180 181 4520
181 182 4520
182 183 4520
183 184 4520
184 185 4520
185 186 4520
186 187 4520
187 188 4520
188 189 4520
189 190 4520
190 191 4520
191 192 4520
192 193 4520
193 194 4520
194 195 4520
195 196 4520
196 197 4520
197 198 4520
198 199 4520
199 200 4520
200 201 4520
201 202 4520
202 203 4520
203 204 4520
204 205 4520
205 206 4520
206 207 4520
207 208 4520
208 209 4520
209 210 4520
210 211 4520
211 212 4520
212 213 4520
213 214 4520
214 215 4520
215 216 4520
216 217 4520
217 218 4520
218 219 4520
219 220 4520
220 221 4520
221 222 4520
222 223 4520
223 224 4520
224 225 4520
225 226 4520
226 227 4520
227 228 4520
228 229 4520
229 230 4520
230 231 4520
231 232 4520
232 233 4520
233 234 4520
234 235 4520
235 236 4520
236 237 4520
237 238 4520
238 239 4520
239 240 4520
240 241 4520
241 242 4520
242 243 4520
243 244 4520
244 245 4520
245 246 4520
246 247 4520
247 248 4520
248 249 4520
249 250 4520
250 251 4520
251 252 4520
252 253 4520
253 254 4520
254 255 4520
255 256 4520
256 257 4520
257 258 4520
258 259 4520
259 260 4520
260 261 4520
261 262 4520
262 263 4520
263 264 4520
264 265 4520
265 266 4520
266 267 4520
267 268 4520
268 269 4520
269 270 4520
270 271 4520
271 272 4520
272 273 4520
273 274 4520
274 275 4520
275 276 4520
276 277 4520
277 278 4520
278 279 4520
279 280 4520
280 281 4520
281 282 4520
282 283 4520
283 284 4520
284 285 4520
285 286 4520
286 287 4520
287 288 4520
288 289 4520
289 290 4520
290 291 4520
291 292 4520
292 293 4520
293 294 4520
294 295 4520
295 296 4520
296 297 4520
297 298 4520
298 299 4520
299 300 4520
300 301 4520
301 302 4520
302 303 4520
303 304 4520
304 305 4520
305 306 4520
306 307 4520
307 308 4520
308 309 4520
309 310 4520
310 311 4520
311 312 4520
312 313 4520
313 314 4520
314 315 4520
315 316 4520
316 317 4520
317 318 4520
318 319 4520
319 320 4520
320 321 4520
321 322 4520
322 323 4520
323 324 4520
324 325 4520
325 326 4520
326 327 4520
327 328 4520
328 329 4520
329 330 4520
330 331 4520
331 332 4520
332 333 4520
333 334 4520
334 335 4520
335 336 4520
336 337 4520
337 338 4520
338 339 4520
339 340 4520
340 341 4520
341 342 4520
342 343 4520
343 344 4520
344 345 4520
345 346 4520
346 347 4520
347 348 4520
348 349 4520
349 350 4520
350 351 4520
351 352 4520
352 353 4520
353 354 4520
354 355 4520
355 356 4520
356 357 4520
357 358 4520
358 359 4520
359 360 4520
360 361 4520
361 362 4520
362 363 4520
363 364 4520
364 365 4520
365 366 4520
366 367 4520
367 368 4520
368 369 4520
369 370 4520
370 371 4520
371 372 4520
372 373 4520
373 374 4520
374 375 4520
375 376 4520
376 377 4520
377 378 4520
378 379 4520
379 380 4520
380 381 4520
381 382 4520
382 383 4520
383 384 4520
384 385 4520
385 386 4520
386 387 4520
387 388 4520
388 389 4520
389 390 4520
390 391 4520
391 392 4520
392 393 4520
393 394 4520
394 395 4520
395 396 4520
396 397 4520
397 398 4520
398 399 4520
399 400 4520
400 401 4520
401 402 4520
402 403 4520
403 404 4520
404 405 4520
405 406 4520
406 407 4520
407 408 4520
408 409 4520
409 410 4520
410 411 4520
411 412 4520
412 413 4520
413 414 4520
414 415 4520
415 416 4520
416 417 4520
417 418 4520
418 419 4520
419 420 4520
420 421 4520
421 422 4520
422 423 4520
423 424 4520
424 425 4520
425 426 4520
426 427 4520
427 428 4520
428 429 4520
429 430 4520
430 431 4520
431 432 4520
432 433 4520
433 434 4520
434 435 4520
435 436 4520
436 437 4520
437 438 4520
438 439 4520
439 440 4520
440 441 4520
441 442 4520
442 443 4520
443 444 4520
444 445 4520
445 446 4520
446 447 4520
447 448 4520
448 449 4520
449 450 4520
450 451 4520
60 125 4520
42 287 4520
142 368 4520
57 156 4520
95 451 4520
106 386 4520
99 320 4520
179 381 4520
1 260 4520
137 211 4520
21 415 4520
139 264 4520
157 413 4520
65 364 4520
75 417 4520
126 438 4520
178 301 4520
89 436 4520
191 302 4520
152 222 4520
58 376 4520
15 410 4520
96 275 4520
72 150 4520
161 415 4520
151 281 4520
39 133 4520
114 369 4520
6 440 4520
182 187 4520
211 355 4520
141 359 4520
55 381 4520
44 280 4520
184 331 4520
10 160 4520
192 384 4520
177 371 4520
148 403 4520
145 298 4520
41 416 4520
68 285 4520
31 297 4520
118 144 4520
212 243 4520
149 300 4520
126 207 4520
204 379 4520
20 269 4520
59 179 4520
81 369 4520
132 197 4520
17 145 4520
83 167 4520
222 230 4520
13 266 4520
5 29 4520
6 424 4520
207 444 4520
69 305 4520
92 281 4520
166 192 4520
211 267 4520
82 141 4520
9 116 4520
41 70 4520
108 122 4520
183 219 4520
37 219 4520
104 268 4520
95 326 4520
17 32 4520
73 298 4520
99 246 4520
201 223 4520
27 134 4520
141 374 4520
185 212 4520
53 292 4520
139 255 4520
142 238 4520
8 20 4520
171 261 4520
225 230 4520
96 144 4520
155 194 4520
221 272 4520
187 215 4520
67 405 4520
33 212 4520
96 338 4520
150 361 4520
146 272 4520
84 412 4520
23 162 4520
210 331 4520
97 146 4520
24 233 4520
140 449 4520
226 311 4520
68 398 4520
143 324 4520
52 293 4520
100 375 4520
1 108 4520
111 183 4520
152 296 4520
147 389 4520
137 285 4520
94 234 4520
226 319 4520
148 272 4520
131 387 4520
8 279 4520
11 451 4520
8 355 4520
166 440 4520
153 431 4520
184 193 4520
132 382 4520
92 326 4520
92 407 4520
38 91 4520
199 351 4520
144 436 4520
3 68 4520
130 198 4520
35 70 4520
85 99 4520
123 369 4520
82 202 4520
28 409 4520
23 305 4520
100 197 4520
32 371 4520
131 424 4520
169 429 4520
7 36 4520
57 310 4520
159 218 4520
42 297 4520
104 195 4520
26 212 4520
97 322 4520
189 293 4520
207 311 4520
171 204 4520
95 372 4520
155 165 4520
39 195 4520
58 437 4520
86 353 4520
192 413 4520
155 394 4520
133 189 4520
13 412 4520
163 383 4520
5 204 4520
7 164 4520
40 65 4520
83 367 4520
173 394 4520
9 170 4520
84 320 4520
221 315 4520
143 451 4520
99 296 4520
123 195 4520
112 444 4520
75 272 4520
46 118 4520
204 267 4520
114 412 4520
217 383 4520
135 396 4520
39 187 4520
29 333 4520
105 152 4520
173 252 4520
121 414 4520
152 291 4520
126 136 4520
63 394 4520
62 386 4520
70 397 4520
36 288 4520
138 382 4520
111 216 4520
219 230 4520
137 426 4520
152 196 4520
62 257 4520
160 270 4520
159 234 4520
59 306 4520
216 413 4520
124 128 4520
106 257 4520
78 357 4520
140 435 4520
182 241 4520
85 368 4520
153 227 4520
102 108 4520
67 216 4520
193 319 4520
207 244 4520
84 351 4520
82 300 4520
186 421 4520
147 422 4520
221 446 4520
4 339 4520
143 266 4520
73 204 4520
33 386 4520
29 220 4520
187 196 4520
80 235 4520
59 290 4520
111 360 4520
22 58 4520
150 410 4520
182 240 4520
51 216 4520
73 180 4520
18 353 4520
23 311 4520
220 388 4520
61 411 4520
169 174 4520
107 397 4520
16 149 4520
41 99 4520
193 411 4520
226 340 4520
9 77 4520
60 251 4520
159 187 4520
221 362 4520
131 167 4520
140 299 4520
206 302 4520
200 307 4520
80 449 4520
210 376 4520
176 258 4520
40 125 4520
209 263 4520
110 327 4520
11 174 4520
198 339 4520
135 335 4520
68 145 4520
158 441 4520
151 218 4520
94 192 4520
22 328 4520
15 67 4520
18 332 4520
53 110 4520
83 110 4520
94 353 4520
111 246 4520
202 224 4520
30 32 4520
142 380 4520
90 211 4520
176 340 4520
170 214 4520
180 271 4520
65 417 4520
191 337 4520
116 228 4520
206 230 4520
81 216 4520
156 192 4520
207 215 4520
13 201 4520
165 220 4520
40 135 4520
96 160 4520
79 329 4520
224 292 4520
51 170 4520
134 304 4520
96 155 4520
93 340 4520
157 287 4520
58 434 4520
206 428 4520
160 415 4520
150 174 4520
126 398 4520
115 298 4520
96 196 4520
161 447 4520
115 317 4520
97 185 4520
66 116 4520
72 408 4520
133 174 4520
170 178 4520
88 416 4520
135 397 4520
18 236 4520
104 182 4520
135 381 4520
169 325 4520
19 311 4520
144 247 4520
195 372 4520
84 298 4520
74 355 4520
165 432 4520
165 360 4520
133 428 4520
100 261 4520
24 136 4520
212 250 4520
90 431 4520
130 418 4520
160 187 4520
155 348 4520
170 336 4520
45 81 4520
99 441 4520
193 337 4520
176 399 4520
2 430 4520
40 217 4520
225 431 4520
97 427 4520
222 393 4520
69 373 4520
120 379 4520
225 395 4520
115 368 4520
5 143 4520
21 407 4520
160 367 4520
180 295 4520
198 396 4520
74 291 4520
76 151 4520
145 159 4520
183 215 4520
100 198 4520
44 266 4520
148 396 4520
29 41 4520
175 221 4520
194 363 4520
222 330 4520
27 448 4520
101 433 4520
53 140 4520
144 384 4520
124 443 4520
116 240 4520
96 237 4520
48 55 4520
26 83 4520
56 203 4520
224 320 4520
110 217 4520
112 223 4520
51 94 4520
212 286 4520
65 262 4520
152 195 4520
171 282 4520
95 192 4520
98 390 4520
111 223 4520
64 195 4520
55 416 4520
35 261 4520
224 339 4520
53 238 4520
94 398 4520
166 412 4520
117 187 4520
114 377 4520
10 439 4520
174 302 4520
184 262 4520
3 307 4520
140 344 4520
69 314 4520
6 235 4520
207 238 4520
202 382 4520
178 428 4520
127 341 4520
162 429 4520
115 264 4520
129 370 4520
61 288 4520
210 300 4520
55 294 4520
137 247 4520
113 381 4520
175 418 4520
204 215 4520
215 242 4520
10 34 4520
147 323 4520
207 349 4520
108 257 4520
191 370 4520
63 163 4520
162 262 4520
225 443 4520
32 37 4520
205 270 4520
138 294 4520
0 43 4520
188 369 4520
163 227 4520
119 207 4520
48 245 4520
29 180 4520
39 377 4520
109 146 4520
20 99 4520
118 282 4520
7 80 4520
207 252 4520
215 301 4520
30 179 4520
94 422 4520
57 205 4520
45 287 4520
203 236 4520
121 258 4520
67 98 4520
225 355 4520
173 293 4520
125 411 4520
175 280 4520
173 238 4520
76 226 4520
116 311 4520
197 358 4520
62 100 4520
105 203 4520
184 356 4520
204 289 4520
172 422 4520
24 352 4520
