0 1 4560
1 2 4560
2 3 4560
3 4 4560
4 5 4560
5 6 4560
6 7 4560
7 8 4560
8 9 4560
9 10 4560
10 11 4560
11 12 4560
12 13 4560
13 14 4560
14 15 4560
15 16 4560
16 17 4560
17 18 4560
18 19 4560
19 20 4560
20 21 4560
21 22 4560
22 23 4560
23 24 4560
24 25 4560
25 26 4560
26 27 4560
27 28 4560
28 29 4560
29 30 4560
30 31 4560
31 32 4560
32 33 4560
33 34 4560
34 35 4560
35 36 4560
36 37 4560
37 38 4560
38 39 4560
39 40 4560
40 41 4560
41 42 4560
42 43 4560
43 44 4560
44 45 4560
45 46 4560
46 47 4560
47 48 4560
48 49 4560
49 50 4560
50 51 4560
51 52 4560
52 53 4560
53 54 4560
54 55 4560
55 56 4560
56 57 4560
57 58 4560
58 59 4560
59 60 4560
60 61 4560
61 62 4560
62 63 4560
63 64 4560
64 65 4560
65 66 4560
66 67 4560
67 68 4560
68 69 4560
69 70 4560
70 71 4560
71 72 4560
72 73 4560
73 74 4560
74 75 4560
75 76 4560
76 77 4560
77 78 4560
78 79 4560
79 80 4560
80 81 4560
81 82 4560
82 83 4560
83 84 4560
84 85 4560
85 86 4560
86 87 4560
87 88 4560
88 89 4560
89 90 4560
90 91 4560
91 92 4560
92 93 4560
93 94 4560
94 95 4560
95 96 4560
96 97 4560
97 98 4560
98 99 4560
99 100 4560
100 101 4560
101 102 4560
102 103 4560
103 104 4560
104 105 4560
105 106 4560
106 107 4560
107 108 4560
108 109 4560
109 110 4560
110 111 4560
111 112 4560
112 113 4560
113 114 4560
114 115 4560
115 116 4560
116 117 4560
117 118 4560
118 119 4560
119 120 4560
120 121 4560
121 122 4560
122 123 4560
123 124 4560
124 125 4560
125 126 4560
126 127 4560
127 128 4560
128 129 4560
129 130 4560
130 131 4560
131 132 4560
132 133 4560
133 134 4560
134 135 4560
135 136 4560
136 137 4560
137 138 4560
138 139 4560
139 140 4560
140 141 4560
141 142 4560
142 143 4560
143 144 4560
144 145 4560
145 146 4560
146 147 4560
147 148 4560
148 149 4560
149 150 4560
150 151 4560
151 152 4560
152 153 4560
153 154 4560
154 155 4560
155 156 4560
156 157 4560
157 158 4560
158 159 4560
159 160 4560
160 161 4560
161 162 4560
162 163 4560
163 164 4560
164 165 4560
165 166 4560
166 167 4560
167 168 4560
168 169 4560
169 170 4560
170 171 4560
171 172 4560
172 173 4560
173 174 4560
174 175 4560
175 176 4560
176 177 4560
177 178 4560
178 179 4560
179 180 4560
180 181 4560
181 182 4560
182 183 4560
183 184 4560
184 185 4560
185 186 4560
186 187 4560
187 188 4560
188 189 4560
189 190 4560
190 191 4560
191 192 4560
192 193 4560
193 194 4560
194 195 4560
195 196 4560
196 197 4560
197 198 4560
198 199 4560
199 200 4560
200 201 4560
201 202 4560
202 203 4560
203 204 4560
204 205 4560
205 206 4560
206 207 4560
207 208 4560
208 209 4560
209 210 4560
210 211 4560
211 212 4560
212 213 4560
213 214 4560
214 215 4560
215 216 4560
216 217 4560
217 218 4560
218 219 4560
219 220 4560
220 221 4560
221 222 4560
222 223 4560
223 224 4560
224 225 4560
225 226 4560
226 227 4560
227 228 4560
228 229 4560
229 230 4560
230 231 4560
231 232 4560
232 233 4560
233 234 4560
234 235 4560
235 236 4560
236 237 4560
237 238 4560
238 239 4560
239 240 4560
240 241 4560
241 242 4560
242 243 4560
243 244 4560
244 245 4560
245 246 4560
246 247 4560
247 248 4560
248 249 4560
249 250 4560
250 251 4560
251 252 4560
252 253 4560
253 254 4560
254 255 4560
255 256 4560
256 257 4560
257 258 4560
258 259 4560
259 260 4560
260 261 4560
261 262 4560
262 263 4560
263 264 4560
264 265 4560
265 266 4560
266 267 4560
267 268 4560
268 269 4560
269 270 4560
270 271 4560
271 272 4560
272 273 4560
273 274 4560
274 275 4560
275 276 4560
276 277 4560
277 278 4560
278 279 4560
279 280 4560
280 281 4560
281 282 4560
282 283 4560
283 284 4560
284 285 4560
285 286 4560
286 287 4560
287 288 4560
288 289 4560
289 290 4560
290 291 4560
291 292 4560
292 293 4560
293 294 4560
294 295 4560
295 296 4560
296 297 4560
297 298 4560
298 299 4560
299 300 4560
300 301 4560
301 302 4560
302 303 4560
303 304 4560
304 305 4560
305 306 4560
306 307 4560
307 308 4560
308 309 4560
309 310 4560
310 311 4560
311 312 4560
312 313 4560
313 314 4560
314 315 4560
315 316 4560
316 317 4560
317 318 4560
318 319 4560
319 320 4560
320 321 4560
321 322 4560
322 323 4560
323 324 4560
324 325 4560
325 326 4560
326 327 4560
327 328 4560
328 329 4560
329 330 4560
330 331 4560
331 332 4560
332 333 4560
333 334 4560
334 335 4560
335 336 4560
336 337 4560
337 338 4560
338 339 4560
339 340 4560
340 341 4560
341 342 4560
342 343 4560
343 344 4560
344 345 4560
345 346 4560
346 347 4560
347 348 4560
348 349 4560
349 350 4560
350 351 4560
351 352 4560
352 353 4560
353 354 4560
354 355 4560
355 356 4560
356 357 4560
357 358 4560
358 359 4560
359 360 4560
360 361 4560
361 362 4560
362 363 4560
363 364 4560
364 365 4560
365 366 4560
366 367 4560
367 368 4560
368 369 4560
369 370 4560
370 371 4560
371 372 4560
372 373 4560
373 374 4560
374 375 4560
375 376 4560
376 377 4560
377 378 4560
378 379 4560
379 380 4560
380 381 4560
381 382 4560
382 383 4560
383 384 4560
384 385 4560
385 386 4560
386 387 4560
387 388 4560
388 389 4560
389 390 4560
390 391 4560
391 392 4560
392 393 4560
393 394 4560
394 395 4560
395 396 4560
396 397 4560
397 398 4560
398 399 4560
399 400 4560
400 401 4560
401 402 4560
402 403 4560
403 404 4560
404 405 4560
405 406 4560
406 407 4560
407 408 4560
408 409 4560
409 410 4560
410 411 4560
411 412 4560
412 413 4560
413 414 4560
414 415 4560
415 416 4560
416 417 4560
417 418 4560
418 419 4560
419 420 4560
420 421 4560
421 422 4560
422 423 4560
423 424 4560
424 425 4560
425 426 4560
426 427 4560
427 428 4560
428 429 4560
429 430 4560
430 431 4560
431 432 4560
432 433 4560
433 434 4560
434 435 4560
435 436 4560
436 437 4560
437 438 4560
438 439 4560
439 440 4560
440 441 4560
441 442 4560
442 443 4560
443 444 4560
444 445 4560
445 446 4560
446 447 4560
447 448 4560
448 449 4560
449 450 4560
450 451 4560
451 452 4560
452 453 4560
453 454 4560
454 455 4560
204 362 4560
147 322 4560
103 367 4560
219 249 4560
138 368 4560
201 300 4560
113 321 4560
54 418 4560
137 206 4560
221 271 4560
42 216 4560
151 299 4560
84 161 4560
132 235 4560
73 210 4560
177 319 4560
228 418 4560
59 185 4560
82 394 4560
175 201 4560
155 335 4560
188 377 4560
139 214 4560
137 207 4560
60 366 4560
55 170 4560
69 410 4560
25 386 4560
69 396 4560
13 430 4560
66 237 4560
92 162 4560
18 116 4560
146 330 4560
213 221 4560
23 329 4560
197 365 4560
137 442 4560
47 55 4560
113 313 4560
203 392 4560
186 279 4560
199 451 4560
216 326 4560
103 269 4560
119 248 4560
87 308 4560
9 373 4560
29 447 4560
172 222 4560
125 221 4560
127 230 4560
156 294 4560
62 102 4560
218 320 4560
98 105 4560
221 396 4560
30 446 4560
134 296 4560
196 416 4560
43 282 4560
102 120 4560
82 313 4560
161 197 4560
53 249 4560
69 429 4560
27 109 4560
165 278 4560
52 366 4560
58 390 4560
183 286 4560
194 247 4560
211 449 4560
83 137 4560
226 303 4560
30 402 4560
132 201 4560
116 241 4560
16 384 4560
50 69 4560
6 43 4560
5 305 4560
151 275 4560
31 38 4560
164 325 4560
213 279 4560
202 313 4560
56 405 4560
144 314 4560
55 97 4560
47 386 4560
103 258 4560
211 382 4560
74 125 4560
228 379 4560
37 353 4560
146 300 4560
119 437 4560
50 164 4560
119 405 4560
98 443 4560
206 375 4560
78 202 4560
73 384 4560
43 441 4560
208 264 4560
144 433 4560
42 364 4560
170 194 4560
210 214 4560
223 265 4560
191 440 4560
70 78 4560
139 369 4560
200 210 4560
208 368 4560
166 185 4560
80 390 4560
104 239 4560
65 241 4560
147 273 4560
171 365 4560
57 262 4560
158 232 4560
188 430 4560
150 318 4560
214 410 4560
116 241 4560
79 177 4560
100 386 4560
218 231 4560
179 248 4560
190 203 4560
47 441 4560
97 290 4560
156 300 4560
190 380 4560
213 371 4560
85 174 4560
30 257 4560
95 268 4560
164 296 4560
92 268 4560
164 280 4560
209 414 4560
125 352 4560
37 422 4560
214 236 4560
15 320 4560
204 246 4560
87 412 4560
48 132 4560
122 160 4560
150 275 4560
59 294 4560
179 250 4560
142 321 4560
226 299 4560
203 437 4560
160 244 4560
163 400 4560
17 256 4560
104 269 4560
131 291 4560
219 233 4560
86 103 4560
51 335 4560
130 348 4560
52 440 4560
115 234 4560
36 294 4560
168 438 4560
121 370 4560
38 85 4560
143 393 4560
161 194 4560
227 412 4560
161 176 4560
78 244 4560
138 301 4560
60 372 4560
28 93 4560
186 269 4560
96 243 4560
56 93 4560
169 259 4560
194 379 4560
124 129 4560
81 132 4560
63 244 4560
114 384 4560
162 260 4560
135 396 4560
26 137 4560
188 308 4560
121 349 4560
174 406 4560
0 58 4560
197 421 4560
47 164 4560
102 129 4560
164 287 4560
120 235 4560
176 411 4560
32 96 4560
71 315 4560
75 164 4560
56 199 4560
32 311 4560
79 218 4560
40 96 4560
52 198 4560
150 195 4560
107 289 4560
13 37 4560
153 340 4560
162 434 4560
113 385 4560
117 207 4560
7 195 4560
117 154 4560
226 349 4560
21 96 4560
68 88 4560
61 333 4560
94 226 4560
42 374 4560
142 163 4560
121 220 4560
105 383 4560
128 201 4560
59 110 4560
145 154 4560
194 294 4560
21 349 4560
163 204 4560
69 215 4560
181 440 4560
84 359 4560
218 369 4560
109 167 4560
199 391 4560
212 335 4560
13 146 4560
33 419 4560
126 152 4560
26 229 4560
44 442 4560
103 184 4560
149 397 4560
221 368 4560
54 411 4560
119 125 4560
21 132 4560
1 388 4560
165 418 4560
161 295 4560
96 378 4560
129 267 4560
55 220 4560
2 384 4560
193 453 4560
201 310 4560
78 137 4560
227 407 4560
156 302 4560
72 281 4560
121 198 4560
213 279 4560
1 338 4560
190 425 4560
207 365 4560
121 160 4560
152 345 4560
47 112 4560
76 453 4560
51 102 4560
80 293 4560
13 156 4560
50 362 4560
26 358 4560
23 426 4560
173 265 4560
30 198 4560
65 455 4560
216 249 4560
162 189 4560
145 239 4560
73 343 4560
226 362 4560
169 385 4560
38 49 4560
151 243 4560
116 372 4560
127 359 4560
199 203 4560
91 232 4560
163 297 4560
211 249 4560
220 278 4560
106 131 4560
166 417 4560
131 333 4560
48 348 4560
17 385 4560
56 59 4560
183 279 4560
72 194 4560
43 360 4560
106 428 4560
103 335 4560
70 192 4560
177 379 4560
219 317 4560
12 39 4560
108 442 4560
147 277 4560
44 388 4560
174 249 4560
52 410 4560
105 233 4560
113 117 4560
57 364 4560
19 379 4560
123 425 4560
67 229 4560
3 403 4560
153 185 4560
157 441 4560
92 282 4560
123 240 4560
187 196 4560
219 437 4560
199 448 4560
58 326 4560
185 422 4560
132 184 4560
112 374 4560
152 412 4560
26 212 4560
179 239 4560
70 163 4560
192 316 4560
152 307 4560
45 54 4560
74 378 4560
170 179 4560
145 365 4560
186 249 4560
125 287 4560
153 426 4560
84 204 4560
21 98 4560
18 72 4560
6 199 4560
139 331 4560
39 231 4560
123 303 4560
13 332 4560
129 145 4560
44 242 4560
174 236 4560
106 131 4560
218 388 4560
119 323 4560
173 378 4560
8 165 4560
114 333 4560
146 349 4560
6 263 4560
40 67 4560
84 140 4560
104 327 4560
135 336 4560
172 416 4560
69 98 4560
35 400 4560
87 452 4560
192 340 4560
138 384 4560
31 40 4560
63 163 4560
194 430 4560
158 319 4560
12 273 4560
84 240 4560
210 248 4560
150 161 4560
218 233 4560
106 284 4560
46 77 4560
105 289 4560
20 437 4560
187 261 4560
146 369 4560
200 363 4560
128 164 4560
216 306 4560
216 392 4560
59 237 4560
171 447 4560
104 155 4560
192 223 4560
146 347 4560
186 422 4560
148 201 4560
94 372 4560
132 231 4560
213 443 4560
179 365 4560
81 184 4560
31 383 4560
86 347 4560
26 134 4560
178 234 4560
52 85 4560
184 193 4560
72 297 4560
62 355 4560
97 128 4560
70 106 4560
126 133 4560
64 268 4560
10 340 4560
8 377 4560
8 272 4560
93 400 4560
196 236 4560
116 344 4560
90 353 4560
49 204 4560
106 395 4560
34 287 4560
38 256 4560
74 165 4560
80 439 4560
194 348 4560
109 346 4560
10 159 4560
57 439 4560
122 374 4560
4 369 4560
102 204 4560
136 296 4560
185 353 4560
138 243 4560
25 348 4560
55 68 4560
178 302 4560
204 256 4560
103 168 4560
142 169 4560
