0 1 4600
1 2 4600
2 3 4600
3 4 4600
4 5 4600
5 6 4600
6 7 4600
7 8 4600
8 9 4600
9 10 4600
10 11 4600
11 12 4600
12 13 4600
13 14 4600
14 15 4600
15 16 4600
16 17 4600
17 18 4600
18 19 4600
19 20 4600
20 21 4600
21 22 4600
22 23 4600
23 24 4600
24 25 4600
25 26 4600
26 27 4600
27 28 4600
28 29 4600
29 30 4600
30 31 4600
31 32 4600
32 33 4600
33 34 4600
34 35 4600
35 36 4600
36 37 4600
37 38 4600
38 39 4600
39 40 4600
40 41 4600
41 42 4600
42 43 4600
43 44 4600
44 45 4600
45 46 4600
46 47 4600
47 48 4600
48 49 4600
49 50 4600
50 51 4600
51 52 4600
52 53 4600
53 54 4600
54 55 4600
55 56 4600
56 57 4600
57 58 4600
58 59 4600
59 60 4600
60 61 4600
61 62 4600
62 63 4600
63 64 4600
64 65 4600
65 66 4600
66 67 4600
67 68 4600
68 69 4600
69 70 4600
70 71 4600
71 72 4600
72 73 4600
73 74 4600
74 75 4600
75 76 4600
76 77 4600
77 78 4600
78 79 4600
79 80 4600
80 81 4600
81 82 4600
82 83 4600
83 84 4600
84 85 4600
85 86 4600
86 87 4600
87 88 4600
88 89 4600
89 90 4600
90 91 4600
91 92 4600
92 93 4600
93 94 4600
94 95 4600
95 96 4600
96 97 4600
97 98 4600
98 99 4600
99 100 4600
100 101 4600
101 102 4600
102 103 4600
103 104 4600
104 105 4600
105 106 4600
106 107 4600
107 108 4600
108 109 4600
109 110 4600
110 111 4600
111 112 4600
112 113 4600
113 114 4600
114 115 4600
115 116 4600
116 117 4600
117 118 4600
118 119 4600
119 120 4600
120 121 4600
121 122 4600
122 123 4600
123 124 4600
124 125 4600
125 126 4600
126 127 4600
127 128 4600
128 129 4600
129 130 4600
130 131 4600
131 132 4600
132 133 4600
133 134 4600
134 135 4600
135 136 4600
136 137 4600
137 138 4600
138 139 4600
139 140 4600
140 141 4600
141 142 4600
142 143 4600
143 144 4600
144 145 4600
145 146 4600
146 147 4600
147 148 4600
148 149 4600
149 150 4600
150 151 4600
151 152 4600
152 153 4600
153 154 4600
154 155 4600
155 156 4600
156 157 4600
157 158 4600
158 159 4600
159 160 4600
160 161 4600
161 162 4600
162 163 4600
163 164 4600
164 165 4600
165 166 4600
166 167 4600
167 168 4600
168 169 4600
169 170 4600
170 171 4600
171 172 4600
172 173 4600
173 174 4600
174 175 4600
175 176 4600
176 177 4600
177 178 4600
178 179 4600
179 180 4600
180 181 4600
181 182 4600
182 183 4600
183 184 4600
184 185 4600
185 186 4600
186 187 4600
187 188 4600
188 189 4600
189 190 4600
190 191 4600
191 192 4600
192 193 4600
193 194 4600
194 195 4600
195 196 4600
196 197 4600
197 198 4600
198 199 4600
199 200 4600
200 201 4600
201 202 4600
202 203 4600
203 204 4600
204 205 4600
205 206 4600
206 207 4600
207 208 4600
208 209 4600
209 210 4600
210 211 4600
211 212 4600
212 213 4600
213 214 4600
214 215 4600
215 216 4600
216 217 4600
217 218 4600
218 219 4600
219 220 4600
220 221 4600
221 222 4600
222 223 4600
223 224 4600
224 225 4600
225 226 4600
226 227 4600
227 228 4600
228 229 4600
229 230 4600
230 231 4600
231 232 4600
232 233 4600
233 234 4600
234 235 4600
235 236 4600
236 237 4600
237 238 4600
238 239 4600
239 240 4600
240 241 4600
241 242 4600
242 243 4600
243 244 4600
244 245 4600
245 246 4600
246 247 4600
247 248 4600
248 249 4600
249 250 4600
250 251 4600
251 252 4600
252 253 4600
253 254 4600
254 255 4600
255 256 4600
256 257 4600
257 258 4600
258 259 4600
259 260 4600
260 261 4600
261 262 4600
262 263 4600
263 264 4600
264 265 4600
265 266 4600
266 267 4600
267 268 4600
268 269 4600
269 270 4600
270 271 4600
271 272 4600
272 273 4600
273 274 4600
274 275 4600
275 276 4600
276 277 4600
277 278 4600
278 279 4600
279 280 4600
280 281 4600
281 282 4600
282 283 4600
283 284 4600
284 285 4600
285 286 4600
286 287 4600
287 288 4600
288 289 4600
289 290 4600
290 291 4600
291 292 4600
292 293 4600
293 294 4600
294 295 4600
295 296 4600
296 297 4600
297 298 4600
298 299 4600
299 300 4600
300 301 4600
301 302 4600
302 303 4600
303 304 4600
304 305 4600
305 306 4600
306 307 4600
307 308 4600
308 309 4600
309 310 4600
310 311 4600
311 312 4600
312 313 4600
313 314 4600
314 315 4600
315 316 4600
316 317 4600
317 318 4600
318 319 4600
319 320 4600
320 321 4600
321 322 4600
322 323 4600
323 324 4600
324 325 4600
325 326 4600
326 327 4600
327 328 4600
328 329 4600
329 330 4600
330 331 4600
331 332 4600
332 333 4600
333 334 4600
334 335 4600
335 336 4600
336 337 4600
337 338 4600
338 339 4600
339 340 4600
340 341 4600
341 342 4600
342 343 4600
343 344 4600
344 345 4600
345 346 4600
346 347 4600
347 348 4600
348 349 4600
349 350 4600
350 351 4600
351 352 4600
352 353 4600
353 354 4600
354 355 4600
355 356 4600
356 357 4600
357 358 4600
358 359 4600
359 360 4600
360 361 4600
361 362 4600
362 363 4600
363 364 4600
364 365 4600
365 366 4600
366 367 4600
367 368 4600
368 369 4600
369 370 4600
370 371 4600
371 372 4600
372 373 4600
373 374 4600
374 375 4600
375 376 4600
376 377 4600
377 378 4600
378 379 4600
379 380 4600
380 381 4600
381 382 4600
382 383 4600
383 384 4600
384 385 4600
385 386 4600
386 387 4600
387 388 4600
388 389 4600
389 390 4600
390 391 4600
391 392 4600
392 393 4600
393 394 4600
394 395 4600
395 396 4600
396 397 4600
397 398 4600
398 399 4600
399 400 4600
400 401 4600
401 402 4600
402 403 4600
403 404 4600
404 405 4600
405 406 4600
406 407 4600
407 408 4600
408 409 4600
409 410 4600
410 411 4600
411 412 4600
412 413 4600
413 414 4600
414 415 4600
415 416 4600
416 417 4600
417 418 4600
418 419 4600
419 420 4600
420 421 4600
421 422 4600
422 423 4600
423 424 4600
424 425 4600
425 426 4600
426 427 4600
427 428 4600
428 429 4600
429 430 4600
430 431 4600
431 432 4600
432 433 4600
433 434 4600
434 435 4600
435 436 4600
436 437 4600
437 438 4600
438 439 4600
439 440 4600
440 441 4600
441 442 4600
442 443 4600
443 444 4600
444 445 4600
445 446 4600
446 447 4600
447 448 4600
448 449 4600
449 450 4600
450 451 4600
451 452 4600
452 453 4600
453 454 4600
454 455 4600
455 456 4600
456 457 4600
457 458 4600
458 459 4600
191 244 4600
85 282 4600
135 143 4600
157 380 4600
73 80 4600
35 199 4600
217 296 4600
57 427 4600
199 260 4600
160 390 4600
51 239 4600
210 260 4600
121 430 4600
113 427 4600
230 290 4600
206 412 4600
114 347 4600
137 265 4600
44 440 4600
69 448 4600
99 304 4600
87 159 4600
120 332 4600
190 448 4600
41 174 4600
16 153 4600
138 203 4600
189 244 4600
176 438 4600
215 386 4600
175 421 4600
65 235 4600
215 350 4600
52 173 4600
199 256 4600
200 259 4600
184 350 4600
68 165 4600
229 349 4600
54 402 4600
12 205 4600
4 394 4600
117 130 4600
201 272 4600
112 312 4600
156 172 4600
208 341 4600
61 155 4600
182 202 4600
229 312 4600
100 308 4600
144 203 4600
79 340 4600
117 373 4600
192 200 4600
142 178 4600
198 286 4600
42 154 4600
76 249 4600
81 121 4600
181 359 4600
183 254 4600
42 126 4600
140 319 4600
158 403 4600
85 354 4600
79 251 4600
30 418 4600
48 400 4600
32 53 4600
52 402 4600
87 322 4600
200 350 4600
35 397 4600
196 201 4600
104 312 4600
145 337 4600
157 161 4600
68 250 4600
190 416 4600
55 451 4600
178 208 4600
85 205 4600
109 442 4600
161 169 4600
68 212 4600
187 262 4600
193 456 4600
22 120 4600
123 414 4600
118 433 4600
193 380 4600
217 259 4600
3 15 4600
88 358 4600
50 177 4600
85 376 4600
153 318 4600
56 244 4600
124 298 4600
79 367 4600
130 411 4600
162 404 4600
87 448 4600
114 272 4600
84 450 4600
38 209 4600
91 96 4600
183 287 4600
155 376 4600
127 322 4600
116 439 4600
3 154 4600
10 79 4600
171 313 4600
5 13 4600
71 226 4600
54 447 4600
136 431 4600
65 72 4600
206 427 4600
222 245 4600
9 380 4600
70 139 4600
202 381 4600
27 416 4600
129 160 4600
34 198 4600
145 345 4600
151 388 4600
154 250 4600
37 250 4600
178 320 4600
96 206 4600
5 167 4600
5 453 4600
116 118 4600
28 152 4600
14 320 4600
66 259 4600
17 116 4600
184 363 4600
198 235 4600
227 282 4600
21 217 4600
186 268 4600
119 368 4600
165 394 4600
92 270 4600
161 182 4600
154 381 4600
122 296 4600
127 404 4600
59 253 4600
20 221 4600
230 289 4600
90 303 4600
116 307 4600
131 333 4600
163 318 4600
181 184 4600
184 282 4600
35 407 4600
193 243 4600
114 374 4600
47 114 4600
110 286 4600
24 399 4600
82 296 4600
208 274 4600
15 320 4600
48 296 4600
221 365 4600
134 303 4600
42 149 4600
139 358 4600
81 158 4600
71 293 4600
138 442 4600
84 326 4600
27 234 4600
91 337 4600
86 239 4600
93 434 4600
185 281 4600
28 422 4600
199 250 4600
172 344 4600
169 244 4600
33 421 4600
102 255 4600
125 352 4600
228 453 4600
110 448 4600
49 305 4600
208 335 4600
221 447 4600
89 231 4600
193 372 4600
114 417 4600
155 410 4600
129 138 4600
89 326 4600
184 406 4600
172 415 4600
206 216 4600
105 391 4600
74 410 4600
192 333 4600
160 393 4600
223 388 4600
220 297 4600
127 272 4600
54 362 4600
83 329 4600
40 413 4600
230 389 4600
224 294 4600
38 380 4600
166 284 4600
134 370 4600
145 363 4600
88 95 4600
58 331 4600
60 131 4600
109 443 4600
230 253 4600
134 368 4600
216 288 4600
168 183 4600
32 200 4600
147 235 4600
59 191 4600
31 418 4600
42 84 4600
151 213 4600
211 333 4600
222 387 4600
165 251 4600
60 88 4600
2 390 4600
130 329 4600
57 118 4600
178 323 4600
157 447 4600
46 71 4600
107 260 4600
125 395 4600
59 446 4600
226 421 4600
11 75 4600
168 375 4600
26 193 4600
60 78 4600
51 93 4600
33 168 4600
62 350 4600
84 270 4600
183 388 4600
217 318 4600
139 325 4600
190 325 4600
185 351 4600
100 123 4600
48 336 4600
204 238 4600
180 209 4600
218 361 4600
102 233 4600
128 275 4600
212 276 4600
54 133 4600
82 335 4600
16 373 4600
186 358 4600
204 387 4600
46 426 4600
109 227 4600
105 146 4600
56 313 4600
45 245 4600
58 158 4600
135 388 4600
128 389 4600
136 208 4600
163 189 4600
72 279 4600
62 371 4600
134 172 4600
172 446 4600
120 410 4600
63 156 4600
10 334 4600
199 246 4600
94 133 4600
18 82 4600
49 158 4600
90 106 4600
81 411 4600
75 220 4600
60 147 4600
225 353 4600
226 251 4600
224 240 4600
109 371 4600
52 134 4600
174 305 4600
143 214 4600
197 368 4600
150 361 4600
141 222 4600
115 209 4600
184 449 4600
113 173 4600
206 447 4600
60 386 4600
64 100 4600
3 330 4600
164 212 4600
142 279 4600
174 426 4600
213 390 4600
175 246 4600
195 217 4600
78 245 4600
48 246 4600
96 104 4600
16 93 4600
7 161 4600
100 234 4600
78 237 4600
108 349 4600
159 372 4600
28 360 4600
14 82 4600
107 151 4600
127 240 4600
42 173 4600
201 209 4600
230 250 4600
23 253 4600
11 156 4600
159 424 4600
221 426 4600
39 444 4600
14 216 4600
203 275 4600
106 172 4600
148 244 4600
38 358 4600
94 118 4600
135 243 4600
93 408 4600
15 320 4600
141 375 4600
148 235 4600
94 97 4600
57 132 4600
40 88 4600
175 396 4600
47 243 4600
20 199 4600
36 331 4600
188 284 4600
31 309 4600
171 322 4600
71 363 4600
119 262 4600
75 380 4600
73 121 4600
212 340 4600
25 148 4600
83 88 4600
190 405 4600
53 241 4600
48 220 4600
42 319 4600
90 340 4600
213 380 4600
221 232 4600
187 283 4600
182 214 4600
115 344 4600
189 393 4600
128 235 4600
10 69 4600
97 266 4600
143 232 4600
45 90 4600
29 61 4600
11 351 4600
37 256 4600
157 401 4600
88 104 4600
10 433 4600
144 199 4600
107 262 4600
65 222 4600
28 421 4600
197 371 4600
177 411 4600
199 280 4600
88 396 4600
45 224 4600
92 105 4600
163 400 4600
173 436 4600
198 231 4600
208 328 4600
92 410 4600
176 386 4600
129 171 4600
229 455 4600
172 175 4600
147 428 4600
141 268 4600
58 107 4600
223 294 4600
39 204 4600
0 10 4600
98 170 4600
44 245 4600
56 64 4600
165 315 4600
114 384 4600
60 146 4600
21 255 4600
128 358 4600
127 291 4600
82 231 4600
95 412 4600
44 259 4600
83 134 4600
30 151 4600
180 456 4600
161 319 4600
158 319 4600
4 373 4600
191 335 4600
32 45 4600
91 456 4600
13 110 4600
166 237 4600
146 430 4600
82 307 4600
162 247 4600
69 329 4600
195 214 4600
108 119 4600
64 359 4600
225 234 4600
79 458 4600
107 303 4600
99 196 4600
226 430 4600
34 265 4600
172 250 4600
