0 1 4640
1 2 4640
2 3 4640
3 4 4640
4 5 4640
5 6 4640
6 7 4640
7 8 4640
8 9 4640
9 10 4640
10 11 4640
11 12 4640
12 13 4640
13 14 4640
14 15 4640
15 16 4640
16 17 4640
17 18 4640
18 19 4640
19 20 4640
20 21 4640
21 22 4640
22 23 4640
23 24 4640
24 25 4640
25 26 4640
26 27 4640
27 28 4640
28 29 4640
29 30 4640
30 31 4640
31 32 4640
32 33 4640
33 34 4640
34 35 4640
35 36 4640
36 37 4640
37 38 4640
38 39 4640
39 40 4640
40 41 4640
41 42 4640
42 43 4640
43 44 4640
44 45 4640
45 46 4640
46 47 4640
47 48 4640
48 49 4640
49 50 4640
50 51 4640
51 52 4640
52 53 4640
53 54 4640
54 55 4640
55 56 4640
56 57 4640
57 58 4640
58 59 4640
59 60 4640
60 61 4640
61 62 4640
62 63 4640
63 64 4640
64 65 4640
65 66 4640
66 67 4640
67 68 4640
68 69 4640
69 70 4640
70 71 4640
71 72 4640
72 73 4640
73 74 4640
74 75 4640
75 76 4640
76 77 4640
77 78 4640
78 79 4640
79 80 4640
80 81 4640
81 82 4640
82 83 4640
83 84 4640
84 85 4640
85 86 4640
86 87 4640
87 88 4640
88 89 4640
89 90 4640
90 91 4640
91 92 4640
92 93 4640
93 94 4640
94 95 4640
95 96 4640
96 97 4640
97 98 4640
98 99 4640
99 100 4640
100 101 4640
101 102 4640
102 103 4640
103 104 4640
104 105 4640
105 106 4640
106 107 4640
107 108 4640
108 109 4640
109 110 4640
110 111 4640
111 112 4640
112 113 4640
113 114 4640
114 115 4640
115 116 4640
116 117 4640
117 118 4640
118 119 4640
119 120 4640
120 121 4640
121 122 4640
122 123 4640
123 124 4640
124 125 4640
125 126 4640
126 127 4640
127 128 4640
128 129 4640
129 130 4640
130 131 4640
131 132 4640
132 133 4640
133 134 4640
134 135 4640
135 136 4640
136 137 4640
137 138 4640
138 139 4640
139 140 4640
140 141 4640
141 142 4640
142 143 4640
143 144 4640
144 145 4640
145 146 4640
146 147 4640
147 148 4640
148 149 4640
149 150 4640
150 151 4640
151 152 4640
152 153 4640
153 154 4640
154 155 4640
155 156 4640
156 157 4640
157 158 4640
158 159 4640
159 160 4640
160 161 4640
161 162 4640
162 163 4640
163 164 4640
164 165 4640
165 166 4640
166 167 4640
167 168 4640
168 169 4640
169 170 4640
170 171 4640
171 172 4640
172 173 4640
173 174 4640
174 175 4640
175 176 4640
176 177 4640
177 178 4640
178 179 4640
179 180 4640
180 181 4640
181 182 4640
182 183 4640
183 184 4640
184 185 4640
185 186 4640
186 187 4640
187 188 4640
188 189 4640
189 190 4640
190 191 4640
191 192 4640
192 193 4640
193 194 4640
194 195 4640
195 196 4640
196 197 4640
197 198 4640
198 199 4640
199 200 4640
200 201 4640
201 202 4640
202 203 4640
203 204 4640
204 205 4640
205 206 4640
206 207 4640
207 208 4640
208 209 4640
209 210 4640
210 211 4640
211 212 4640
212 213 4640
213 214 4640
214 215 4640
215 216 4640
216 217 4640
217 218 4640
218 219 4640
219 220 4640
220 221 4640
221 222 4640
222 223 4640
223 224 4640
224 225 4640
225 226 4640
226 227 4640
227 228 4640
228 229 4640
229 230 4640
230 231 4640
231 232 4640
232 233 4640
233 234 4640
234 235 4640
235 236 4640
236 237 4640
237 238 4640
238 239 4640
239 240 4640
240 241 4640
241 242 4640
242 243 4640
243 244 4640
244 245 4640
245 246 4640
246 247 4640
247 248 4640
248 249 4640
249 250 4640
250 251 4640
251 252 4640
252 253 4640
253 254 4640
254 255 4640
255 256 4640
256 257 4640
257 258 4640
258 259 4640
259 260 4640
260 261 4640
261 262 4640
262 263 4640
263 264 4640
264 265 4640
265 266 4640
266 267 4640
267 268 4640
268 269 4640
269 270 4640
270 271 4640
271 272 4640
272 273 4640
273 274 4640
274 275 4640
275 276 4640
276 277 4640
277 278 4640
278 279 4640
279 280 4640
280 281 4640
281 282 4640
282 283 4640
283 284 4640
284 285 4640
285 286 4640
286 287 4640
287 288 4640
288 289 4640
289 290 4640
290 291 4640
291 292 4640
292 293 4640
293 294 4640
294 295 4640
295 296 4640
296 297 4640
297 298 4640
298 299 4640
299 300 4640
300 301 4640
301 302 4640
302 303 4640
303 304 4640
304 305 4640
305 306 4640
306 307 4640
307 308 4640
308 309 4640
309 310 4640
310 311 4640
311 312 4640
312 313 4640
313 314 4640
314 315 4640
315 316 4640
316 317 4640
317 318 4640
318 319 4640
319 320 4640
320 321 4640
321 322 4640
322 323 4640
323 324 4640
324 325 4640
325 326 4640
326 327 4640
327 328 4640
328 329 4640
329 330 4640
330 331 4640
331 332 4640
332 333 4640
333 334 4640
334 335 4640
335 336 4640
336 337 4640
337 338 4640
338 339 4640
339 340 4640
340 341 4640
341 342 4640
342 343 4640
343 344 4640
344 345 4640
345 346 4640
346 347 4640
347 348 4640
348 349 4640
349 350 4640
350 351 4640
351 352 4640
352 353 4640
353 354 4640
354 355 4640
355 356 4640
356 357 4640
357 358 4640
358 359 4640
359 360 4640
360 361 4640
361 362 4640
362 363 4640
363 364 4640
364 365 4640
365 366 4640
366 367 4640
367 368 4640
368 369 4640
369 370 4640
370 371 4640
371 372 4640
372 373 4640
373 374 4640
374 375 4640
375 376 4640
376 377 4640
377 378 4640
378 379 4640
379 380 4640
380 381 4640
381 382 4640
382 383 4640
383 384 4640
384 385 4640
385 386 4640
386 387 4640
387 388 4640
388 389 4640
389 390 4640
390 391 4640
391 392 4640
392 393 4640
393 394 4640
394 395 4640
395 396 4640
396 397 4640
397 398 4640
398 399 4640
399 400 4640
400 401 4640
401 402 4640
402 403 4640
403 404 4640
404 405 4640
405 406 4640
406 407 4640
407 408 4640
408 409 4640
409 410 4640
410 411 4640
411 412 4640
412 413 4640
413 414 4640
414 415 4640
415 416 4640
416 417 4640
417 418 4640
418 419 4640
419 420 4640
420 421 4640
421 422 4640
422 423 4640
423 424 4640
424 425 4640
425 426 4640
426 427 4640
427 428 4640
428 429 4640
429 430 4640
430 431 4640
431 432 4640
432 433 4640
433 434 4640
434 435 4640
435 436 4640
436 437 4640
437 438 4640
438 439 4640
439 440 4640
440 441 4640
441 442 4640
442 443 4640
443 444 4640
444 445 4640
445 446 4640
446 447 4640
447 448 4640
448 449 4640
449 450 4640
450 451 4640
451 452 4640
452 453 4640
453 454 4640
454 455 4640
455 456 4640
456 457 4640
457 458 4640
458 459 4640
459 460 4640
460 461 4640
461 462 4640
462 463 4640
102 367 4640
171 387 4640
124 446 4640
57 274 4640
72 258 4640
36 259 4640
206 359 4640
137 238 4640
8 145 4640
79 363 4640
34 347 4640
94 255 4640
214 299 4640
6 311 4640
131 322 4640
47 412 4640
175 351 4640
86 408 4640
83 236 4640
36 202 4640
213 404 4640
29 249 4640
181 265 4640
23 361 4640
194 273 4640
134 283 4640
161 402 4640
85 136 4640
169 303 4640
96 454 4640
7 271 4640
222 438 4640
196 424 4640
87 426 4640
32 376 4640
21 185 4640
185 249 4640
183 413 4640
136 399 4640
152 281 4640
170 412 4640
203 374 4640
162 187 4640
85 265 4640
144 408 4640
179 334 4640
85 433 4640
203 348 4640
60 399 4640
8 50 4640
164 280 4640
228 450 4640
169 320 4640
177 255 4640
51 272 4640
137 191 4640
84 151 4640
223 334 4640
108 428 4640
4 98 4640
210 297 4640
96 281 4640
155 185 4640
87 346 4640
228 406 4640
109 431 4640
198 370 4640
64 116 4640
27 268 4640
50 128 4640
22 345 4640
199 377 4640
107 150 4640
110 233 4640
10 268 4640
232 328 4640
207 285 4640
133 203 4640
118 120 4640
113 222 4640
49 257 4640
109 423 4640
122 291 4640
94 215 4640
163 431 4640
200 414 4640
135 349 4640
16 307 4640
184 318 4640
213 317 4640
186 456 4640
88 244 4640
166 352 4640
45 463 4640
224 422 4640
78 427 4640
197 349 4640
145 238 4640
87 234 4640
43 369 4640
158 262 4640
198 433 4640
125 328 4640
11 267 4640
147 274 4640
52 389 4640
145 154 4640
34 143 4640
63 82 4640
102 118 4640
153 243 4640
38 89 4640
231 343 4640
6 179 4640
206 290 4640
121 252 4640
41 182 4640
162 417 4640
116 450 4640
182 314 4640
35 142 4640
20 450 4640
61 76 4640
97 162 4640
124 289 4640
128 353 4640
25 414 4640
154 157 4640
70 232 4640
21 411 4640
76 332 4640
151 373 4640
10 329 4640
154 274 4640
2 351 4640
164 292 4640
32 271 4640
96 266 4640
169 352 4640
82 151 4640
41 338 4640
219 321 4640
18 320 4640
47 327 4640
137 280 4640
152 166 4640
223 244 4640
146 403 4640
155 343 4640
229 372 4640
20 94 4640
174 321 4640
52 77 4640
1 177 4640
55 346 4640
122 222 4640
67 378 4640
110 455 4640
141 201 4640
218 253 4640
21 318 4640
142 247 4640
131 138 4640
147 444 4640
34 262 4640
77 253 4640
126 387 4640
154 267 4640
2 121 4640
65 336 4640
87 459 4640
225 297 4640
130 201 4640
224 345 4640
218 230 4640
46 409 4640
125 452 4640
185 362 4640
27 359 4640
28 371 4640
35 277 4640
119 432 4640
114 279 4640
39 284 4640
96 198 4640
57 396 4640
24 396 4640
52 336 4640
15 154 4640
19 111 4640
161 294 4640
44 355 4640
161 169 4640
144 409 4640
222 356 4640
61 445 4640
149 333 4640
180 236 4640
17 127 4640
151 442 4640
5 356 4640
129 206 4640
161 391 4640
31 386 4640
40 374 4640
97 441 4640
208 335 4640
90 386 4640
135 298 4640
33 345 4640
127 155 4640
142 173 4640
98 439 4640
113 390 4640
99 255 4640
58 106 4640
7 459 4640
65 321 4640
143 359 4640
1 123 4640
115 192 4640
50 379 4640
5 75 4640
74 302 4640
19 202 4640
75 181 4640
50 170 4640
192 238 4640
145 200 4640
126 301 4640
104 410 4640
199 282 4640
106 190 4640
107 261 4640
178 396 4640
214 448 4640
62 424 4640
6 96 4640
86 366 4640
142 241 4640
16 114 4640
93 404 4640
183 218 4640
191 280 4640
156 168 4640
159 426 4640
4 7 4640
101 354 4640
119 280 4640
48 438 4640
45 264 4640
12 17 4640
229 240 4640
133 400 4640
95 456 4640
71 81 4640
182 199 4640
126 325 4640
116 229 4640
40 95 4640
10 230 4640
105 355 4640
217 227 4640
49 398 4640
172 410 4640
171 253 4640
15 200 4640
71 148 4640
157 311 4640
77 425 4640
228 319 4640
63 76 4640
176 206 4640
23 453 4640
8 100 4640
99 154 4640
71 206 4640
200 363 4640
174 306 4640
97 143 4640
228 297 4640
163 433 4640
29 424 4640
78 373 4640
80 167 4640
213 403 4640
7 92 4640
83 160 4640
175 255 4640
6 158 4640
225 356 4640
65 312 4640
63 98 4640
29 174 4640
207 271 4640
217 407 4640
16 391 4640
77 123 4640
230 302 4640
42 420 4640
60 188 4640
109 211 4640
222 460 4640
27 361 4640
25 65 4640
166 248 4640
130 416 4640
14 81 4640
193 276 4640
178 413 4640
43 436 4640
36 431 4640
212 236 4640
134 433 4640
39 176 4640
178 324 4640
3 150 4640
14 267 4640
201 215 4640
86 185 4640
133 420 4640
94 224 4640
114 178 4640
142 156 4640
203 275 4640
116 445 4640
86 318 4640
19 124 4640
103 328 4640
15 422 4640
19 399 4640
223 260 4640
15 257 4640
70 450 4640
173 175 4640
121 223 4640
174 456 4640
141 367 4640
162 406 4640
161 391 4640
3 19 4640
67 358 4640
106 244 4640
208 300 4640
49 219 4640
205 233 4640
183 257 4640
221 419 4640
169 414 4640
6 208 4640
46 425 4640
226 402 4640
74 251 4640
168 304 4640
1 255 4640
137 177 4640
226 441 4640
180 301 4640
136 451 4640
44 441 4640
162 317 4640
84 138 4640
11 410 4640
49 391 4640
219 235 4640
213 440 4640
156 214 4640
44 430 4640
129 221 4640
198 313 4640
204 432 4640
229 313 4640
131 329 4640
29 68 4640
127 405 4640
194 330 4640
220 363 4640
14 69 4640
190 208 4640
150 371 4640
143 173 4640
96 394 4640
12 57 4640
7 19 4640
170 229 4640
203 322 4640
104 244 4640
230 340 4640
82 254 4640
156 237 4640
177 327 4640
100 385 4640
226 343 4640
15 173 4640
51 306 4640
45 247 4640
102 176 4640
206 442 4640
157 383 4640
32 119 4640
99 390 4640
134 199 4640
116 147 4640
165 424 4640
85 305 4640
98 224 4640
167 258 4640
222 430 4640
194 311 4640
66 89 4640
167 320 4640
8 435 4640
5 67 4640
178 255 4640
40 240 4640
113 397 4640
97 344 4640
156 250 4640
18 260 4640
113 145 4640
85 144 4640
138 330 4640
17 163 4640
138 175 4640
4 223 4640
152 296 4640
104 333 4640
181 283 4640
8 225 4640
132 455 4640
212 298 4640
68 243 4640
21 284 4640
101 334 4640
11 370 4640
137 460 4640
96 434 4640
224 438 4640
28 176 4640
126 446 4640
118 345 4640
81 142 4640
6 327 4640
57 164 4640
172 312 4640
39 375 4640
66 103 4640
92 137 4640
180 347 4640
66 337 4640
2 415 4640
72 207 4640
222 335 4640
3 409 4640
57 148 4640
52 102 4640
186 366 4640
187 458 4640
13 255 4640
185 384 4640
64 352 4640
