0 1 4680
1 2 4680
2 3 4680
3 4 4680
4 5 4680
5 6 4680
6 7 4680
7 8 4680
8 9 4680
9 10 4680
10 11 4680
11 12 4680
12 13 4680
13 14 4680
14 15 4680
15 16 4680
16 17 4680
17 18 4680
18 19 4680
19 20 4680
20 21 4680
21 22 4680
22 23 4680
23 24 4680
24 25 4680
25 26 4680
26 27 4680
27 28 4680
28 29 4680
29 30 4680
30 31 4680
31 32 4680
32 33 4680
33 34 4680
34 35 4680
35 36 4680
36 37 4680
37 38 4680
38 39 4680
39 40 4680
40 41 4680
41 42 4680
42 43 4680
43 44 4680
44 45 4680
45 46 4680
46 47 4680
47 48 4680
48 49 4680
49 50 4680
50 51 4680
51 52 4680
52 53 4680
53 54 4680
54 55 4680
55 56 4680
56 57 4680
57 58 4680
58 59 4680
59 60 4680
60 61 4680
61 62 4680
62 63 4680
63 64 4680
64 65 4680
65 66 4680
66 67 4680
67 68 4680
68 69 4680
69 70 4680
70 71 4680
71 72 4680
72 73 4680
73 74 4680
74 75 4680
75 76 4680
76 77 4680
77 78 4680
78 79 4680
79 80 4680
80 81 4680
81 82 4680
82 83 4680
83 84 4680
84 85 4680
85 86 4680
86 87 4680
87 88 4680
88 89 4680
89 90 4680
90 91 4680
91 92 4680
92 93 4680
93 94 4680
94 95 4680
95 96 4680
96 97 4680
97 98 4680
98 99 4680
99 100 4680
100 101 4680
101 102 4680
102 103 4680
103 104 4680
104 105 4680
105 106 4680
106 107 4680
107 108 4680
108 109 4680
109 110 4680
110 111 4680
111 112 4680
112 113 4680
113 114 4680
114 115 4680
115 116 4680
116 117 4680
117 118 4680
118 119 4680
119 120 4680
120 121 4680
121 122 4680
122 123 4680
123 124 4680
124 125 4680
125 126 4680
126 127 4680
127 128 4680
128 129 4680
129 130 4680
130 131 4680
131 132 4680
132 133 4680
133 134 4680
134 135 4680
135 136 4680
136 137 4680
137 138 4680
138 139 4680
139 140 4680
140 141 4680
141 142 4680
142 143 4680
143 144 4680
144 145 4680
145 146 4680
146 147 4680
147 148 4680
148 149 4680
149 150 4680
150 151 4680
151 152 4680
152 153 4680
153 154 4680
154 155 4680
155 156 4680
156 157 4680
157 158 4680
158 159 4680
159 160 4680
160 161 4680
161 162 4680
162 163 4680
163 164 4680
164 165 4680
165 166 4680
166 167 4680
167 168 4680
168 169 4680
169 170 4680
170 171 4680
171 172 4680
172 173 4680
173 174 4680
174 175 4680
175 176 4680
176 177 4680
177 178 4680
178 179 4680
179 180 4680
180 181 4680
181 182 4680
182 183 4680
183 184 4680
184 185 4680
185 186 4680
186 187 4680
187 188 4680
188 189 4680
189 190 4680
190 191 4680
191 192 4680
192 193 4680
193 194 4680
194 195 4680
195 196 4680
196 197 4680
197 198 4680
198 199 4680
199 200 4680
200 201 4680
201 202 4680
202 203 4680
203 204 4680
204 205 4680
205 206 4680
206 207 4680
207 208 4680
208 209 4680
209 210 4680
210 211 4680
211 212 4680
212 213 4680
213 214 4680
214 215 4680
215 216 4680
216 217 4680
217 218 4680
218 219 4680
219 220 4680
220 221 4680
221 222 4680
222 223 4680
223 224 4680
224 225 4680
225 226 4680
226 227 4680
227 228 4680
228 229 4680
229 230 4680
230 231 4680
231 232 4680
232 233 4680
233 234 4680
234 235 4680
235 236 4680
236 237 4680
237 238 4680
238 239 4680
239 240 4680
240 241 4680
241 242 4680
242 243 4680
243 244 4680
244 245 4680
245 246 4680
246 247 4680
247 248 4680
248 249 4680
249 250 4680
250 251 4680
251 252 4680
252 253 4680
253 254 4680
254 255 4680
255 256 4680
256 257 4680
257 258 4680
258 259 4680
259 260 4680
260 261 4680
261 262 4680
262 263 4680
263 264 4680
264 265 4680
265 266 4680
266 267 4680
267 268 4680
268 269 4680
269 270 4680
270 271 4680
271 272 4680
272 273 4680
273 274 4680
274 275 4680
275 276 4680
276 277 4680
277 278 4680
278 279 4680
279 280 4680
280 281 4680
281 282 4680
282 283 4680
283 284 4680
284 285 4680
285 286 4680
286 287 4680
287 288 4680
288 289 4680
289 290 4680
290 291 4680
291 292 4680
292 293 4680
293 294 4680
294 295 4680
295 296 4680
296 297 4680
297 298 4680
298 299 4680
299 300 4680
300 301 4680
301 302 4680
302 303 4680
303 304 4680
304 305 4680
305 306 4680
306 307 4680
307 308 4680
308 309 4680
309 310 4680
310 311 4680
311 312 4680
312 313 4680
313 314 4680
314 315 4680
315 316 4680
316 317 4680
317 318 4680
318 319 4680
319 320 4680
320 321 4680
321 322 4680
322 323 4680
323 324 4680
324 325 4680
325 326 4680
326 327 4680
327 328 4680
328 329 4680
329 330 4680
330 331 4680
331 332 4680
332 333 4680
333 334 4680
334 335 4680
335 336 4680
336 337 4680
337 338 4680
338 339 4680
339 340 4680
340 341 4680
341 342 4680
342 343 4680
343 344 4680
344 345 4680
345 346 4680
346 347 4680
347 348 4680
348 349 4680
349 350 4680
350 351 4680
351 352 4680
352 353 4680
353 354 4680
354 355 4680
355 356 4680
356 357 4680
357 358 4680
358 359 4680
359 360 4680
360 361 4680
361 362 4680
362 363 4680
363 364 4680
364 365 4680
365 366 4680
366 367 4680
367 368 4680
368 369 4680
369 370 4680
370 371 4680
371 372 4680
372 373 4680
373 374 4680
374 375 4680
375 376 4680
376 377 4680
377 378 4680
378 379 4680
379 380 4680
380 381 4680
381 382 4680
382 383 4680
383 384 4680
384 385 4680
385 386 4680
386 387 4680
387 388 4680
388 389 4680
389 390 4680
390 391 4680
391 392 4680
392 393 4680
393 394 4680
394 395 4680
395 396 4680
396 397 4680
397 398 4680
398 399 4680
399 400 4680
400 401 4680
401 402 4680
402 403 4680
403 404 4680
404 405 4680
405 406 4680
406 407 4680
407 408 4680
408 409 4680
409 410 4680
410 411 4680
411 412 4680
412 413 4680
413 414 4680
414 415 4680
415 416 4680
416 417 4680
417 418 4680
418 419 4680
419 420 4680
420 421 4680
421 422 4680
422 423 4680
423 424 4680
424 425 4680
425 426 4680
426 427 4680
427 428 4680
428 429 4680
429 430 4680
430 431 4680
431 432 4680
432 433 4680
433 434 4680
434 435 4680
435 436 4680
436 437 4680
437 438 4680
438 439 4680
439 440 4680
440 441 4680
441 442 4680
442 443 4680
443 444 4680
444 445 4680
445 446 4680
446 447 4680
447 448 4680
448 449 4680
449 450 4680
450 451 4680
451 452 4680
452 453 4680
453 454 4680
454 455 4680
455 456 4680
456 457 4680
457 458 4680
458 459 4680
459 460 4680
460 461 4680
461 462 4680
462 463 4680
463 464 4680
464 465 4680
465 466 4680
466 467 4680
148 276 4680
147 159 4680
226 378 4680
153 379 4680
106 209 4680
20 57 4680
200 371 4680
167 414 4680
209 296 4680
118 456 4680
196 354 4680
73 392 4680
87 426 4680
163 320 4680
4 453 4680
226 424 4680
32 376 4680
131 297 4680
17 130 4680
64 144 4680
179 443 4680
196 401 4680
139 172 4680
138 217 4680
121 319 4680
172 379 4680
129 204 4680
94 131 4680
144 245 4680
140 271 4680
136 419 4680
167 227 4680
51 352 4680
153 333 4680
199 344 4680
206 391 4680
38 94 4680
24 339 4680
200 223 4680
221 458 4680
3 26 4680
33 108 4680
130 466 4680
34 328 4680
110 431 4680
226 430 4680
133 195 4680
70 84 4680
166 324 4680
197 231 4680
22 123 4680
91 188 4680
144 270 4680
42 322 4680
104 415 4680
81 222 4680
3 246 4680
44 119 4680
132 220 4680
80 193 4680
13 73 4680
109 410 4680
136 198 4680
200 302 4680
160 201 4680
149 310 4680
221 271 4680
54 63 4680
89 413 4680
96 340 4680
129 263 4680
225 461 4680
41 87 4680
2 254 4680
233 298 4680
218 244 4680
119 219 4680
221 253 4680
223 425 4680
157 312 4680
207 249 4680
9 110 4680
156 444 4680
5 295 4680
88 257 4680
67 243 4680
77 180 4680
185 319 4680
85 194 4680
102 438 4680
135 275 4680
136 366 4680
137 145 4680
89 242 4680
14 396 4680
18 345 4680
193 426 4680
56 461 4680
166 271 4680
19 35 4680
75 374 4680
163 227 4680
229 365 4680
74 115 4680
146 293 4680
150 179 4680
50 380 4680
98 402 4680
49 64 4680
227 322 4680
161 394 4680
104 423 4680
122 427 4680
92 220 4680
3 169 4680
207 271 4680
179 337 4680
95 276 4680
218 435 4680
90 359 4680
103 258 4680
59 160 4680
178 416 4680
115 367 4680
104 356 4680
175 378 4680
82 440 4680
173 443 4680
35 367 4680
196 233 4680
158 413 4680
166 331 4680
24 332 4680
154 238 4680
20 172 4680
220 334 4680
201 295 4680
216 399 4680
101 279 4680
176 456 4680
127 275 4680
0 394 4680
204 456 4680
16 52 4680
70 341 4680
154 331 4680
6 464 4680
85 269 4680
70 299 4680
178 273 4680
12 56 4680
187 298 4680
130 316 4680
157 270 4680
222 400 4680
39 241 4680
28 255 4680
19 152 4680
124 387 4680
101 259 4680
193 349 4680
90 102 4680
114 315 4680
57 391 4680
229 412 4680
51 418 4680
229 354 4680
117 267 4680
123 328 4680
41 286 4680
14 347 4680
190 418 4680
156 306 4680
5 63 4680
8 11 4680
113 269 4680
219 365 4680
83 109 4680
50 234 4680
129 271 4680
129 384 4680
58 83 4680
59 165 4680
106 449 4680
95 449 4680
58 186 4680
5 331 4680
60 356 4680
8 237 4680
124 159 4680
76 262 4680
69 266 4680
189 423 4680
71 121 4680
29 227 4680
140 300 4680
215 336 4680
44 349 4680
143 366 4680
30 263 4680
52 319 4680
226 405 4680
158 170 4680
97 393 4680
146 338 4680
51 82 4680
232 287 4680
101 420 4680
77 134 4680
87 413 4680
149 153 4680
198 240 4680
132 419 4680
107 128 4680
32 462 4680
77 216 4680
196 459 4680
115 310 4680
60 281 4680
29 321 4680
202 331 4680
82 135 4680
63 126 4680
203 402 4680
72 371 4680
118 402 4680
54 456 4680
169 387 4680
31 366 4680
4 55 4680
3 361 4680
140 377 4680
46 118 4680
2 6 4680
48 163 4680
135 361 4680
139 242 4680
196 437 4680
108 387 4680
74 150 4680
52 132 4680
169 206 4680
112 154 4680
88 259 4680
32 334 4680
30 88 4680
187 194 4680
114 274 4680
173 359 4680
27 258 4680
155 304 4680
134 376 4680
117 215 4680
117 218 4680
66 207 4680
229 319 4680
71 312 4680
130 392 4680
202 409 4680
154 262 4680
192 397 4680
179 292 4680
7 28 4680
130 260 4680
66 104 4680
211 373 4680
192 259 4680
56 307 4680
1 63 4680
140 393 4680
211 353 4680
214 333 4680
193 272 4680
177 381 4680
77 96 4680
110 224 4680
60 239 4680
180 313 4680
171 438 4680
169 379 4680
155 388 4680
182 284 4680
40 337 4680
77 306 4680
36 235 4680
5 156 4680
3 265 4680
76 219 4680
30 281 4680
156 158 4680
2 130 4680
163 389 4680
143 290 4680
118 143 4680
113 357 4680
145 444 4680
51 226 4680
180 230 4680
138 417 4680
70 85 4680
120 181 4680
14 229 4680
216 428 4680
206 436 4680
104 278 4680
92 370 4680
151 438 4680
74 290 4680
152 322 4680
57 182 4680
44 297 4680
112 246 4680
189 343 4680
133 182 4680
42 326 4680
166 168 4680
142 321 4680
1 280 4680
46 124 4680
67 184 4680
113 150 4680
92 218 4680
6 340 4680
106 217 4680
211 225 4680
122 211 4680
170 435 4680
47 287 4680
192 253 4680
97 224 4680
124 330 4680
97 392 4680
151 260 4680
72 111 4680
87 396 4680
146 443 4680
160 333 4680
136 418 4680
84 454 4680
10 410 4680
178 202 4680
41 289 4680
33 359 4680
89 117 4680
69 162 4680
157 321 4680
24 214 4680
142 325 4680
86 202 4680
52 78 4680
131 376 4680
134 254 4680
156 188 4680
55 284 4680
150 381 4680
197 228 4680
41 229 4680
140 208 4680
111 433 4680
176 201 4680
145 280 4680
55 81 4680
171 221 4680
63 431 4680
74 436 4680
206 214 4680
12 49 4680
63 235 4680
172 405 4680
52 195 4680
125 312 4680
207 369 4680
147 258 4680
39 123 4680
89 145 4680
113 331 4680
83 125 4680
207 246 4680
8 363 4680
80 349 4680
108 387 4680
117 411 4680
32 349 4680
44 165 4680
33 70 4680
221 314 4680
195 215 4680
89 448 4680
208 301 4680
127 273 4680
70 401 4680
3 114 4680
200 204 4680
137 408 4680
124 360 4680
209 250 4680
129 424 4680
91 451 4680
167 196 4680
152 357 4680
183 304 4680
51 257 4680
40 245 4680
15 464 4680
20 285 4680
55 281 4680
32 216 4680
196 232 4680
160 215 4680
228 353 4680
200 218 4680
137 391 4680
110 215 4680
193 425 4680
22 324 4680
42 180 4680
122 275 4680
19 447 4680
172 296 4680
97 269 4680
12 34 4680
108 436 4680
147 389 4680
102 278 4680
224 328 4680
60 156 4680
163 457 4680
193 269 4680
44 64 4680
74 306 4680
76 306 4680
196 467 4680
1 185 4680
187 295 4680
208 347 4680
129 339 4680
29 78 4680
129 161 4680
86 422 4680
211 286 4680
92 224 4680
154 196 4680
171 239 4680
128 288 4680
58 464 4680
139 248 4680
217 320 4680
115 422 4680
183 214 4680
140 232 4680
133 392 4680
200 209 4680
167 413 4680
89 258 4680
163 429 4680
202 323 4680
131 427 4680
199 349 4680
94 422 4680
198 334 4680
104 458 4680
217 337 4680
144 189 4680
209 393 4680
5 24 4680
226 235 4680
56 371 4680
