0 1 4720
1 2 4720
2 3 4720
3 4 4720
4 5 4720
5 6 4720
6 7 4720
7 8 4720
8 9 4720
9 10 4720
10 11 4720
11 12 4720
12 13 4720
13 14 4720
14 15 4720
15 16 4720
16 17 4720
17 18 4720
18 19 4720
19 20 4720
20 21 4720
21 22 4720
22 23 4720
23 24 4720
24 25 4720
25 26 4720
26 27 4720
27 28 4720
28 29 4720
29 30 4720
30 31 4720
31 32 4720
32 33 4720
33 34 4720
34 35 4720
35 36 4720
36 37 4720
37 38 4720
38 39 4720
39 40 4720
40 41 4720
41 42 4720
42 43 4720
43 44 4720
44 45 4720
45 46 4720
46 47 4720
47 48 4720
48 49 4720
49 50 4720
50 51 4720
51 52 4720
52 53 4720
53 54 4720
54 55 4720
55 56 4720
56 57 4720
57 58 4720
58 59 4720
59 60 4720
60 61 4720
61 62 4720
62 63 4720
63 64 4720
64 65 4720
65 66 4720
66 67 4720
67 68 4720
68 69 4720
69 70 4720
70 71 4720
71 72 4720
72 73 4720
73 74 4720
74 75 4720
75 76 4720
76 77 4720
77 78 4720
78 79 4720
79 80 4720
80 81 4720
81 82 4720
82 83 4720
83 84 4720
84 85 4720
85 86 4720
86 87 4720
87 88 4720
88 89 4720
89 90 4720
90 91 4720
91 92 4720
92 93 4720
93 94 4720
94 95 4720
95 96 4720
96 97 4720
97 98 4720
98 99 4720
99 100 4720
100 101 4720
101 102 4720
102 103 4720
103 104 4720
104 105 4720
105 106 4720
106 107 4720
107 108 4720
108 109 4720
109 110 4720
110 111 4720
111 112 4720
112 113 4720
113 114 4720
114 115 4720
115 116 4720
116 117 4720
117 118 4720
118 119 4720
119 120 4720
120 121 4720
121 122 4720
122 123 4720
123 124 4720
124 125 4720
125 126 4720
126 127 4720
127 128 4720
128 129 4720
129 130 4720
130 131 4720
131 132 4720
132 133 4720
133 134 4720
134 135 4720
135 136 4720
136 137 4720
137 138 4720
138 139 4720
139 140 4720
140 141 4720
141 142 4720
142 143 4720
143 144 4720
144 145 4720
145 146 4720
146 147 4720
147 148 4720
148 149 4720
149 150 4720
150 151 4720
151 152 4720
152 153 4720
153 154 4720
154 155 4720
155 156 4720
156 157 4720
157 158 4720
158 159 4720
159 160 4720
160 161 4720
161 162 4720
162 163 4720
163 164 4720
164 165 4720
165 166 4720
166 167 4720
167 168 4720
168 169 4720
169 170 4720
170 171 4720
171 172 4720
172 173 4720
173 174 4720
174 175 4720
175 176 4720
176 177 4720
177 178 4720
178 179 4720
179 180 4720
180 181 4720
181 182 4720
182 183 4720
183 184 4720
184 185 4720
185 186 4720
186 187 4720
187 188 4720
188 189 4720
189 190 4720
190 191 4720
191 192 4720
192 193 4720
193 194 4720
194 195 4720
195 196 4720
196 197 4720
197 198 4720
198 199 4720
199 200 4720
200 201 4720
201 202 4720
202 203 4720
203 204 4720
204 205 4720
205 206 4720
206 207 4720
207 208 4720
208 209 4720
209 210 4720
210 211 4720
211 212 4720
212 213 4720
213 214 4720
214 215 4720
215 216 4720
216 217 4720
217 218 4720
218 219 4720
219 220 4720
220 221 4720
221 222 4720
222 223 4720
223 224 4720
224 225 4720
225 226 4720
226 227 4720
227 228 4720
228 229 4720
229 230 4720
230 231 4720
231 232 4720
232 233 4720
233 234 4720
234 235 4720
235 236 4720
236 237 4720
237 238 4720
238 239 4720
239 240 4720
240 241 4720
241 242 4720
242 243 4720
243 244 4720
244 245 4720
245 246 4720
246 247 4720
247 248 4720
248 249 4720
249 250 4720
250 251 4720
251 252 4720
252 253 4720
253 254 4720
254 255 4720
255 256 4720
256 257 4720
257 258 4720
258 259 4720
259 260 4720
260 261 4720
261 262 4720
262 263 4720
263 264 4720
264 265 4720
265 266 4720
266 267 4720
267 268 4720
268 269 4720
269 270 4720
270 271 4720
271 272 4720
272 273 4720
273 274 4720
274 275 4720
275 276 4720
276 277 4720
277 278 4720
278 279 4720
279 280 4720
280 281 4720
281 282 4720
282 283 4720
283 284 4720
284 285 4720
285 286 4720
286 287 4720
287 288 4720
288 289 4720
289 290 4720
290 291 4720
291 292 4720
292 293 4720
293 294 4720
294 295 4720
295 296 4720
296 297 4720
297 298 4720
298 299 4720
299 300 4720
300 301 4720
301 302 4720
302 303 4720
303 304 4720
304 305 4720
305 306 4720
306 307 4720
307 308 4720
308 309 4720
309 310 4720
310 311 4720
311 312 4720
312 313 4720
313 314 4720
314 315 4720
315 316 4720
316 317 4720
317 318 4720
318 319 4720
319 320 4720
320 321 4720
321 322 4720
322 323 4720
323 324 4720
324 325 4720
325 326 4720
326 327 4720
327 328 4720
328 329 4720
329 330 4720
330 331 4720
331 332 4720
332 333 4720
333 334 4720
334 335 4720
335 336 4720
336 337 4720
337 338 4720
338 339 4720
339 340 4720
340 341 4720
341 342 4720
342 343 4720
343 344 4720
344 345 4720
345 346 4720
346 347 4720
347 348 4720
348 349 4720
349 350 4720
350 351 4720
351 352 4720
352 353 4720
353 354 4720
354 355 4720
355 356 4720
356 357 4720
357 358 4720
358 359 4720
359 360 4720
360 361 4720
361 362 4720
362 363 4720
363 364 4720
364 365 4720
365 366 4720
366 367 4720
367 368 4720
368 369 4720
369 370 4720
370 371 4720
371 372 4720
372 373 4720
373 374 4720
374 375 4720
375 376 4720
376 377 4720
377 378 4720
378 379 4720
379 380 4720
380 381 4720
381 382 4720
382 383 4720
383 384 4720
384 385 4720
385 386 4720
386 387 4720
387 388 4720
388 389 4720
389 390 4720
390 391 4720
391 392 4720
392 393 4720
393 394 4720
394 395 4720
395 396 4720
396 397 4720
397 398 4720
398 399 4720
399 400 4720
400 401 4720
401 402 4720
402 403 4720
403 404 4720
404 405 4720
405 406 4720
406 407 4720
407 408 4720
408 409 4720
409 410 4720
410 411 4720
411 412 4720
412 413 4720
413 414 4720
414 415 4720
415 416 4720
416 417 4720
417 418 4720
418 419 4720
419 420 4720
420 421 4720
421 422 4720
422 423 4720
423 424 4720
424 425 4720
425 426 4720
426 427 4720
427 428 4720
428 429 4720
429 430 4720
430 431 4720
431 432 4720
432 433 4720
433 434 4720
434 435 4720
435 436 4720
436 437 4720
437 438 4720
438 439 4720
439 440 4720
440 441 4720
441 442 4720
442 443 4720
443 444 4720
444 445 4720
445 446 4720
446 447 4720
447 448 4720
448 449 4720
449 450 4720
450 451 4720
451 452 4720
452 453 4720
453 454 4720
454 455 4720
455 456 4720
456 457 4720
457 458 4720
458 459 4720
459 460 4720
460 461 4720
461 462 4720
462 463 4720
463 464 4720
464 465 4720
465 466 4720
466 467 4720
467 468 4720
468 469 4720
469 470 4720
470 471 4720
65 253 4720
60 154 4720
222 417 4720
9 57 4720
197 303 4720
57 396 4720
32 373 4720
203 383 4720
48 273 4720
82 142 4720
176 308 4720
62 226 4720
74 90 4720
12 77 4720
82 461 4720
230 437 4720
162 213 4720
200 243 4720
155 161 4720
112 444 4720
120 351 4720
204 402 4720
132 454 4720
78 81 4720
21 50 4720
97 122 4720
84 253 4720
213 301 4720
217 348 4720
218 229 4720
70 230 4720
210 226 4720
38 278 4720
13 326 4720
116 425 4720
187 320 4720
185 302 4720
24 348 4720
183 349 4720
36 341 4720
68 326 4720
6 41 4720
120 124 4720
131 312 4720
49 322 4720
34 207 4720
188 349 4720
15 59 4720
81 109 4720
215 220 4720
149 257 4720
113 439 4720
15 271 4720
13 466 4720
61 357 4720
151 235 4720
45 165 4720
126 224 4720
171 394 4720
26 279 4720
170 350 4720
114 354 4720
7 169 4720
232 317 4720
164 182 4720
59 140 4720
25 345 4720
65 292 4720
129 283 4720
127 458 4720
101 132 4720
41 76 4720
136 440 4720
33 280 4720
141 256 4720
174 328 4720
207 430 4720
189 364 4720
38 316 4720
181 417 4720
171 438 4720
76 210 4720
210 471 4720
205 296 4720
90 351 4720
148 154 4720
208 280 4720
93 282 4720
14 17 4720
188 200 4720
227 445 4720
127 352 4720
100 257 4720
7 362 4720
196 255 4720
67 118 4720
51 75 4720
74 334 4720
163 332 4720
201 411 4720
130 172 4720
117 229 4720
34 439 4720
206 346 4720
36 198 4720
217 417 4720
64 360 4720
215 392 4720
204 265 4720
55 162 4720
79 155 4720
116 146 4720
162 437 4720
190 226 4720
4 364 4720
160 219 4720
20 53 4720
177 297 4720
52 131 4720
162 338 4720
197 372 4720
208 403 4720
79 117 4720
195 417 4720
104 305 4720
32 146 4720
26 375 4720
213 263 4720
133 293 4720
165 241 4720
34 72 4720
99 106 4720
82 112 4720
74 464 4720
82 384 4720
61 255 4720
70 365 4720
84 177 4720
123 376 4720
131 383 4720
213 414 4720
82 389 4720
208 293 4720
86 458 4720
230 319 4720
109 163 4720
152 471 4720
97 240 4720
144 391 4720
223 308 4720
171 174 4720
23 372 4720
17 363 4720
46 128 4720
172 424 4720
222 447 4720
111 342 4720
199 416 4720
140 453 4720
7 108 4720
46 88 4720
61 412 4720
35 282 4720
97 123 4720
133 398 4720
28 254 4720
81 89 4720
164 316 4720
88 107 4720
235 382 4720
139 183 4720
191 448 4720
30 318 4720
2 315 4720
83 130 4720
222 468 4720
149 387 4720
172 445 4720
60 116 4720
129 308 4720
121 302 4720
0 52 4720
184 373 4720
232 377 4720
44 354 4720
197 309 4720
4 324 4720
159 217 4720
20 151 4720
167 277 4720
232 298 4720
219 387 4720
17 344 4720
25 46 4720
162 262 4720
151 247 4720
231 402 4720
127 222 4720
143 288 4720
65 246 4720
30 455 4720
43 159 4720
14 218 4720
229 465 4720
65 188 4720
89 438 4720
30 131 4720
32 377 4720
58 326 4720
207 370 4720
221 298 4720
158 434 4720
222 454 4720
202 321 4720
1 283 4720
139 374 4720
225 292 4720
31 364 4720
153 183 4720
58 201 4720
31 403 4720
183 193 4720
228 392 4720
178 215 4720
7 211 4720
153 455 4720
129 168 4720
189 211 4720
193 209 4720
179 188 4720
116 350 4720
124 143 4720
92 456 4720
103 413 4720
216 278 4720
131 309 4720
182 326 4720
24 229 4720
29 76 4720
43 451 4720
58 366 4720
67 408 4720
108 221 4720
130 132 4720
73 431 4720
212 259 4720
24 300 4720
183 463 4720
158 195 4720
143 168 4720
38 332 4720
105 168 4720
124 127 4720
21 314 4720
130 334 4720
235 279 4720
35 271 4720
158 397 4720
211 352 4720
71 257 4720
2 466 4720
76 110 4720
123 153 4720
55 384 4720
218 463 4720
99 433 4720
220 272 4720
44 163 4720
90 107 4720
112 347 4720
138 374 4720
3 303 4720
178 325 4720
193 417 4720
74 455 4720
95 239 4720
145 247 4720
19 362 4720
232 418 4720
7 119 4720
121 136 4720
209 442 4720
195 309 4720
79 135 4720
187 264 4720
106 260 4720
233 327 4720
60 321 4720
49 433 4720
131 290 4720
181 293 4720
15 60 4720
63 155 4720
62 444 4720
68 80 4720
185 193 4720
162 277 4720
160 428 4720
143 432 4720
112 234 4720
39 340 4720
141 244 4720
70 457 4720
153 273 4720
124 158 4720
124 458 4720
169 467 4720
129 365 4720
235 412 4720
150 204 4720
18 463 4720
71 199 4720
9 395 4720
31 57 4720
30 426 4720
30 175 4720
184 280 4720
224 251 4720
102 449 4720
212 437 4720
161 318 4720
49 417 4720
160 421 4720
30 251 4720
227 305 4720
147 462 4720
160 364 4720
139 317 4720
99 181 4720
37 363 4720
211 420 4720
57 123 4720
70 437 4720
133 422 4720
4 399 4720
78 91 4720
146 468 4720
0 112 4720
235 369 4720
92 232 4720
81 270 4720
156 166 4720
51 250 4720
229 346 4720
118 267 4720
164 235 4720
15 30 4720
120 122 4720
159 395 4720
84 218 4720
169 247 4720
151 294 4720
188 436 4720
105 364 4720
103 291 4720
72 254 4720
235 354 4720
166 269 4720
63 253 4720
204 263 4720
215 226 4720
84 385 4720
70 164 4720
93 355 4720
65 332 4720
34 176 4720
141 430 4720
206 268 4720
20 23 4720
186 285 4720
32 35 4720
45 346 4720
218 436 4720
8 244 4720
103 227 4720
233 298 4720
228 273 4720
74 413 4720
16 33 4720
106 301 4720
163 292 4720
187 401 4720
132 161 4720
150 238 4720
175 362 4720
4 416 4720
127 370 4720
116 254 4720
81 391 4720
1 322 4720
136 344 4720
220 332 4720
127 129 4720
15 42 4720
15 110 4720
204 259 4720
61 132 4720
128 257 4720
9 227 4720
165 395 4720
129 370 4720
190 227 4720
38 251 4720
87 258 4720
140 313 4720
128 471 4720
197 325 4720
176 434 4720
118 161 4720
24 227 4720
24 436 4720
206 260 4720
163 173 4720
17 127 4720
182 436 4720
173 421 4720
97 270 4720
144 430 4720
210 228 4720
220 447 4720
198 467 4720
186 379 4720
78 291 4720
30 274 4720
6 284 4720
153 412 4720
235 392 4720
118 326 4720
171 214 4720
53 317 4720
6 199 4720
28 252 4720
122 322 4720
59 437 4720
194 406 4720
130 140 4720
50 459 4720
40 241 4720
223 338 4720
214 394 4720
124 384 4720
174 424 4720
181 359 4720
148 150 4720
138 244 4720
173 447 4720
33 160 4720
9 227 4720
236 348 4720
174 357 4720
207 310 4720
231 251 4720
119 383 4720
177 275 4720
104 280 4720
102 370 4720
70 152 4720
169 437 4720
148 369 4720
92 353 4720
83 200 4720
56 272 4720
160 351 4720
166 309 4720
121 183 4720
30 345 4720
128 373 4720
