0 1 4760
1 2 4760
2 3 4760
3 4 4760
4 5 4760
5 6 4760
6 7 4760
7 8 4760
8 9 4760
9 10 4760
10 11 4760
11 12 4760
12 13 4760
13 14 4760
14 15 4760
15 16 4760
16 17 4760
17 18 4760
18 19 4760
19 20 4760
20 21 4760
21 22 4760
22 23 4760
23 24 4760
24 25 4760
25 26 4760
26 27 4760
27 28 4760
28 29 4760
29 30 4760
30 31 4760
31 32 4760
32 33 4760
33 34 4760
34 35 4760
35 36 4760
36 37 4760
37 38 4760
38 39 4760
39 40 4760
40 41 4760
41 42 4760
42 43 4760
43 44 4760
44 45 4760
45 46 4760
46 47 4760
47 48 4760
48 49 4760
49 50 4760
50 51 4760
51 52 4760
52 53 4760
53 54 4760
54 55 4760
55 56 4760
56 57 4760
57 58 4760
58 59 4760
59 60 4760
60 61 4760
61 62 4760
62 63 4760
63 64 4760
64 65 4760
65 66 4760
66 67 4760
67 68 4760
68 69 4760
69 70 4760
70 71 4760
71 72 4760
72 73 4760
73 74 4760
74 75 4760
75 76 4760
76 77 4760
77 78 4760
78 79 4760
79 80 4760
80 81 4760
81 82 4760
82 83 4760
83 84 4760
84 85 4760
85 86 4760
86 87 4760
87 88 4760
88 89 4760
89 90 4760
90 91 4760
91 92 4760
92 93 4760
93 94 4760
94 95 4760
95 96 4760
96 97 4760
97 98 4760
98 99 4760
99 100 4760
100 101 4760
101 102 4760
102 103 4760
103 104 4760
104 105 4760
105 106 4760
106 107 4760
107 108 4760
108 109 4760
109 110 4760
110 111 4760
111 112 4760
112 113 4760
113 114 4760
114 115 4760
115 116 4760
116 117 4760
117 118 4760
118 119 4760
119 120 4760
120 121 4760
121 122 4760
122 123 4760
123 124 4760
124 125 4760
125 126 4760
126 127 4760
127 128 4760
128 129 4760
129 130 4760
130 131 4760
131 132 4760
132 133 4760
133 134 4760
134 135 4760
135 136 4760
136 137 4760
137 138 4760
138 139 4760
139 140 4760
140 141 4760
141 142 4760
142 143 4760
143 144 4760
144 145 4760
145 146 4760
146 147 4760
147 148 4760
148 149 4760
149 150 4760
150 151 4760
151 152 4760
152 153 4760
153 154 4760
154 155 4760
155 156 4760
156 157 4760
157 158 4760
158 159 4760
159 160 4760
160 161 4760
161 162 4760
162 163 4760
163 164 4760
164 165 4760
165 166 4760
166 167 4760
167 168 4760
168 169 4760
169 170 4760
170 171 4760
171 172 4760
172 173 4760
173 174 4760
174 175 4760
175 176 4760
176 177 4760
177 178 4760
178 179 4760
179 180 4760
180 181 4760
181 182 4760
182 183 4760
183 184 4760
184 185 4760
185 186 4760
186 187 4760
187 188 4760
188 189 4760
189 190 4760
190 191 4760
191 192 4760
192 193 4760
193 194 4760
194 195 4760
195 196 4760
196 197 4760
197 198 4760
198 199 4760
199 200 4760
200 201 4760
201 202 4760
202 203 4760
203 204 4760
204 205 4760
205 206 4760
206 207 4760
207 208 4760
208 209 4760
209 210 4760
210 211 4760
211 212 4760
212 213 4760
213 214 4760
214 215 4760
215 216 4760
216 217 4760
217 218 4760
218 219 4760
219 220 4760
220 221 4760
221 222 4760
222 223 4760
223 224 4760
224 225 4760
225 226 4760
226 227 4760
227 228 4760
228 229 4760
229 230 4760
230 231 4760
231 232 4760
232 233 4760
233 234 4760
234 235 4760
235 236 4760
236 237 4760
237 238 4760
238 239 4760
239 240 4760
240 241 4760
241 242 4760
242 243 4760
243 244 4760
244 245 4760
245 246 4760
246 247 4760
247 248 4760
248 249 4760
249 250 4760
250 251 4760
251 252 4760
252 253 4760
253 254 4760
254 255 4760
255 256 4760
256 257 4760
257 258 4760
258 259 4760
259 260 4760
260 261 4760
261 262 4760
262 263 4760
263 264 4760
264 265 4760
265 266 4760
266 267 4760
267 268 4760
268 269 4760
269 270 4760
270 271 4760
271 272 4760
272 273 4760
273 274 4760
274 275 4760
275 276 4760
276 277 4760
277 278 4760
278 279 4760
279 280 4760
280 281 4760
281 282 4760
282 283 4760
283 284 4760
284 285 4760
285 286 4760
286 287 4760
287 288 4760
288 289 4760
289 290 4760
290 291 4760
291 292 4760
292 293 4760
293 294 4760
294 295 4760
295 296 4760
296 297 4760
297 298 4760
298 299 4760
299 300 4760
300 301 4760
301 302 4760
302 303 4760
303 304 4760
304 305 4760
305 306 4760
306 307 4760
307 308 4760
308 309 4760
309 310 4760
310 311 4760
311 312 4760
312 313 4760
313 314 4760
314 315 4760
315 316 4760
316 317 4760
317 318 4760
318 319 4760
319 320 4760
320 321 4760
321 322 4760
322 323 4760
323 324 4760
324 325 4760
325 326 4760
326 327 4760
327 328 4760
328 329 4760
329 330 4760
330 331 4760
331 332 4760
332 333 4760
333 334 4760
334 335 4760
335 336 4760
336 337 4760
337 338 4760
338 339 4760
339 340 4760
340 341 4760
341 342 4760
342 343 4760
343 344 4760
344 345 4760
345 346 4760
346 347 4760
347 348 4760
348 349 4760
349 350 4760
350 351 4760
351 352 4760
352 353 4760
353 354 4760
354 355 4760
355 356 4760
356 357 4760
357 358 4760
358 359 4760
359 360 4760
360 361 4760
361 362 4760
362 363 4760
363 364 4760
364 365 4760
365 366 4760
366 367 4760
367 368 4760
368 369 4760
369 370 4760
370 371 4760
371 372 4760
372 373 4760
373 374 4760
374 375 4760
375 376 4760
376 377 4760
377 378 4760
378 379 4760
379 380 4760
380 381 4760
381 382 4760
382 383 4760
383 384 4760
384 385 4760
385 386 4760
386 387 4760
387 388 4760
388 389 4760
389 390 4760
390 391 4760
391 392 4760
392 393 4760
393 394 4760
394 395 4760
395 396 4760
396 397 4760
397 398 4760
398 399 4760
399 400 4760
400 401 4760
401 402 4760
402 403 4760
403 404 4760
404 405 4760
405 406 4760
406 407 4760
407 408 4760
408 409 4760
409 410 4760
410 411 4760
411 412 4760
412 413 4760
413 414 4760
414 415 4760
415 416 4760
416 417 4760
417 418 4760
418 419 4760
419 420 4760
420 421 4760
421 422 4760
422 423 4760
423 424 4760
424 425 4760
425 426 4760
426 427 4760
427 428 4760
428 429 4760
429 430 4760
430 431 4760
431 432 4760
432 433 4760
433 434 4760
434 435 4760
435 436 4760
436 437 4760
437 438 4760
438 439 4760
439 440 4760
440 441 4760
441 442 4760
442 443 4760
443 444 4760
444 445 4760
445 446 4760
446 447 4760
447 448 4760
448 449 4760
449 450 4760
450 451 4760
451 452 4760
452 453 4760
453 454 4760
454 455 4760
455 456 4760
456 457 4760
457 458 4760
458 459 4760
459 460 4760
460 461 4760
461 462 4760
462 463 4760
463 464 4760
464 465 4760
465 466 4760
466 467 4760
467 468 4760
468 469 4760
469 470 4760
470 471 4760
471 472 4760
472 473 4760
473 474 4760
474 475 4760
168 206 4760
85 408 4760
91 375 4760
67 297 4760
162 281 4760
63 102 4760
183 269 4760
88 329 4760
117 461 4760
73 151 4760
60 211 4760
97 112 4760
0 446 4760
55 178 4760
76 408 4760
228 340 4760
7 30 4760
55 339 4760
173 342 4760
127 414 4760
214 277 4760
26 460 4760
155 384 4760
81 316 4760
166 376 4760
88 280 4760
228 281 4760
73 326 4760
0 329 4760
108 350 4760
146 227 4760
82 223 4760
164 235 4760
90 235 4760
45 75 4760
39 281 4760
194 205 4760
12 406 4760
213 278 4760
16 442 4760
20 415 4760
133 465 4760
13 451 4760
29 67 4760
169 299 4760
55 425 4760
115 222 4760
180 273 4760
38 332 4760
163 336 4760
194 328 4760
227 469 4760
188 438 4760
55 387 4760
162 320 4760
61 292 4760
59 409 4760
15 214 4760
133 359 4760
175 223 4760
100 176 4760
196 211 4760
108 475 4760
198 323 4760
128 148 4760
122 217 4760
40 250 4760
188 441 4760
149 451 4760
170 309 4760
135 327 4760
206 448 4760
174 453 4760
106 273 4760
16 75 4760
159 424 4760
148 342 4760
119 228 4760
206 300 4760
56 388 4760
28 314 4760
222 423 4760
62 82 4760
204 284 4760
116 261 4760
7 429 4760
129 345 4760
16 89 4760
103 261 4760
87 398 4760
229 411 4760
204 238 4760
10 305 4760
237 332 4760
67 295 4760
72 440 4760
221 319 4760
7 137 4760
107 455 4760
73 426 4760
170 381 4760
201 426 4760
65 176 4760
147 226 4760
99 264 4760
143 225 4760
3 406 4760
18 293 4760
66 100 4760
57 172 4760
42 424 4760
43 159 4760
187 222 4760
1 235 4760
188 261 4760
143 176 4760
148 360 4760
85 287 4760
189 197 4760
215 305 4760
214 391 4760
76 428 4760
33 435 4760
148 467 4760
78 248 4760
59 358 4760
211 455 4760
210 320 4760
179 258 4760
53 127 4760
201 307 4760
92 222 4760
45 78 4760
56 184 4760
125 269 4760
171 415 4760
118 343 4760
16 93 4760
12 85 4760
15 82 4760
1 5 4760
98 110 4760
235 429 4760
68 210 4760
146 273 4760
212 218 4760
8 126 4760
136 347 4760
236 439 4760
27 94 4760
77 133 4760
195 198 4760
62 421 4760
73 375 4760
56 285 4760
191 431 4760
105 294 4760
46 467 4760
74 80 4760
2 172 4760
70 219 4760
200 300 4760
174 301 4760
96 286 4760
233 465 4760
15 392 4760
135 415 4760
2 474 4760
229 376 4760
102 111 4760
2 61 4760
82 300 4760
110 128 4760
164 266 4760
185 373 4760
53 58 4760
9 11 4760
23 229 4760
180 242 4760
107 415 4760
133 295 4760
144 342 4760
95 429 4760
225 437 4760
77 222 4760
92 222 4760
69 257 4760
151 366 4760
218 364 4760
128 440 4760
99 405 4760
166 334 4760
212 328 4760
6 471 4760
139 366 4760
168 334 4760
111 382 4760
127 473 4760
190 275 4760
205 444 4760
196 307 4760
2 409 4760
24 51 4760
61 472 4760
181 418 4760
81 449 4760
232 290 4760
64 271 4760
56 221 4760
193 471 4760
24 295 4760
234 373 4760
2 83 4760
194 388 4760
85 401 4760
128 337 4760
117 238 4760
63 402 4760
94 109 4760
41 158 4760
201 401 4760
59 108 4760
24 391 4760
195 437 4760
143 278 4760
220 324 4760
88 139 4760
94 320 4760
167 171 4760
71 324 4760
213 227 4760
133 453 4760
128 205 4760
139 283 4760
209 437 4760
114 285 4760
179 363 4760
153 155 4760
103 333 4760
166 204 4760
126 475 4760
183 452 4760
107 408 4760
84 403 4760
160 473 4760
151 352 4760
63 284 4760
154 447 4760
32 249 4760
120 336 4760
105 318 4760
31 471 4760
104 347 4760
83 209 4760
65 302 4760
101 365 4760
34 252 4760
30 411 4760
36 396 4760
77 187 4760
157 270 4760
141 242 4760
117 238 4760
91 136 4760
191 303 4760
200 449 4760
127 240 4760
208 275 4760
145 471 4760
192 436 4760
93 423 4760
178 243 4760
135 457 4760
159 191 4760
122 154 4760
107 350 4760
138 371 4760
89 145 4760
184 362 4760
32 63 4760
157 298 4760
111 259 4760
162 190 4760
150 161 4760
123 394 4760
208 358 4760
215 239 4760
127 149 4760
149 438 4760
7 34 4760
140 172 4760
179 387 4760
1 99 4760
234 409 4760
208 394 4760
105 353 4760
138 219 4760
167 430 4760
139 308 4760
10 307 4760
74 233 4760
186 381 4760
140 340 4760
211 390 4760
54 240 4760
72 438 4760
191 324 4760
46 97 4760
4 51 4760
188 405 4760
236 444 4760
215 403 4760
19 277 4760
87 186 4760
217 260 4760
182 269 4760
62 357 4760
227 303 4760
229 405 4760
191 238 4760
186 238 4760
164 378 4760
1 375 4760
12 255 4760
102 365 4760
161 199 4760
177 437 4760
134 220 4760
100 180 4760
193 360 4760
69 262 4760
33 406 4760
107 390 4760
99 351 4760
226 330 4760
82 450 4760
19 126 4760
133 384 4760
230 243 4760
208 402 4760
112 253 4760
43 421 4760
156 264 4760
206 427 4760
32 437 4760
124 173 4760
114 204 4760
210 304 4760
193 264 4760
161 344 4760
223 232 4760
236 243 4760
87 149 4760
119 155 4760
30 345 4760
115 283 4760
103 406 4760
102 178 4760
50 72 4760
69 314 4760
176 211 4760
83 470 4760
233 237 4760
35 474 4760
152 323 4760
136 313 4760
154 413 4760
128 309 4760
27 376 4760
157 393 4760
49 76 4760
123 258 4760
74 447 4760
70 342 4760
72 401 4760
20 451 4760
210 440 4760
104 272 4760
114 243 4760
20 61 4760
92 447 4760
194 395 4760
160 195 4760
18 206 4760
76 416 4760
132 273 4760
32 415 4760
184 206 4760
71 433 4760
118 380 4760
134 359 4760
173 356 4760
100 455 4760
184 244 4760
20 152 4760
136 297 4760
3 31 4760
60 191 4760
18 199 4760
211 353 4760
53 311 4760
182 264 4760
106 227 4760
177 330 4760
213 259 4760
131 376 4760
9 100 4760
26 339 4760
174 355 4760
66 151 4760
231 370 4760
76 232 4760
40 123 4760
7 76 4760
186 428 4760
70 98 4760
234 344 4760
38 78 4760
117 233 4760
140 362 4760
64 254 4760
90 378 4760
28 257 4760
209 222 4760
40 404 4760
101 411 4760
213 462 4760
189 277 4760
43 49 4760
204 289 4760
52 123 4760
192 282 4760
204 261 4760
62 112 4760
114 126 4760
100 143 4760
159 445 4760
47 307 4760
37 87 4760
238 406 4760
28 318 4760
194 315 4760
169 203 4760
207 212 4760
200 386 4760
76 200 4760
184 337 4760
235 464 4760
195 268 4760
43 202 4760
192 225 4760
135 294 4760
235 444 4760
208 278 4760
81 435 4760
219 452 4760
90 445 4760
89 259 4760
140 162 4760
69 380 4760
58 254 4760
45 129 4760
113 413 4760
237 382 4760
47 355 4760
125 350 4760
78 405 4760
137 358 4760
34 406 4760
167 195 4760
231 306 4760
223 288 4760
233 475 4760
