0 1 4800
1 2 4800
2 3 4800
3 4 4800
4 5 4800
5 6 4800
6 7 4800
7 8 4800
8 9 4800
9 10 4800
10 11 4800
11 12 4800
12 13 4800
13 14 4800
14 15 4800
15 16 4800
16 17 4800
17 18 4800
18 19 4800
19 20 4800
20 21 4800
21 22 4800
22 23 4800
23 24 4800
24 25 4800
25 26 4800
26 27 4800
27 28 4800
28 29 4800
29 30 4800
30 31 4800
31 32 4800
32 33 4800
33 34 4800
34 35 4800
35 36 4800
36 37 4800
37 38 4800
38 39 4800
39 40 4800
40 41 4800
41 42 4800
42 43 4800
43 44 4800
44 45 4800
45 46 4800
46 47 4800
47 48 4800
48 49 4800
49 50 4800
50 51 4800
51 52 4800
52 53 4800
53 54 4800
54 55 4800
55 56 4800
56 57 4800
57 58 4800
58 59 4800
59 60 4800
60 61 4800
61 62 4800
62 63 4800
63 64 4800
64 65 4800
65 66 4800
66 67 4800
67 68 4800
68 69 4800
69 70 4800
70 71 4800
71 72 4800
72 73 4800
73 74 4800
74 75 4800
75 76 4800
76 77 4800
77 78 4800
78 79 4800
79 80 4800
80 81 4800
81 82 4800
82 83 4800
83 84 4800
84 85 4800
85 86 4800
86 87 4800
87 88 4800
88 89 4800
89 90 4800
90 91 4800
91 92 4800
92 93 4800
93 94 4800
94 95 4800
95 96 4800
96 97 4800
97 98 4800
98 99 4800
99 100 4800
100 101 4800
101 102 4800
102 103 4800
103 104 4800
104 105 4800
105 106 4800
106 107 4800
107 108 4800
108 109 4800
109 110 4800
110 111 4800
111 112 4800
112 113 4800
113 114 4800
114 115 4800
115 116 4800
116 117 4800
117 118 4800
118 119 4800
119 120 4800
120 121 4800
121 122 4800
122 123 4800
123 124 4800
124 125 4800
125 126 4800
126 127 4800
127 128 4800
128 129 4800
129 130 4800
130 131 4800
131 132 4800
132 133 4800
133 134 4800
134 135 4800
135 136 4800
136 137 4800
137 138 4800
138 139 4800
139 140 4800
140 141 4800
141 142 4800
142 143 4800
143 144 4800
144 145 4800
145 146 4800
146 147 4800
147 148 4800
148 149 4800
149 150 4800
150 151 4800
151 152 4800
152 153 4800
153 154 4800
154 155 4800
155 156 4800
156 157 4800
157 158 4800
158 159 4800
159 160 4800
160 161 4800
161 162 4800
162 163 4800
163 164 4800
164 165 4800
165 166 4800
166 167 4800
167 168 4800
168 169 4800
169 170 4800
170 171 4800
171 172 4800
172 173 4800
173 174 4800
174 175 4800
175 176 4800
176 177 4800
177 178 4800
178 179 4800
179 180 4800
180 181 4800
181 182 4800
182 183 4800
183 184 4800
184 185 4800
185 186 4800
186 187 4800
187 188 4800
188 189 4800
189 190 4800
190 191 4800
191 192 4800
192 193 4800
193 194 4800
194 195 4800
195 196 4800
196 197 4800
197 198 4800
198 199 4800
199 200 4800
200 201 4800
201 202 4800
202 203 4800
203 204 4800
204 205 4800
205 206 4800
206 207 4800
207 208 4800
208 209 4800
209 210 4800
210 211 4800
211 212 4800
212 213 4800
213 214 4800
214 215 4800
215 216 4800
216 217 4800
217 218 4800
218 219 4800
219 220 4800
220 221 4800
221 222 4800
222 223 4800
223 224 4800
224 225 4800
225 226 4800
226 227 4800
227 228 4800
228 229 4800
229 230 4800
230 231 4800
231 232 4800
232 233 4800
233 234 4800
234 235 4800
235 236 4800
236 237 4800
237 238 4800
238 239 4800
239 240 4800
240 241 4800
241 242 4800
242 243 4800
243 244 4800
244 245 4800
245 246 4800
246 247 4800
247 248 4800
248 249 4800
249 250 4800
250 251 4800
251 252 4800
252 253 4800
253 254 4800
254 255 4800
255 256 4800
256 257 4800
257 258 4800
258 259 4800
259 260 4800
260 261 4800
261 262 4800
262 263 4800
263 264 4800
264 265 4800
265 266 4800
266 267 4800
267 268 4800
268 269 4800
269 270 4800
270 271 4800
271 272 4800
272 273 4800
273 274 4800
274 275 4800
275 276 4800
276 277 4800
277 278 4800
278 279 4800
279 280 4800
280 281 4800
281 282 4800
282 283 4800
283 284 4800
284 285 4800
285 286 4800
286 287 4800
287 288 4800
288 289 4800
289 290 4800
290 291 4800
291 292 4800
292 293 4800
293 294 4800
294 295 4800
295 296 4800
296 297 4800
297 298 4800
298 299 4800
299 300 4800
300 301 4800
301 302 4800
302 303 4800
303 304 4800
304 305 4800
305 306 4800
306 307 4800
307 308 4800
308 309 4800
309 310 4800
310 311 4800
311 312 4800
312 313 4800
313 314 4800
314 315 4800
315 316 4800
316 317 4800
317 318 4800
318 319 4800
319 320 4800
320 321 4800
321 322 4800
322 323 4800
323 324 4800
324 325 4800
325 326 4800
326 327 4800
327 328 4800
328 329 4800
329 330 4800
330 331 4800
331 332 4800
332 333 4800
333 334 4800
334 335 4800
335 336 4800
336 337 4800
337 338 4800
338 339 4800
339 340 4800
340 341 4800
341 342 4800
342 343 4800
343 344 4800
344 345 4800
345 346 4800
346 347 4800
347 348 4800
348 349 4800
349 350 4800
350 351 4800
351 352 4800
352 353 4800
353 354 4800
354 355 4800
355 356 4800
356 357 4800
357 358 4800
358 359 4800
359 360 4800
360 361 4800
361 362 4800
362 363 4800
363 364 4800
364 365 4800
365 366 4800
366 367 4800
367 368 4800
368 369 4800
369 370 4800
370 371 4800
371 372 4800
372 373 4800
373 374 4800
374 375 4800
375 376 4800
376 377 4800
377 378 4800
378 379 4800
379 380 4800
380 381 4800
381 382 4800
382 383 4800
383 384 4800
384 385 4800
385 386 4800
386 387 4800
387 388 4800
388 389 4800
389 390 4800
390 391 4800
391 392 4800
392 393 4800
393 394 4800
394 395 4800
395 396 4800
396 397 4800
397 398 4800
398 399 4800
399 400 4800
400 401 4800
401 402 4800
402 403 4800
403 404 4800
404 405 4800
405 406 4800
406 407 4800
407 408 4800
408 409 4800
409 410 4800
410 411 4800
411 412 4800
412 413 4800
413 414 4800
414 415 4800
415 416 4800
416 417 4800
417 418 4800
418 419 4800
419 420 4800
420 421 4800
421 422 4800
422 423 4800
423 424 4800
424 425 4800
425 426 4800
426 427 4800
427 428 4800
428 429 4800
429 430 4800
430 431 4800
431 432 4800
432 433 4800
433 434 4800
434 435 4800
435 436 4800
436 437 4800
437 438 4800
438 439 4800
439 440 4800
440 441 4800
441 442 4800
442 443 4800
443 444 4800
444 445 4800
445 446 4800
446 447 4800
447 448 4800
448 449 4800
449 450 4800
450 451 4800
451 452 4800
452 453 4800
453 454 4800
454 455 4800
455 456 4800
456 457 4800
457 458 4800
458 459 4800
459 460 4800
460 461 4800
461 462 4800
462 463 4800
463 464 4800
464 465 4800
465 466 4800
466 467 4800
467 468 4800
468 469 4800
469 470 4800
470 471 4800
471 472 4800
472 473 4800
473 474 4800
474 475 4800
475 476 4800
476 477 4800
477 478 4800
478 479 4800
153 360 4800
89 259 4800
218 319 4800
113 366 4800
32 288 4800
124 364 4800
179 449 4800
183 347 4800
92 405 4800
125 462 4800
72 376 4800
70 194 4800
218 418 4800
141 206 4800
237 280 4800
203 268 4800
72 349 4800
55 260 4800
68 434 4800
62 187 4800
16 96 4800
228 273 4800
31 425 4800
193 198 4800
178 399 4800
145 350 4800
201 433 4800
224 314 4800
93 287 4800
70 265 4800
124 182 4800
65 160 4800
146 471 4800
236 373 4800
107 353 4800
28 334 4800
200 227 4800
228 293 4800
51 94 4800
123 222 4800
64 233 4800
46 321 4800
83 435 4800
115 196 4800
225 281 4800
232 366 4800
7 65 4800
207 302 4800
20 200 4800
31 89 4800
53 473 4800
185 313 4800
201 205 4800
190 342 4800
37 449 4800
136 369 4800
58 274 4800
101 405 4800
138 388 4800
32 180 4800
229 254 4800
34 214 4800
236 465 4800
31 357 4800
114 174 4800
44 391 4800
96 204 4800
52 213 4800
177 451 4800
183 465 4800
72 273 4800
190 349 4800
14 173 4800
87 428 4800
161 470 4800
38 192 4800
237 339 4800
135 367 4800
49 129 4800
120 208 4800
227 230 4800
184 186 4800
201 393 4800
62 186 4800
12 119 4800
163 227 4800
86 457 4800
115 287 4800
129 336 4800
137 269 4800
42 278 4800
166 427 4800
111 141 4800
79 423 4800
203 393 4800
34 406 4800
8 277 4800
117 205 4800
218 321 4800
164 296 4800
56 68 4800
232 300 4800
220 398 4800
78 220 4800
45 48 4800
148 291 4800
11 442 4800
193 237 4800
106 479 4800
173 343 4800
53 303 4800
81 169 4800
110 385 4800
177 251 4800
121 367 4800
75 235 4800
139 429 4800
54 407 4800
81 319 4800
115 349 4800
169 221 4800
147 376 4800
40 396 4800
123 285 4800
110 349 4800
22 350 4800
69 265 4800
220 227 4800
217 283 4800
3 9 4800
35 468 4800
121 388 4800
176 259 4800
38 139 4800
138 394 4800
102 315 4800
168 415 4800
87 186 4800
95 408 4800
166 435 4800
216 384 4800
7 465 4800
100 190 4800
98 409 4800
198 371 4800
78 436 4800
206 232 4800
107 293 4800
76 263 4800
152 410 4800
227 341 4800
191 239 4800
218 440 4800
74 181 4800
188 370 4800
167 326 4800
167 443 4800
176 365 4800
56 316 4800
61 198 4800
49 57 4800
103 357 4800
208 330 4800
179 422 4800
86 185 4800
148 258 4800
207 325 4800
122 131 4800
33 156 4800
94 379 4800
177 181 4800
174 419 4800
62 197 4800
63 128 4800
218 303 4800
131 449 4800
88 227 4800
157 351 4800
126 348 4800
12 265 4800
58 140 4800
104 177 4800
168 414 4800
122 319 4800
51 293 4800
36 175 4800
83 311 4800
228 461 4800
133 186 4800
238 404 4800
196 343 4800
207 404 4800
136 241 4800
12 478 4800
226 450 4800
223 413 4800
24 152 4800
76 194 4800
26 355 4800
234 274 4800
225 476 4800
197 345 4800
116 414 4800
167 412 4800
9 424 4800
130 387 4800
103 411 4800
169 321 4800
208 448 4800
2 184 4800
155 249 4800
179 355 4800
88 319 4800
165 309 4800
12 57 4800
177 299 4800
122 152 4800
168 254 4800
96 438 4800
128 362 4800
29 447 4800
5 293 4800
152 294 4800
64 280 4800
80 141 4800
14 233 4800
0 102 4800
50 73 4800
235 308 4800
102 302 4800
154 159 4800
141 393 4800
140 238 4800
139 164 4800
92 461 4800
24 184 4800
45 142 4800
80 228 4800
155 161 4800
88 304 4800
76 404 4800
156 185 4800
220 263 4800
232 429 4800
94 478 4800
224 336 4800
65 225 4800
77 153 4800
166 336 4800
15 400 4800
90 425 4800
120 348 4800
16 478 4800
10 44 4800
57 292 4800
175 202 4800
33 361 4800
174 257 4800
85 190 4800
160 266 4800
74 404 4800
6 23 4800
87 199 4800
232 258 4800
14 294 4800
126 396 4800
138 186 4800
170 279 4800
205 374 4800
20 277 4800
99 243 4800
55 355 4800
159 219 4800
99 113 4800
227 478 4800
169 273 4800
65 175 4800
173 389 4800
126 286 4800
199 242 4800
159 236 4800
44 453 4800
98 411 4800
118 330 4800
90 263 4800
49 465 4800
112 469 4800
156 277 4800
177 331 4800
74 118 4800
236 407 4800
150 407 4800
97 291 4800
66 416 4800
103 361 4800
76 427 4800
94 245 4800
74 470 4800
161 374 4800
238 432 4800
156 308 4800
68 400 4800
190 316 4800
194 334 4800
33 361 4800
22 434 4800
33 67 4800
60 266 4800
192 463 4800
118 146 4800
28 418 4800
114 287 4800
105 425 4800
97 285 4800
238 405 4800
116 256 4800
31 169 4800
48 218 4800
238 430 4800
214 364 4800
101 381 4800
125 313 4800
90 225 4800
19 241 4800
131 438 4800
231 351 4800
107 115 4800
156 418 4800
232 456 4800
68 169 4800
59 180 4800
69 176 4800
59 477 4800
50 190 4800
170 461 4800
103 429 4800
128 238 4800
2 455 4800
99 350 4800
46 438 4800
139 167 4800
162 360 4800
133 172 4800
150 309 4800
197 255 4800
238 471 4800
160 467 4800
122 266 4800
128 239 4800
4 420 4800
15 96 4800
20 476 4800
6 10 4800
160 304 4800
36 229 4800
185 291 4800
70 466 4800
60 269 4800
93 450 4800
215 381 4800
131 357 4800
229 240 4800
130 198 4800
20 161 4800
30 210 4800
45 331 4800
213 409 4800
136 456 4800
135 449 4800
43 139 4800
122 403 4800
160 286 4800
133 150 4800
222 229 4800
87 229 4800
22 75 4800
122 414 4800
191 377 4800
77 423 4800
27 336 4800
40 228 4800
58 305 4800
33 328 4800
158 212 4800
3 212 4800
129 434 4800
80 450 4800
54 397 4800
197 377 4800
75 155 4800
16 248 4800
155 323 4800
131 283 4800
78 468 4800
145 474 4800
18 411 4800
146 420 4800
183 318 4800
201 373 4800
219 387 4800
231 404 4800
122 443 4800
154 429 4800
2 335 4800
191 336 4800
9 241 4800
173 417 4800
226 269 4800
57 59 4800
195 300 4800
148 211 4800
145 336 4800
152 428 4800
106 446 4800
39 427 4800
59 292 4800
59 341 4800
59 410 4800
17 435 4800
108 116 4800
145 212 4800
86 466 4800
107 261 4800
146 183 4800
57 396 4800
118 421 4800
11 191 4800
165 305 4800
212 269 4800
188 362 4800
64 441 4800
50 254 4800
11 375 4800
201 467 4800
76 472 4800
47 65 4800
132 396 4800
18 123 4800
202 351 4800
4 253 4800
92 247 4800
231 308 4800
63 211 4800
236 461 4800
85 180 4800
163 451 4800
214 257 4800
212 352 4800
78 406 4800
74 91 4800
27 367 4800
140 375 4800
67 287 4800
19 341 4800
221 282 4800
46 455 4800
233 448 4800
25 366 4800
101 315 4800
51 377 4800
234 460 4800
92 245 4800
10 291 4800
198 375 4800
162 169 4800
210 246 4800
77 442 4800
58 62 4800
229 298 4800
197 374 4800
109 323 4800
148 264 4800
189 243 4800
167 217 4800
64 306 4800
163 171 4800
131 423 4800
7 262 4800
232 326 4800
