0 1 4840
1 2 4840
2 3 4840
3 4 4840
4 5 4840
5 6 4840
6 7 4840
7 8 4840
8 9 4840
9 10 4840
10 11 4840
11 12 4840
12 13 4840
13 14 4840
14 15 4840
15 16 4840
16 17 4840
17 18 4840
18 19 4840
19 20 4840
20 21 4840
21 22 4840
22 23 4840
23 24 4840
24 25 4840
25 26 4840
26 27 4840
27 28 4840
28 29 4840
29 30 4840
30 31 4840
31 32 4840
32 33 4840
33 34 4840
34 35 4840
35 36 4840
36 37 4840
37 38 4840
38 39 4840
39 40 4840
40 41 4840
41 42 4840
42 43 4840
43 44 4840
44 45 4840
45 46 4840
46 47 4840
47 48 4840
48 49 4840
49 50 4840
50 51 4840
51 52 4840
52 53 4840
53 54 4840
54 55 4840
55 56 4840
56 57 4840
57 58 4840
58 59 4840
59 60 4840
60 61 4840
61 62 4840
62 63 4840
63 64 4840
64 65 4840
65 66 4840
66 67 4840
67 68 4840
68 69 4840
69 70 4840
70 71 4840
71 72 4840
72 73 4840
73 74 4840
74 75 4840
75 76 4840
76 77 4840
77 78 4840
78 79 4840
79 80 4840
80 81 4840
81 82 4840
82 83 4840
83 84 4840
84 85 4840
85 86 4840
86 87 4840
87 88 4840
88 89 4840
89 90 4840
90 91 4840
91 92 4840
92 93 4840
93 94 4840
94 95 4840
95 96 4840
96 97 4840
97 98 4840
98 99 4840
99 100 4840
100 101 4840
101 102 4840
102 103 4840
103 104 4840
104 105 4840
105 106 4840
106 107 4840
107 108 4840
108 109 4840
109 110 4840
110 111 4840
111 112 4840
112 113 4840
113 114 4840
114 115 4840
115 116 4840
116 117 4840
117 118 4840
118 119 4840
119 120 4840
120 121 4840
121 122 4840
122 123 4840
123 124 4840
124 125 4840
125 126 4840
126 127 4840
127 128 4840
128 129 4840
129 130 4840
130 131 4840
131 132 4840
132 133 4840
133 134 4840
134 135 4840
135 136 4840
136 137 4840
137 138 4840
138 139 4840
139 140 4840
140 141 4840
141 142 4840
142 143 4840
143 144 4840
144 145 4840
145 146 4840
146 147 4840
147 148 4840
148 149 4840
149 150 4840
150 151 4840
151 152 4840
152 153 4840
153 154 4840
154 155 4840
155 156 4840
156 157 4840
157 158 4840
158 159 4840
159 160 4840
160 161 4840
161 162 4840
162 163 4840
163 164 4840
164 165 4840
165 166 4840
166 167 4840
167 168 4840
168 169 4840
169 170 4840
170 171 4840
171 172 4840
172 173 4840
173 174 4840
174 175 4840
175 176 4840
176 177 4840
177 178 4840
178 179 4840
179 180 4840
180 181 4840
181 182 4840
182 183 4840
183 184 4840
184 185 4840
185 186 4840
186 187 4840
187 188 4840
188 189 4840
189 190 4840
190 191 4840
191 192 4840
192 193 4840
193 194 4840
194 195 4840
195 196 4840
196 197 4840
197 198 4840
198 199 4840
199 200 4840
200 201 4840
201 202 4840
202 203 4840
203 204 4840
204 205 4840
205 206 4840
206 207 4840
207 208 4840
208 209 4840
209 210 4840
210 211 4840
211 212 4840
212 213 4840
213 214 4840
214 215 4840
215 216 4840
216 217 4840
217 218 4840
218 219 4840
219 220 4840
220 221 4840
221 222 4840
222 223 4840
223 224 4840
224 225 4840
225 226 4840
226 227 4840
227 228 4840
228 229 4840
229 230 4840
230 231 4840
231 232 4840
232 233 4840
233 234 4840
234 235 4840
235 236 4840
236 237 4840
237 238 4840
238 239 4840
239 240 4840
240 241 4840
241 242 4840
242 243 4840
243 244 4840
244 245 4840
245 246 4840
246 247 4840
247 248 4840
248 249 4840
249 250 4840
250 251 4840
251 252 4840
252 253 4840
253 254 4840
254 255 4840
255 256 4840
256 257 4840
257 258 4840
258 259 4840
259 260 4840
260 261 4840
261 262 4840
262 263 4840
263 264 4840
264 265 4840
265 266 4840
266 267 4840
267 268 4840
268 269 4840
269 270 4840
270 271 4840
271 272 4840
272 273 4840
273 274 4840
274 275 4840
275 276 4840
276 277 4840
277 278 4840
278 279 4840
279 280 4840
280 281 4840
281 282 4840
282 283 4840
283 284 4840
284 285 4840
285 286 4840
286 287 4840
287 288 4840
288 289 4840
289 290 4840
290 291 4840
291 292 4840
292 293 4840
293 294 4840
294 295 4840
295 296 4840
296 297 4840
297 298 4840
298 299 4840
299 300 4840
300 301 4840
301 302 4840
302 303 4840
303 304 4840
304 305 4840
305 306 4840
306 307 4840
307 308 4840
308 309 4840
309 310 4840
310 311 4840
311 312 4840
312 313 4840
313 314 4840
314 315 4840
315 316 4840
316 317 4840
317 318 4840
318 319 4840
319 320 4840
320 321 4840
321 322 4840
322 323 4840
323 324 4840
324 325 4840
325 326 4840
326 327 4840
327 328 4840
328 329 4840
329 330 4840
330 331 4840
331 332 4840
332 333 4840
333 334 4840
334 335 4840
335 336 4840
336 337 4840
337 338 4840
338 339 4840
339 340 4840
340 341 4840
341 342 4840
342 343 4840
343 344 4840
344 345 4840
345 346 4840
346 347 4840
347 348 4840
348 349 4840
349 350 4840
350 351 4840
351 352 4840
352 353 4840
353 354 4840
354 355 4840
355 356 4840
356 357 4840
357 358 4840
358 359 4840
359 360 4840
360 361 4840
361 362 4840
362 363 4840
363 364 4840
364 365 4840
365 366 4840
366 367 4840
367 368 4840
368 369 4840
369 370 4840
370 371 4840
371 372 4840
372 373 4840
373 374 4840
374 375 4840
375 376 4840
376 377 4840
377 378 4840
378 379 4840
379 380 4840
380 381 4840
381 382 4840
382 383 4840
383 384 4840
384 385 4840
385 386 4840
386 387 4840
387 388 4840
388 389 4840
389 390 4840
390 391 4840
391 392 4840
392 393 4840
393 394 4840
394 395 4840
395 396 4840
396 397 4840
397 398 4840
398 399 4840
399 400 4840
400 401 4840
401 402 4840
402 403 4840
403 404 4840
404 405 4840
405 406 4840
406 407 4840
407 408 4840
408 409 4840
409 410 4840
410 411 4840
411 412 4840
412 413 4840
413 414 4840
414 415 4840
415 416 4840
416 417 4840
417 418 4840
418 419 4840
419 420 4840
420 421 4840
421 422 4840
422 423 4840
423 424 4840
424 425 4840
425 426 4840
426 427 4840
427 428 4840
428 429 4840
429 430 4840
430 431 4840
431 432 4840
432 433 4840
433 434 4840
434 435 4840
435 436 4840
436 437 4840
437 438 4840
438 439 4840
439 440 4840
440 441 4840
441 442 4840
442 443 4840
443 444 4840
444 445 4840
445 446 4840
446 447 4840
447 448 4840
448 449 4840
449 450 4840
450 451 4840
451 452 4840
452 453 4840
453 454 4840
454 455 4840
455 456 4840
456 457 4840
457 458 4840
458 459 4840
459 460 4840
460 461 4840
461 462 4840
462 463 4840
463 464 4840
464 465 4840
465 466 4840
466 467 4840
467 468 4840
468 469 4840
469 470 4840
470 471 4840
471 472 4840
472 473 4840
473 474 4840
474 475 4840
475 476 4840
476 477 4840
477 478 4840
478 479 4840
479 480 4840
480 481 4840
481 482 4840
482 483 4840
116 412 4840
220 363 4840
105 304 4840
5 407 4840
178 197 4840
55 255 4840
170 241 4840
91 441 4840
100 351 4840
106 250 4840
216 339 4840
43 298 4840
238 435 4840
238 286 4840
93 294 4840
172 372 4840
107 112 4840
123 224 4840
150 366 4840
113 322 4840
140 146 4840
49 422 4840
154 445 4840
153 449 4840
168 337 4840
150 446 4840
14 307 4840
124 403 4840
235 341 4840
65 329 4840
19 360 4840
133 236 4840
89 470 4840
43 311 4840
97 334 4840
70 349 4840
25 49 4840
216 322 4840
222 450 4840
54 129 4840
224 431 4840
185 334 4840
145 148 4840
50 293 4840
28 181 4840
43 73 4840
205 213 4840
32 456 4840
212 299 4840
150 214 4840
61 211 4840
114 355 4840
204 209 4840
192 349 4840
168 451 4840
17 220 4840
81 442 4840
23 372 4840
8 381 4840
125 395 4840
211 383 4840
85 447 4840
46 250 4840
78 369 4840
66 69 4840
124 160 4840
78 105 4840
219 459 4840
161 453 4840
134 147 4840
167 285 4840
10 300 4840
33 214 4840
70 273 4840
67 192 4840
167 263 4840
155 361 4840
120 437 4840
67 192 4840
149 323 4840
19 60 4840
113 364 4840
155 384 4840
93 453 4840
199 239 4840
166 391 4840
128 190 4840
100 234 4840
111 443 4840
229 305 4840
57 410 4840
151 369 4840
30 341 4840
109 196 4840
9 170 4840
207 403 4840
46 235 4840
170 459 4840
13 126 4840
62 320 4840
92 219 4840
209 268 4840
189 217 4840
205 466 4840
124 145 4840
212 400 4840
8 457 4840
211 216 4840
49 234 4840
174 326 4840
65 172 4840
34 412 4840
118 369 4840
241 298 4840
11 172 4840
39 410 4840
73 465 4840
187 216 4840
223 424 4840
232 390 4840
209 283 4840
34 401 4840
144 211 4840
26 306 4840
223 449 4840
67 361 4840
198 248 4840
196 246 4840
45 353 4840
57 474 4840
132 190 4840
54 301 4840
171 483 4840
68 120 4840
110 360 4840
132 358 4840
71 456 4840
64 171 4840
198 230 4840
184 426 4840
242 373 4840
1 459 4840
182 300 4840
224 469 4840
43 279 4840
37 180 4840
9 167 4840
210 337 4840
105 215 4840
13 202 4840
2 9 4840
67 78 4840
241 441 4840
160 400 4840
53 213 4840
158 207 4840
189 423 4840
141 392 4840
115 309 4840
21 296 4840
77 214 4840
19 291 4840
50 92 4840
45 433 4840
28 35 4840
72 278 4840
110 429 4840
51 459 4840
241 353 4840
192 329 4840
76 148 4840
42 480 4840
89 264 4840
88 229 4840
173 458 4840
8 216 4840
50 481 4840
29 395 4840
91 161 4840
166 272 4840
179 287 4840
60 424 4840
37 150 4840
32 204 4840
176 389 4840
83 401 4840
102 457 4840
18 329 4840
153 320 4840
183 259 4840
197 397 4840
20 38 4840
105 345 4840
11 329 4840
175 374 4840
98 409 4840
20 30 4840
52 165 4840
133 204 4840
31 356 4840
113 160 4840
180 187 4840
25 85 4840
232 424 4840
144 203 4840
169 442 4840
184 465 4840
238 319 4840
11 13 4840
161 483 4840
67 197 4840
211 433 4840
32 58 4840
110 305 4840
10 468 4840
41 129 4840
199 480 4840
5 467 4840
39 451 4840
2 126 4840
91 472 4840
201 402 4840
226 409 4840
47 287 4840
93 204 4840
103 300 4840
180 347 4840
93 196 4840
51 251 4840
223 449 4840
26 403 4840
145 210 4840
74 452 4840
12 29 4840
136 369 4840
31 221 4840
198 409 4840
111 150 4840
67 397 4840
217 442 4840
52 282 4840
12 460 4840
114 358 4840
191 195 4840
74 107 4840
199 257 4840
98 469 4840
39 73 4840
151 181 4840
2 293 4840
86 304 4840
96 206 4840
202 283 4840
220 475 4840
95 196 4840
214 263 4840
88 390 4840
122 203 4840
112 348 4840
46 392 4840
61 438 4840
27 267 4840
169 384 4840
42 426 4840
237 350 4840
154 332 4840
114 259 4840
37 210 4840
121 205 4840
87 180 4840
50 430 4840
24 287 4840
9 187 4840
198 483 4840
239 422 4840
61 394 4840
101 163 4840
70 464 4840
161 214 4840
24 372 4840
238 281 4840
137 202 4840
66 428 4840
204 444 4840
212 437 4840
121 300 4840
64 144 4840
203 277 4840
140 359 4840
229 326 4840
200 404 4840
216 262 4840
91 154 4840
149 202 4840
6 319 4840
145 239 4840
205 380 4840
167 270 4840
63 263 4840
169 430 4840
94 118 4840
141 315 4840
136 237 4840
43 232 4840
101 125 4840
233 355 4840
234 440 4840
151 278 4840
231 354 4840
31 135 4840
39 311 4840
155 220 4840
135 314 4840
79 96 4840
11 391 4840
16 215 4840
185 467 4840
200 297 4840
219 450 4840
164 180 4840
59 193 4840
97 231 4840
47 415 4840
163 455 4840
31 33 4840
202 466 4840
179 279 4840
52 230 4840
23 304 4840
21 201 4840
146 418 4840
73 75 4840
52 444 4840
149 468 4840
127 380 4840
201 453 4840
22 213 4840
198 444 4840
88 394 4840
13 233 4840
240 405 4840
0 218 4840
213 468 4840
19 245 4840
211 283 4840
207 274 4840
18 331 4840
98 440 4840
213 233 4840
193 224 4840
188 340 4840
228 245 4840
175 294 4840
193 408 4840
73 368 4840
211 427 4840
242 344 4840
52 251 4840
165 198 4840
16 441 4840
81 384 4840
152 460 4840
75 324 4840
45 194 4840
71 132 4840
167 197 4840
73 289 4840
99 316 4840
76 480 4840
41 172 4840
238 274 4840
147 352 4840
236 412 4840
73 365 4840
133 283 4840
12 104 4840
189 475 4840
11 458 4840
92 264 4840
84 155 4840
133 271 4840
153 459 4840
219 371 4840
62 245 4840
183 272 4840
156 402 4840
93 472 4840
111 330 4840
2 36 4840
227 338 4840
28 416 4840
242 247 4840
161 263 4840
80 354 4840
55 381 4840
82 433 4840
67 95 4840
205 397 4840
216 390 4840
138 199 4840
232 300 4840
86 191 4840
31 205 4840
113 429 4840
167 454 4840
5 294 4840
42 142 4840
200 226 4840
169 351 4840
51 304 4840
87 235 4840
135 364 4840
105 242 4840
179 439 4840
159 373 4840
215 314 4840
206 457 4840
139 295 4840
230 479 4840
186 252 4840
136 244 4840
48 109 4840
87 435 4840
50 132 4840
83 243 4840
111 216 4840
177 452 4840
182 440 4840
231 276 4840
18 411 4840
91 414 4840
93 351 4840
49 78 4840
62 113 4840
153 469 4840
36 370 4840
50 467 4840
193 201 4840
120 273 4840
120 264 4840
73 247 4840
70 458 4840
215 395 4840
118 377 4840
83 386 4840
136 140 4840
139 351 4840
84 266 4840
157 418 4840
28 78 4840
209 404 4840
117 355 4840
191 361 4840
31 205 4840
137 408 4840
230 475 4840
236 431 4840
33 51 4840
85 350 4840
172 279 4840
138 436 4840
241 392 4840
87 107 4840
179 438 4840
67 123 4840
46 477 4840
205 328 4840
235 312 4840
203 239 4840
198 464 4840
181 283 4840
31 368 4840
231 368 4840
167 318 4840
124 138 4840
238 302 4840
124 311 4840
87 358 4840
50 108 4840
189 315 4840
129 228 4840
225 404 4840
