0 1 4880
1 2 4880
2 3 4880
3 4 4880
4 5 4880
5 6 4880
6 7 4880
7 8 4880
8 9 4880
9 10 4880
10 11 4880
11 12 4880
12 13 4880
13 14 4880
14 15 4880
15 16 4880
16 17 4880
17 18 4880
18 19 4880
19 20 4880
20 21 4880
21 22 4880
22 23 4880
23 24 4880
24 25 4880
25 26 4880
26 27 4880
27 28 4880
28 29 4880
29 30 4880
30 31 4880
31 32 4880
32 33 4880
33 34 4880
34 35 4880
35 36 4880
36 37 4880
37 38 4880
38 39 4880
39 40 4880
40 41 4880
41 42 4880
42 43 4880
43 44 4880
44 45 4880
45 46 4880
46 47 4880
47 48 4880
48 49 4880
49 50 4880
50 51 4880
51 52 4880
52 53 4880
53 54 4880
54 55 4880
55 56 4880
56 57 4880
57 58 4880
58 59 4880
59 60 4880
60 61 4880
61 62 4880
62 63 4880
63 64 4880
64 65 4880
65 66 4880
66 67 4880
67 68 4880
68 69 4880
69 70 4880
70 71 4880
71 72 4880
72 73 4880
73 74 4880
74 75 4880
75 76 4880
76 77 4880
77 78 4880
78 79 4880
79 80 4880
80 81 4880
81 82 4880
82 83 4880
83 84 4880
84 85 4880
85 86 4880
86 87 4880
87 88 4880
88 89 4880
89 90 4880
90 91 4880
91 92 4880
92 93 4880
93 94 4880
94 95 4880
95 96 4880
96 97 4880
97 98 4880
98 99 4880
99 100 4880
100 101 4880
101 102 4880
102 103 4880
103 104 4880
104 105 4880
105 106 4880
106 107 4880
107 108 4880
108 109 4880
109 110 4880
110 111 4880
111 112 4880
112 113 4880
113 114 4880
114 115 4880
115 116 4880
116 117 4880
117 118 4880
118 119 4880
119 120 4880
120 121 4880
121 122 4880
122 123 4880
123 124 4880
124 125 4880
125 126 4880
126 127 4880
127 128 4880
128 129 4880
129 130 4880
130 131 4880
131 132 4880
132 133 4880
133 134 4880
134 135 4880
135 136 4880
136 137 4880
137 138 4880
138 139 4880
139 140 4880
140 141 4880
141 142 4880
142 143 4880
143 144 4880
144 145 4880
145 146 4880
146 147 4880
147 148 4880
148 149 4880
149 150 4880
150 151 4880
151 152 4880
152 153 4880
153 154 4880
154 155 4880
155 156 4880
156 157 4880
157 158 4880
158 159 4880
159 160 4880
160 161 4880
161 162 4880
162 163 4880
163 164 4880
164 165 4880
165 166 4880
166 167 4880
167 168 4880
168 169 4880
169 170 4880
170 171 4880
171 172 4880
172 173 4880
173 174 4880
174 175 4880
175 176 4880
176 177 4880
177 178 4880
178 179 4880
179 180 4880
180 181 4880
181 182 4880
182 183 4880
183 184 4880
184 185 4880
185 186 4880
186 187 4880
187 188 4880
188 189 4880
189 190 4880
190 191 4880
191 192 4880
192 193 4880
193 194 4880
194 195 4880
195 196 4880
196 197 4880
197 198 4880
198 199 4880
199 200 4880
200 201 4880
201 202 4880
202 203 4880
203 204 4880
204 205 4880
205 206 4880
206 207 4880
207 208 4880
208 209 4880
209 210 4880
210 211 4880
211 212 4880
212 213 4880
213 214 4880
214 215 4880
215 216 4880
216 217 4880
217 218 4880
218 219 4880
219 220 4880
220 221 4880
221 222 4880
222 223 4880
223 224 4880
224 225 4880
225 226 4880
226 227 4880
227 228 4880
228 229 4880
229 230 4880
230 231 4880
231 232 4880
232 233 4880
233 234 4880
234 235 4880
235 236 4880
236 237 4880
237 238 4880
238 239 4880
239 240 4880
240 241 4880
241 242 4880
242 243 4880
243 244 4880
244 245 4880
245 246 4880
246 247 4880
247 248 4880
248 249 4880
249 250 4880
250 251 4880
251 252 4880
252 253 4880
253 254 4880
254 255 4880
255 256 4880
256 257 4880
257 258 4880
258 259 4880
259 260 4880
260 261 4880
261 262 4880
262 263 4880
263 264 4880
264 265 4880
265 266 4880
266 267 4880
267 268 4880
268 269 4880
269 270 4880
270 271 4880
271 272 4880
272 273 4880
273 274 4880
274 275 4880
275 276 4880
276 277 4880
277 278 4880
278 279 4880
279 280 4880
280 281 4880
281 282 4880
282 283 4880
283 284 4880
284 285 4880
285 286 4880
286 287 4880
287 288 4880
288 289 4880
289 290 4880
290 291 4880
291 292 4880
292 293 4880
293 294 4880
294 295 4880
295 296 4880
296 297 4880
297 298 4880
298 299 4880
299 300 4880
300 301 4880
301 302 4880
302 303 4880
303 304 4880
304 305 4880
305 306 4880
306 307 4880
307 308 4880
308 309 4880
309 310 4880
310 311 4880
311 312 4880
312 313 4880
313 314 4880
314 315 4880
315 316 4880
316 317 4880
317 318 4880
318 319 4880
319 320 4880
320 321 4880
321 322 4880
322 323 4880
323 324 4880
324 325 4880
325 326 4880
326 327 4880
327 328 4880
328 329 4880
329 330 4880
330 331 4880
331 332 4880
332 333 4880
333 334 4880
334 335 4880
335 336 4880
336 337 4880
337 338 4880
338 339 4880
339 340 4880
340 341 4880
341 342 4880
342 343 4880
343 344 4880
344 345 4880
345 346 4880
346 347 4880
347 348 4880
348 349 4880
349 350 4880
350 351 4880
351 352 4880
352 353 4880
353 354 4880
354 355 4880
355 356 4880
356 357 4880
357 358 4880
358 359 4880
359 360 4880
360 361 4880
361 362 4880
362 363 4880
363 364 4880
364 365 4880
365 366 4880
366 367 4880
367 368 4880
368 369 4880
369 370 4880
370 371 4880
371 372 4880
372 373 4880
373 374 4880
374 375 4880
375 376 4880
376 377 4880
377 378 4880
378 379 4880
379 380 4880
380 381 4880
381 382 4880
382 383 4880
383 384 4880
384 385 4880
385 386 4880
386 387 4880
387 388 4880
388 389 4880
389 390 4880
390 391 4880
391 392 4880
392 393 4880
393 394 4880
394 395 4880
395 396 4880
396 397 4880
397 398 4880
398 399 4880
399 400 4880
400 401 4880
401 402 4880
402 403 4880
403 404 4880
404 405 4880
405 406 4880
406 407 4880
407 408 4880
408 409 4880
409 410 4880
410 411 4880
411 412 4880
412 413 4880
413 414 4880
414 415 4880
415 416 4880
416 417 4880
417 418 4880
418 419 4880
419 420 4880
420 421 4880
421 422 4880
422 423 4880
423 424 4880
424 425 4880
425 426 4880
426 427 4880
427 428 4880
428 429 4880
429 430 4880
430 431 4880
431 432 4880
432 433 4880
433 434 4880
434 435 4880
435 436 4880
436 437 4880
437 438 4880
438 439 4880
439 440 4880
440 441 4880
441 442 4880
442 443 4880
443 444 4880
444 445 4880
445 446 4880
446 447 4880
447 448 4880
448 449 4880
449 450 4880
450 451 4880
451 452 4880
452 453 4880
453 454 4880
454 455 4880
455 456 4880
456 457 4880
457 458 4880
458 459 4880
459 460 4880
460 461 4880
461 462 4880
462 463 4880
463 464 4880
464 465 4880
465 466 4880
466 467 4880
467 468 4880
468 469 4880
469 470 4880
470 471 4880
471 472 4880
472 473 4880
473 474 4880
474 475 4880
475 476 4880
476 477 4880
477 478 4880
478 479 4880
479 480 4880
480 481 4880
481 482 4880
482 483 4880
483 484 4880
484 485 4880
485 486 4880
486 487 4880
48 410 4880
189 288 4880
205 480 4880
170 206 4880
46 312 4880
74 365 4880
145 280 4880
174 227 4880
53 457 4880
95 422 4880
42 361 4880
79 238 4880
189 306 4880
213 325 4880
63 337 4880
134 140 4880
11 434 4880
122 339 4880
81 128 4880
50 348 4880
15 62 4880
148 161 4880
54 356 4880
66 81 4880
5 71 4880
107 304 4880
24 375 4880
165 365 4880
159 486 4880
216 277 4880
57 274 4880
109 176 4880
72 311 4880
218 424 4880
152 378 4880
180 316 4880
138 376 4880
229 322 4880
207 323 4880
42 464 4880
17 275 4880
237 473 4880
105 487 4880
14 385 4880
51 133 4880
56 304 4880
213 483 4880
1 45 4880
201 331 4880
198 440 4880
233 364 4880
172 393 4880
39 353 4880
34 344 4880
138 414 4880
173 253 4880
111 186 4880
176 288 4880
113 323 4880
151 331 4880
139 324 4880
38 49 4880
73 414 4880
214 458 4880
115 388 4880
76 395 4880
193 240 4880
57 320 4880
188 438 4880
27 177 4880
224 323 4880
224 374 4880
77 87 4880
46 453 4880
174 339 4880
148 395 4880
218 388 4880
67 373 4880
221 343 4880
164 219 4880
64 434 4880
190 420 4880
187 341 4880
50 377 4880
87 343 4880
67 349 4880
190 390 4880
109 307 4880
243 462 4880
66 427 4880
161 420 4880
37 451 4880
164 446 4880
242 451 4880
122 349 4880
241 357 4880
114 180 4880
227 418 4880
106 293 4880
38 154 4880
137 276 4880
145 360 4880
73 146 4880
12 330 4880
105 207 4880
61 416 4880
176 402 4880
0 265 4880
21 183 4880
119 448 4880
220 444 4880
180 418 4880
107 230 4880
115 167 4880
86 430 4880
199 362 4880
201 469 4880
62 484 4880
82 414 4880
159 421 4880
228 324 4880
140 390 4880
156 286 4880
162 188 4880
62 433 4880
33 260 4880
205 258 4880
0 57 4880
215 466 4880
240 400 4880
128 198 4880
242 294 4880
84 332 4880
195 217 4880
155 338 4880
113 467 4880
56 328 4880
124 142 4880
196 298 4880
215 434 4880
176 259 4880
208 436 4880
150 294 4880
61 374 4880
232 442 4880
168 269 4880
6 105 4880
150 461 4880
4 210 4880
175 336 4880
65 182 4880
170 193 4880
77 159 4880
105 457 4880
167 299 4880
190 193 4880
201 344 4880
188 429 4880
110 154 4880
205 410 4880
174 255 4880
141 200 4880
87 171 4880
127 228 4880
58 194 4880
67 420 4880
2 68 4880
122 345 4880
148 471 4880
88 355 4880
175 418 4880
155 430 4880
37 56 4880
35 74 4880
160 404 4880
140 366 4880
129 197 4880
97 219 4880
22 411 4880
145 225 4880
103 118 4880
154 379 4880
103 359 4880
163 204 4880
34 110 4880
121 465 4880
138 473 4880
118 407 4880
64 135 4880
24 128 4880
227 419 4880
74 204 4880
79 91 4880
202 298 4880
138 350 4880
11 361 4880
1 106 4880
181 441 4880
200 353 4880
46 442 4880
37 434 4880
100 318 4880
117 386 4880
94 447 4880
192 426 4880
148 204 4880
225 290 4880
115 353 4880
184 198 4880
117 380 4880
170 187 4880
22 264 4880
238 276 4880
110 471 4880
98 277 4880
71 295 4880
60 156 4880
95 233 4880
127 407 4880
188 356 4880
165 367 4880
104 254 4880
202 307 4880
109 426 4880
80 258 4880
177 370 4880
186 350 4880
7 308 4880
17 58 4880
40 398 4880
68 262 4880
149 318 4880
216 238 4880
173 288 4880
192 250 4880
173 306 4880
40 295 4880
132 188 4880
30 402 4880
107 369 4880
215 389 4880
186 471 4880
54 460 4880
236 456 4880
182 482 4880
113 337 4880
154 486 4880
95 441 4880
26 276 4880
10 115 4880
209 376 4880
150 242 4880
165 411 4880
17 350 4880
79 247 4880
135 293 4880
137 167 4880
114 320 4880
66 110 4880
153 209 4880
215 226 4880
41 366 4880
106 319 4880
110 113 4880
115 227 4880
28 471 4880
38 345 4880
177 432 4880
91 194 4880
158 337 4880
160 452 4880
25 322 4880
117 254 4880
149 297 4880
0 332 4880
97 201 4880
73 286 4880
117 446 4880
90 175 4880
175 421 4880
1 252 4880
198 304 4880
46 237 4880
86 237 4880
39 166 4880
42 212 4880
35 451 4880
208 262 4880
208 415 4880
210 409 4880
112 467 4880
73 441 4880
166 357 4880
188 264 4880
117 299 4880
118 151 4880
147 208 4880
146 359 4880
121 271 4880
104 188 4880
132 385 4880
45 118 4880
46 198 4880
194 335 4880
128 341 4880
78 124 4880
58 378 4880
204 437 4880
229 395 4880
56 463 4880
178 286 4880
101 470 4880
138 433 4880
132 264 4880
144 388 4880
190 367 4880
16 274 4880
40 339 4880
129 137 4880
198 241 4880
48 92 4880
167 470 4880
216 358 4880
163 295 4880
64 482 4880
237 328 4880
132 321 4880
52 428 4880
56 184 4880
35 412 4880
241 383 4880
137 444 4880
190 377 4880
100 444 4880
90 487 4880
167 433 4880
152 256 4880
131 265 4880
139 460 4880
8 213 4880
124 288 4880
40 49 4880
101 361 4880
124 263 4880
107 261 4880
96 333 4880
191 403 4880
40 98 4880
5 183 4880
223 335 4880
41 378 4880
79 384 4880
13 23 4880
184 220 4880
199 487 4880
209 265 4880
79 452 4880
92 173 4880
1 207 4880
227 321 4880
203 438 4880
166 357 4880
43 398 4880
101 179 4880
114 205 4880
10 238 4880
64 162 4880
11 429 4880
61 421 4880
138 242 4880
145 412 4880
83 249 4880
36 130 4880
149 432 4880
214 472 4880
46 115 4880
117 366 4880
140 452 4880
202 210 4880
233 302 4880
101 115 4880
207 225 4880
53 203 4880
195 231 4880
25 63 4880
14 450 4880
118 309 4880
114 183 4880
159 455 4880
54 267 4880
155 369 4880
87 247 4880
0 134 4880
23 193 4880
240 476 4880
107 330 4880
24 360 4880
223 292 4880
234 351 4880
3 481 4880
22 129 4880
113 193 4880
72 289 4880
99 406 4880
225 425 4880
75 400 4880
89 322 4880
74 459 4880
185 403 4880
219 321 4880
110 402 4880
164 233 4880
201 438 4880
199 448 4880
16 200 4880
244 433 4880
174 375 4880
214 473 4880
70 248 4880
26 252 4880
215 369 4880
63 480 4880
185 436 4880
206 437 4880
220 487 4880
171 461 4880
201 442 4880
165 224 4880
13 350 4880
107 328 4880
9 260 4880
83 93 4880
7 194 4880
197 351 4880
239 288 4880
121 475 4880
116 220 4880
7 111 4880
235 403 4880
166 271 4880
43 482 4880
23 33 4880
200 257 4880
109 382 4880
216 317 4880
31 156 4880
144 149 4880
75 307 4880
167 479 4880
167 474 4880
116 465 4880
89 350 4880
7 56 4880
93 255 4880
74 382 4880
86 482 4880
64 430 4880
110 335 4880
160 319 4880
152 390 4880
70 476 4880
63 271 4880
81 131 4880
189 378 4880
185 202 4880
211 295 4880
99 188 4880
173 228 4880
226 353 4880
96 145 4880
33 78 4880
169 285 4880
165 376 4880
149 355 4880
107 348 4880
141 379 4880
119 347 4880
8 256 4880
142 190 4880
83 341 4880
240 440 4880
223 472 4880
98 270 4880
9 487 4880
229 231 4880
193 236 4880
