0 1 480
1 2 480
2 3 480
3 4 480
4 5 480
5 6 480
6 7 480
7 8 480
8 9 480
9 10 480
10 11 480
11 12 480
12 13 480
13 14 480
14 15 480
15 16 480
16 17 480
17 18 480
18 19 480
19 20 480
20 21 480
21 22 480
22 23 480
23 24 480
24 25 480
25 26 480
26 27 480
27 28 480
28 29 480
29 30 480
30 31 480
31 32 480
32 33 480
33 34 480
34 35 480
35 36 480
36 37 480
37 38 480
38 39 480
39 40 480
40 41 480
41 42 480
42 43 480
43 44 480
44 45 480
45 46 480
46 47 480
16 18 480
18 43 480
24 45 480
5 13 480
19 31 480
6 32 480
9 25 480
9 25 480
20 46 480
23 36 480
23 34 480
8 15 480
8 46 480
24 31 480
14 25 480
12 46 480
5 37 480
5 41 480
9 31 480
11 19 480
24 32 480
8 19 480
21 30 480
24 46 480
0 35 480
1 29 480
3 22 480
10 13 480
20 24 480
23 28 480
17 32 480
1 46 480
1 23 480
12 39 480
23 32 480
15 24 480
13 27 480
21 45 480
16 38 480
19 42 480
22 43 480
14 38 480
20 47 480
23 39 480
11 32 480
3 16 480
