0 1 4920
1 2 4920
2 3 4920
3 4 4920
4 5 4920
5 6 4920
6 7 4920
7 8 4920
8 9 4920
9 10 4920
10 11 4920
11 12 4920
12 13 4920
13 14 4920
14 15 4920
15 16 4920
16 17 4920
17 18 4920
18 19 4920
19 20 4920
20 21 4920
21 22 4920
22 23 4920
23 24 4920
24 25 4920
25 26 4920
26 27 4920
27 28 4920
28 29 4920
29 30 4920
30 31 4920
31 32 4920
32 33 4920
33 34 4920
34 35 4920
35 36 4920
36 37 4920
37 38 4920
38 39 4920
39 40 4920
40 41 4920
41 42 4920
42 43 4920
43 44 4920
44 45 4920
45 46 4920
46 47 4920
47 48 4920
48 49 4920
49 50 4920
50 51 4920
51 52 4920
52 53 4920
53 54 4920
54 55 4920
55 56 4920
56 57 4920
57 58 4920
58 59 4920
59 60 4920
60 61 4920
61 62 4920
62 63 4920
63 64 4920
64 65 4920
65 66 4920
66 67 4920
67 68 4920
68 69 4920
69 70 4920
70 71 4920
71 72 4920
72 73 4920
73 74 4920
74 75 4920
75 76 4920
76 77 4920
77 78 4920
78 79 4920
79 80 4920
80 81 4920
81 82 4920
82 83 4920
83 84 4920
84 85 4920
85 86 4920
86 87 4920
87 88 4920
88 89 4920
89 90 4920
90 91 4920
91 92 4920
92 93 4920
93 94 4920
94 95 4920
95 96 4920
96 97 4920
97 98 4920
98 99 4920
99 100 4920
100 101 4920
101 102 4920
102 103 4920
103 104 4920
104 105 4920
105 106 4920
106 107 4920
107 108 4920
108 109 4920
109 110 4920
110 111 4920
111 112 4920
112 113 4920
113 114 4920
114 115 4920
115 116 4920
116 117 4920
117 118 4920
118 119 4920
119 120 4920
120 121 4920
121 122 4920
122 123 4920
123 124 4920
124 125 4920
125 126 4920
126 127 4920
127 128 4920
128 129 4920
129 130 4920
130 131 4920
131 132 4920
132 133 4920
133 134 4920
134 135 4920
135 136 4920
136 137 4920
137 138 4920
138 139 4920
139 140 4920
140 141 4920
141 142 4920
142 143 4920
143 144 4920
144 145 4920
145 146 4920
146 147 4920
147 148 4920
148 149 4920
149 150 4920
150 151 4920
151 152 4920
152 153 4920
153 154 4920
154 155 4920
155 156 4920
156 157 4920
157 158 4920
158 159 4920
159 160 4920
160 161 4920
161 162 4920
162 163 4920
163 164 4920
164 165 4920
165 166 4920
166 167 4920
167 168 4920
168 169 4920
169 170 4920
170 171 4920
171 172 4920
172 173 4920
173 174 4920
174 175 4920
175 176 4920
176 177 4920
177 178 4920
178 179 4920
179 180 4920
180 181 4920
181 182 4920
182 183 4920
183 184 4920
184 185 4920
185 186 4920
186 187 4920
187 188 4920
188 189 4920
189 190 4920
190 191 4920
191 192 4920
192 193 4920
193 194 4920
194 195 4920
195 196 4920
196 197 4920
197 198 4920
198 199 4920
199 200 4920
200 201 4920
201 202 4920
202 203 4920
203 204 4920
204 205 4920
205 206 4920
206 207 4920
207 208 4920
208 209 4920
209 210 4920
210 211 4920
211 212 4920
212 213 4920
213 214 4920
214 215 4920
215 216 4920
216 217 4920
217 218 4920
218 219 4920
219 220 4920
220 221 4920
221 222 4920
222 223 4920
223 224 4920
224 225 4920
225 226 4920
226 227 4920
227 228 4920
228 229 4920
229 230 4920
230 231 4920
231 232 4920
232 233 4920
233 234 4920
234 235 4920
235 236 4920
236 237 4920
237 238 4920
238 239 4920
239 240 4920
240 241 4920
241 242 4920
242 243 4920
243 244 4920
244 245 4920
245 246 4920
246 247 4920
247 248 4920
248 249 4920
249 250 4920
250 251 4920
251 252 4920
252 253 4920
253 254 4920
254 255 4920
255 256 4920
256 257 4920
257 258 4920
258 259 4920
259 260 4920
260 261 4920
261 262 4920
262 263 4920
263 264 4920
264 265 4920
265 266 4920
266 267 4920
267 268 4920
268 269 4920
269 270 4920
270 271 4920
271 272 4920
272 273 4920
273 274 4920
274 275 4920
275 276 4920
276 277 4920
277 278 4920
278 279 4920
279 280 4920
280 281 4920
281 282 4920
282 283 4920
283 284 4920
284 285 4920
285 286 4920
286 287 4920
287 288 4920
288 289 4920
289 290 4920
290 291 4920
291 292 4920
292 293 4920
293 294 4920
294 295 4920
295 296 4920
296 297 4920
297 298 4920
298 299 4920
299 300 4920
300 301 4920
301 302 4920
302 303 4920
303 304 4920
304 305 4920
305 306 4920
306 307 4920
307 308 4920
308 309 4920
309 310 4920
310 311 4920
311 312 4920
312 313 4920
313 314 4920
314 315 4920
315 316 4920
316 317 4920
317 318 4920
318 319 4920
319 320 4920
320 321 4920
321 322 4920
322 323 4920
323 324 4920
324 325 4920
325 326 4920
326 327 4920
327 328 4920
328 329 4920
329 330 4920
330 331 4920
331 332 4920
332 333 4920
333 334 4920
334 335 4920
335 336 4920
336 337 4920
337 338 4920
338 339 4920
339 340 4920
340 341 4920
341 342 4920
342 343 4920
343 344 4920
344 345 4920
345 346 4920
346 347 4920
347 348 4920
348 349 4920
349 350 4920
350 351 4920
351 352 4920
352 353 4920
353 354 4920
354 355 4920
355 356 4920
356 357 4920
357 358 4920
358 359 4920
359 360 4920
360 361 4920
361 362 4920
362 363 4920
363 364 4920
364 365 4920
365 366 4920
366 367 4920
367 368 4920
368 369 4920
369 370 4920
370 371 4920
371 372 4920
372 373 4920
373 374 4920
374 375 4920
375 376 4920
376 377 4920
377 378 4920
378 379 4920
379 380 4920
380 381 4920
381 382 4920
382 383 4920
383 384 4920
384 385 4920
385 386 4920
386 387 4920
387 388 4920
388 389 4920
389 390 4920
390 391 4920
391 392 4920
392 393 4920
393 394 4920
394 395 4920
395 396 4920
396 397 4920
397 398 4920
398 399 4920
399 400 4920
400 401 4920
401 402 4920
402 403 4920
403 404 4920
404 405 4920
405 406 4920
406 407 4920
407 408 4920
408 409 4920
409 410 4920
410 411 4920
411 412 4920
412 413 4920
413 414 4920
414 415 4920
415 416 4920
416 417 4920
417 418 4920
418 419 4920
419 420 4920
420 421 4920
421 422 4920
422 423 4920
423 424 4920
424 425 4920
425 426 4920
426 427 4920
427 428 4920
428 429 4920
429 430 4920
430 431 4920
431 432 4920
432 433 4920
433 434 4920
434 435 4920
435 436 4920
436 437 4920
437 438 4920
438 439 4920
439 440 4920
440 441 4920
441 442 4920
442 443 4920
443 444 4920
444 445 4920
445 446 4920
446 447 4920
447 448 4920
448 449 4920
449 450 4920
450 451 4920
451 452 4920
452 453 4920
453 454 4920
454 455 4920
455 456 4920
456 457 4920
457 458 4920
458 459 4920
459 460 4920
460 461 4920
461 462 4920
462 463 4920
463 464 4920
464 465 4920
465 466 4920
466 467 4920
467 468 4920
468 469 4920
469 470 4920
470 471 4920
471 472 4920
472 473 4920
473 474 4920
474 475 4920
475 476 4920
476 477 4920
477 478 4920
478 479 4920
479 480 4920
480 481 4920
481 482 4920
482 483 4920
483 484 4920
484 485 4920
485 486 4920
486 487 4920
487 488 4920
488 489 4920
489 490 4920
490 491 4920
81 462 4920
140 202 4920
152 321 4920
109 428 4920
155 258 4920
5 289 4920
89 320 4920
100 467 4920
175 406 4920
68 119 4920
145 346 4920
164 442 4920
209 450 4920
6 472 4920
107 353 4920
87 162 4920
154 437 4920
97 430 4920
98 296 4920
227 443 4920
199 261 4920
137 142 4920
96 424 4920
201 303 4920
36 204 4920
118 186 4920
211 268 4920
119 476 4920
15 94 4920
49 362 4920
23 486 4920
200 297 4920
159 207 4920
207 216 4920
163 252 4920
23 439 4920
10 115 4920
100 215 4920
228 438 4920
208 459 4920
77 318 4920
212 467 4920
59 359 4920
165 183 4920
140 142 4920
148 477 4920
171 231 4920
119 242 4920
146 286 4920
245 354 4920
232 251 4920
61 270 4920
112 381 4920
148 153 4920
200 419 4920
145 432 4920
182 196 4920
171 379 4920
232 310 4920
139 243 4920
83 284 4920
29 411 4920
93 315 4920
108 405 4920
76 413 4920
171 393 4920
39 215 4920
109 231 4920
26 210 4920
103 121 4920
48 68 4920
141 150 4920
212 459 4920
154 249 4920
183 202 4920
121 333 4920
135 414 4920
28 153 4920
44 159 4920
177 429 4920
91 400 4920
233 240 4920
180 353 4920
132 364 4920
96 221 4920
141 145 4920
174 421 4920
66 363 4920
31 155 4920
138 220 4920
28 141 4920
79 83 4920
50 437 4920
151 154 4920
40 121 4920
45 80 4920
154 207 4920
195 322 4920
125 251 4920
168 230 4920
86 463 4920
129 349 4920
121 458 4920
172 323 4920
241 282 4920
228 243 4920
219 242 4920
48 314 4920
198 481 4920
135 288 4920
167 448 4920
141 485 4920
154 162 4920
25 56 4920
172 318 4920
203 277 4920
76 454 4920
80 488 4920
142 268 4920
7 136 4920
57 237 4920
197 295 4920
71 210 4920
30 52 4920
82 397 4920
106 215 4920
183 234 4920
9 343 4920
121 249 4920
4 216 4920
111 311 4920
15 332 4920
142 432 4920
183 489 4920
155 389 4920
190 344 4920
34 197 4920
203 454 4920
173 438 4920
30 374 4920
231 320 4920
140 412 4920
218 440 4920
206 301 4920
157 250 4920
107 115 4920
135 204 4920
222 434 4920
161 293 4920
141 336 4920
217 268 4920
149 358 4920
138 286 4920
224 228 4920
22 182 4920
232 263 4920
235 308 4920
24 201 4920
60 390 4920
130 255 4920
91 260 4920
97 114 4920
104 326 4920
62 489 4920
167 386 4920
148 423 4920
211 488 4920
210 371 4920
14 27 4920
33 487 4920
103 380 4920
215 240 4920
146 262 4920
44 463 4920
75 257 4920
20 244 4920
19 148 4920
120 417 4920
133 214 4920
198 377 4920
149 409 4920
55 206 4920
164 373 4920
165 171 4920
118 226 4920
6 235 4920
183 283 4920
1 32 4920
112 257 4920
116 160 4920
16 224 4920
6 456 4920
243 477 4920
218 449 4920
194 368 4920
23 338 4920
159 188 4920
78 287 4920
240 261 4920
119 147 4920
124 435 4920
20 134 4920
169 428 4920
70 287 4920
190 279 4920
94 193 4920
183 465 4920
195 459 4920
33 330 4920
41 260 4920
189 232 4920
164 235 4920
48 329 4920
214 284 4920
47 150 4920
108 423 4920
81 424 4920
62 177 4920
62 201 4920
41 375 4920
188 218 4920
81 415 4920
176 227 4920
79 482 4920
192 345 4920
231 355 4920
189 258 4920
50 73 4920
0 210 4920
140 292 4920
219 394 4920
51 463 4920
157 218 4920
17 439 4920
74 363 4920
246 304 4920
5 255 4920
169 248 4920
97 186 4920
137 265 4920
120 208 4920
88 398 4920
173 323 4920
175 296 4920
201 390 4920
237 301 4920
143 262 4920
103 253 4920
136 179 4920
200 214 4920
123 270 4920
6 371 4920
2 18 4920
168 484 4920
179 299 4920
35 43 4920
117 425 4920
129 189 4920
158 251 4920
194 314 4920
46 379 4920
64 453 4920
45 189 4920
180 385 4920
139 273 4920
165 253 4920
233 452 4920
210 248 4920
180 352 4920
38 227 4920
112 187 4920
14 473 4920
19 121 4920
32 51 4920
55 284 4920
165 222 4920
35 86 4920
169 418 4920
6 145 4920
222 471 4920
239 296 4920
18 21 4920
145 281 4920
107 309 4920
136 355 4920
234 432 4920
161 279 4920
30 137 4920
53 120 4920
160 399 4920
79 196 4920
37 241 4920
149 353 4920
186 384 4920
155 224 4920
44 362 4920
186 298 4920
205 405 4920
210 308 4920
144 344 4920
33 73 4920
170 223 4920
125 280 4920
110 251 4920
198 242 4920
19 315 4920
138 463 4920
199 314 4920
195 286 4920
207 317 4920
163 451 4920
215 323 4920
140 377 4920
166 168 4920
70 184 4920
68 207 4920
80 291 4920
22 384 4920
7 277 4920
70 255 4920
159 488 4920
23 234 4920
73 97 4920
48 489 4920
33 54 4920
78 244 4920
115 299 4920
84 457 4920
219 297 4920
118 457 4920
163 428 4920
105 430 4920
227 343 4920
40 277 4920
95 481 4920
233 355 4920
57 358 4920
92 443 4920
47 341 4920
191 362 4920
170 410 4920
65 321 4920
87 283 4920
153 366 4920
16 225 4920
9 226 4920
165 184 4920
9 152 4920
156 455 4920
216 440 4920
3 288 4920
164 377 4920
46 194 4920
85 490 4920
198 415 4920
6 35 4920
235 306 4920
32 158 4920
245 256 4920
229 439 4920
105 485 4920
154 166 4920
130 388 4920
186 444 4920
140 247 4920
121 442 4920
225 458 4920
89 234 4920
244 477 4920
220 349 4920
242 467 4920
153 480 4920
72 282 4920
71 440 4920
100 278 4920
177 267 4920
55 202 4920
7 460 4920
188 247 4920
49 136 4920
208 365 4920
29 454 4920
206 326 4920
96 140 4920
149 475 4920
82 373 4920
210 269 4920
108 426 4920
71 124 4920
210 460 4920
185 477 4920
154 381 4920
139 156 4920
163 355 4920
229 320 4920
112 135 4920
31 114 4920
127 341 4920
170 491 4920
148 179 4920
36 179 4920
43 52 4920
156 205 4920
244 420 4920
233 487 4920
7 40 4920
4 405 4920
29 247 4920
79 234 4920
58 240 4920
90 355 4920
13 403 4920
140 259 4920
57 385 4920
221 318 4920
191 437 4920
172 348 4920
116 370 4920
177 263 4920
238 339 4920
224 260 4920
195 320 4920
41 90 4920
188 486 4920
137 395 4920
139 318 4920
64 196 4920
184 475 4920
120 168 4920
82 137 4920
70 253 4920
136 266 4920
178 267 4920
88 189 4920
180 416 4920
107 239 4920
209 474 4920
17 396 4920
202 296 4920
118 408 4920
242 256 4920
89 418 4920
94 391 4920
71 444 4920
155 346 4920
95 154 4920
67 423 4920
17 448 4920
196 305 4920
193 418 4920
189 454 4920
127 347 4920
25 239 4920
79 179 4920
176 452 4920
16 482 4920
20 425 4920
132 464 4920
162 365 4920
177 195 4920
190 476 4920
72 146 4920
213 248 4920
114 300 4920
239 414 4920
167 422 4920
3 290 4920
241 285 4920
231 237 4920
232 437 4920
46 262 4920
6 467 4920
239 424 4920
162 444 4920
221 387 4920
217 234 4920
133 365 4920
58 248 4920
12 243 4920
20 45 4920
110 483 4920
226 348 4920
137 369 4920
134 149 4920
143 337 4920
17 291 4920
103 468 4920
152 316 4920
170 249 4920
75 131 4920
