0 1 4960
1 2 4960
2 3 4960
3 4 4960
4 5 4960
5 6 4960
6 7 4960
7 8 4960
8 9 4960
9 10 4960
10 11 4960
11 12 4960
12 13 4960
13 14 4960
14 15 4960
15 16 4960
16 17 4960
17 18 4960
18 19 4960
19 20 4960
20 21 4960
21 22 4960
22 23 4960
23 24 4960
24 25 4960
25 26 4960
26 27 4960
27 28 4960
28 29 4960
29 30 4960
30 31 4960
31 32 4960
32 33 4960
33 34 4960
34 35 4960
35 36 4960
36 37 4960
37 38 4960
38 39 4960
39 40 4960
40 41 4960
41 42 4960
42 43 4960
43 44 4960
44 45 4960
45 46 4960
46 47 4960
47 48 4960
48 49 4960
49 50 4960
50 51 4960
51 52 4960
52 53 4960
53 54 4960
54 55 4960
55 56 4960
56 57 4960
57 58 4960
58 59 4960
59 60 4960
60 61 4960
61 62 4960
62 63 4960
63 64 4960
64 65 4960
65 66 4960
66 67 4960
67 68 4960
68 69 4960
69 70 4960
70 71 4960
71 72 4960
72 73 4960
73 74 4960
74 75 4960
75 76 4960
76 77 4960
77 78 4960
78 79 4960
79 80 4960
80 81 4960
81 82 4960
82 83 4960
83 84 4960
84 85 4960
85 86 4960
86 87 4960
87 88 4960
88 89 4960
89 90 4960
90 91 4960
91 92 4960
92 93 4960
93 94 4960
94 95 4960
95 96 4960
96 97 4960
97 98 4960
98 99 4960
99 100 4960
100 101 4960
101 102 4960
102 103 4960
103 104 4960
104 105 4960
105 106 4960
106 107 4960
107 108 4960
108 109 4960
109 110 4960
110 111 4960
111 112 4960
112 113 4960
113 114 4960
114 115 4960
115 116 4960
116 117 4960
117 118 4960
118 119 4960
119 120 4960
120 121 4960
121 122 4960
122 123 4960
123 124 4960
124 125 4960
125 126 4960
126 127 4960
127 128 4960
128 129 4960
129 130 4960
130 131 4960
131 132 4960
132 133 4960
133 134 4960
134 135 4960
135 136 4960
136 137 4960
137 138 4960
138 139 4960
139 140 4960
140 141 4960
141 142 4960
142 143 4960
143 144 4960
144 145 4960
145 146 4960
146 147 4960
147 148 4960
148 149 4960
149 150 4960
150 151 4960
151 152 4960
152 153 4960
153 154 4960
154 155 4960
155 156 4960
156 157 4960
157 158 4960
158 159 4960
159 160 4960
160 161 4960
161 162 4960
162 163 4960
163 164 4960
164 165 4960
165 166 4960
166 167 4960
167 168 4960
168 169 4960
169 170 4960
170 171 4960
171 172 4960
172 173 4960
173 174 4960
174 175 4960
175 176 4960
176 177 4960
177 178 4960
178 179 4960
179 180 4960
180 181 4960
181 182 4960
182 183 4960
183 184 4960
184 185 4960
185 186 4960
186 187 4960
187 188 4960
188 189 4960
189 190 4960
190 191 4960
191 192 4960
192 193 4960
193 194 4960
194 195 4960
195 196 4960
196 197 4960
197 198 4960
198 199 4960
199 200 4960
200 201 4960
201 202 4960
202 203 4960
203 204 4960
204 205 4960
205 206 4960
206 207 4960
207 208 4960
208 209 4960
209 210 4960
210 211 4960
211 212 4960
212 213 4960
213 214 4960
214 215 4960
215 216 4960
216 217 4960
217 218 4960
218 219 4960
219 220 4960
220 221 4960
221 222 4960
222 223 4960
223 224 4960
224 225 4960
225 226 4960
226 227 4960
227 228 4960
228 229 4960
229 230 4960
230 231 4960
231 232 4960
232 233 4960
233 234 4960
234 235 4960
235 236 4960
236 237 4960
237 238 4960
238 239 4960
239 240 4960
240 241 4960
241 242 4960
242 243 4960
243 244 4960
244 245 4960
245 246 4960
246 247 4960
247 248 4960
248 249 4960
249 250 4960
250 251 4960
251 252 4960
252 253 4960
253 254 4960
254 255 4960
255 256 4960
256 257 4960
257 258 4960
258 259 4960
259 260 4960
260 261 4960
261 262 4960
262 263 4960
263 264 4960
264 265 4960
265 266 4960
266 267 4960
267 268 4960
268 269 4960
269 270 4960
270 271 4960
271 272 4960
272 273 4960
273 274 4960
274 275 4960
275 276 4960
276 277 4960
277 278 4960
278 279 4960
279 280 4960
280 281 4960
281 282 4960
282 283 4960
283 284 4960
284 285 4960
285 286 4960
286 287 4960
287 288 4960
288 289 4960
289 290 4960
290 291 4960
291 292 4960
292 293 4960
293 294 4960
294 295 4960
295 296 4960
296 297 4960
297 298 4960
298 299 4960
299 300 4960
300 301 4960
301 302 4960
302 303 4960
303 304 4960
304 305 4960
305 306 4960
306 307 4960
307 308 4960
308 309 4960
309 310 4960
310 311 4960
311 312 4960
312 313 4960
313 314 4960
314 315 4960
315 316 4960
316 317 4960
317 318 4960
318 319 4960
319 320 4960
320 321 4960
321 322 4960
322 323 4960
323 324 4960
324 325 4960
325 326 4960
326 327 4960
327 328 4960
328 329 4960
329 330 4960
330 331 4960
331 332 4960
332 333 4960
333 334 4960
334 335 4960
335 336 4960
336 337 4960
337 338 4960
338 339 4960
339 340 4960
340 341 4960
341 342 4960
342 343 4960
343 344 4960
344 345 4960
345 346 4960
346 347 4960
347 348 4960
348 349 4960
349 350 4960
350 351 4960
351 352 4960
352 353 4960
353 354 4960
354 355 4960
355 356 4960
356 357 4960
357 358 4960
358 359 4960
359 360 4960
360 361 4960
361 362 4960
362 363 4960
363 364 4960
364 365 4960
365 366 4960
366 367 4960
367 368 4960
368 369 4960
369 370 4960
370 371 4960
371 372 4960
372 373 4960
373 374 4960
374 375 4960
375 376 4960
376 377 4960
377 378 4960
378 379 4960
379 380 4960
380 381 4960
381 382 4960
382 383 4960
383 384 4960
384 385 4960
385 386 4960
386 387 4960
387 388 4960
388 389 4960
389 390 4960
390 391 4960
391 392 4960
392 393 4960
393 394 4960
394 395 4960
395 396 4960
396 397 4960
397 398 4960
398 399 4960
399 400 4960
400 401 4960
401 402 4960
402 403 4960
403 404 4960
404 405 4960
405 406 4960
406 407 4960
407 408 4960
408 409 4960
409 410 4960
410 411 4960
411 412 4960
412 413 4960
413 414 4960
414 415 4960
415 416 4960
416 417 4960
417 418 4960
418 419 4960
419 420 4960
420 421 4960
421 422 4960
422 423 4960
423 424 4960
424 425 4960
425 426 4960
426 427 4960
427 428 4960
428 429 4960
429 430 4960
430 431 4960
431 432 4960
432 433 4960
433 434 4960
434 435 4960
435 436 4960
436 437 4960
437 438 4960
438 439 4960
439 440 4960
440 441 4960
441 442 4960
442 443 4960
443 444 4960
444 445 4960
445 446 4960
446 447 4960
447 448 4960
448 449 4960
449 450 4960
450 451 4960
451 452 4960
452 453 4960
453 454 4960
454 455 4960
455 456 4960
456 457 4960
457 458 4960
458 459 4960
459 460 4960
460 461 4960
461 462 4960
462 463 4960
463 464 4960
464 465 4960
465 466 4960
466 467 4960
467 468 4960
468 469 4960
469 470 4960
470 471 4960
471 472 4960
472 473 4960
473 474 4960
474 475 4960
475 476 4960
476 477 4960
477 478 4960
478 479 4960
479 480 4960
480 481 4960
481 482 4960
482 483 4960
483 484 4960
484 485 4960
485 486 4960
486 487 4960
487 488 4960
488 489 4960
489 490 4960
490 491 4960
491 492 4960
492 493 4960
493 494 4960
494 495 4960
161 163 4960
248 478 4960
115 177 4960
244 333 4960
138 262 4960
225 250 4960
193 259 4960
9 30 4960
191 277 4960
68 187 4960
65 407 4960
59 261 4960
129 441 4960
156 175 4960
57 476 4960
114 148 4960
233 388 4960
172 326 4960
49 287 4960
123 136 4960
126 131 4960
73 414 4960
48 71 4960
212 427 4960
96 249 4960
64 396 4960
16 127 4960
230 486 4960
63 404 4960
151 400 4960
85 157 4960
213 480 4960
46 214 4960
61 439 4960
153 378 4960
140 414 4960
62 241 4960
177 227 4960
145 294 4960
193 331 4960
194 348 4960
117 288 4960
54 390 4960
126 347 4960
20 81 4960
204 410 4960
111 479 4960
45 142 4960
56 183 4960
221 370 4960
61 269 4960
97 148 4960
173 194 4960
142 199 4960
57 185 4960
200 332 4960
124 355 4960
25 472 4960
201 396 4960
220 425 4960
153 320 4960
61 90 4960
95 346 4960
68 480 4960
32 51 4960
38 329 4960
90 449 4960
127 205 4960
214 402 4960
243 432 4960
141 485 4960
202 379 4960
80 184 4960
151 194 4960
58 361 4960
25 33 4960
247 348 4960
196 424 4960
183 202 4960
61 470 4960
229 314 4960
192 234 4960
17 314 4960
58 306 4960
16 314 4960
187 331 4960
57 471 4960
94 454 4960
206 229 4960
134 268 4960
9 72 4960
108 428 4960
13 136 4960
231 283 4960
194 345 4960
180 486 4960
152 379 4960
29 378 4960
193 213 4960
70 365 4960
164 290 4960
84 196 4960
170 213 4960
158 374 4960
169 236 4960
174 450 4960
58 362 4960
177 186 4960
106 319 4960
17 53 4960
24 82 4960
75 404 4960
122 255 4960
35 451 4960
143 171 4960
222 328 4960
6 288 4960
73 443 4960
43 167 4960
51 169 4960
37 413 4960
244 484 4960
79 103 4960
24 491 4960
92 320 4960
65 243 4960
237 365 4960
183 353 4960
21 437 4960
244 288 4960
63 100 4960
76 274 4960
215 484 4960
173 471 4960
104 336 4960
198 420 4960
66 284 4960
213 422 4960
122 467 4960
241 477 4960
232 392 4960
26 287 4960
177 398 4960
126 460 4960
210 385 4960
248 473 4960
74 376 4960
148 414 4960
166 437 4960
76 438 4960
169 246 4960
180 341 4960
126 225 4960
162 408 4960
21 383 4960
94 229 4960
164 384 4960
67 356 4960
247 374 4960
139 396 4960
85 170 4960
46 295 4960
153 262 4960
161 336 4960
72 278 4960
219 247 4960
179 209 4960
223 327 4960
3 230 4960
52 232 4960
206 367 4960
209 364 4960
237 317 4960
165 430 4960
60 364 4960
238 343 4960
189 380 4960
186 214 4960
76 281 4960
208 417 4960
5 190 4960
240 413 4960
159 345 4960
8 65 4960
51 491 4960
39 399 4960
120 376 4960
172 297 4960
209 331 4960
233 471 4960
95 275 4960
168 298 4960
216 459 4960
246 311 4960
134 479 4960
101 387 4960
142 280 4960
220 441 4960
205 350 4960
158 162 4960
179 391 4960
186 435 4960
200 357 4960
160 469 4960
29 379 4960
158 348 4960
21 372 4960
12 441 4960
55 64 4960
247 484 4960
200 335 4960
113 199 4960
101 462 4960
73 111 4960
90 421 4960
26 381 4960
41 447 4960
228 329 4960
31 475 4960
22 148 4960
220 363 4960
34 118 4960
6 301 4960
208 475 4960
151 466 4960
77 80 4960
240 378 4960
116 217 4960
220 407 4960
33 317 4960
34 264 4960
82 309 4960
229 253 4960
9 206 4960
176 322 4960
28 476 4960
168 195 4960
0 40 4960
39 157 4960
3 343 4960
220 254 4960
161 181 4960
101 401 4960
159 487 4960
21 270 4960
22 192 4960
210 275 4960
17 71 4960
160 334 4960
183 295 4960
23 121 4960
126 476 4960
38 258 4960
34 457 4960
30 33 4960
63 348 4960
217 442 4960
149 396 4960
121 167 4960
43 318 4960
223 301 4960
159 328 4960
32 53 4960
40 384 4960
148 195 4960
141 438 4960
190 325 4960
229 349 4960
71 185 4960
168 193 4960
123 491 4960
179 294 4960
150 304 4960
135 270 4960
84 475 4960
86 375 4960
148 309 4960
218 275 4960
30 399 4960
99 462 4960
59 215 4960
93 211 4960
93 366 4960
238 464 4960
164 265 4960
14 295 4960
155 171 4960
245 321 4960
17 263 4960
242 302 4960
188 219 4960
93 143 4960
246 470 4960
174 333 4960
102 421 4960
156 343 4960
243 494 4960
27 163 4960
165 431 4960
225 467 4960
43 321 4960
85 492 4960
68 127 4960
223 410 4960
208 457 4960
73 229 4960
160 236 4960
195 251 4960
162 484 4960
185 437 4960
138 410 4960
104 467 4960
175 184 4960
8 483 4960
179 422 4960
134 352 4960
72 374 4960
76 139 4960
185 301 4960
224 334 4960
32 259 4960
41 128 4960
196 338 4960
136 291 4960
188 203 4960
100 427 4960
27 66 4960
78 204 4960
126 309 4960
88 353 4960
22 403 4960
38 196 4960
82 265 4960
206 267 4960
88 333 4960
189 428 4960
229 487 4960
40 193 4960
131 314 4960
35 197 4960
170 479 4960
87 213 4960
58 273 4960
31 265 4960
166 237 4960
211 301 4960
67 338 4960
224 376 4960
28 473 4960
23 464 4960
47 136 4960
5 308 4960
73 452 4960
214 443 4960
201 381 4960
123 232 4960
2 436 4960
218 222 4960
212 313 4960
105 367 4960
195 265 4960
144 392 4960
44 227 4960
11 462 4960
94 152 4960
85 410 4960
34 374 4960
60 264 4960
0 314 4960
223 385 4960
20 99 4960
180 314 4960
16 295 4960
158 170 4960
123 413 4960
117 173 4960
107 274 4960
21 467 4960
53 62 4960
175 320 4960
109 307 4960
118 383 4960
238 295 4960
217 317 4960
30 78 4960
121 197 4960
106 194 4960
128 138 4960
182 477 4960
241 356 4960
215 342 4960
7 94 4960
117 487 4960
206 457 4960
65 317 4960
238 461 4960
244 326 4960
103 305 4960
97 102 4960
160 191 4960
205 232 4960
225 364 4960
235 283 4960
32 422 4960
57 345 4960
227 330 4960
71 111 4960
140 414 4960
228 261 4960
82 283 4960
228 264 4960
164 167 4960
128 401 4960
200 326 4960
8 36 4960
13 87 4960
159 473 4960
215 407 4960
187 390 4960
50 313 4960
179 452 4960
164 365 4960
214 259 4960
126 139 4960
95 473 4960
224 385 4960
163 449 4960
214 233 4960
125 231 4960
14 478 4960
165 339 4960
153 494 4960
211 218 4960
206 461 4960
6 259 4960
30 102 4960
209 361 4960
154 423 4960
172 419 4960
211 247 4960
117 492 4960
173 320 4960
202 264 4960
40 275 4960
12 209 4960
28 368 4960
190 392 4960
122 484 4960
151 244 4960
220 277 4960
54 231 4960
106 187 4960
32 126 4960
14 225 4960
177 221 4960
223 415 4960
17 65 4960
28 350 4960
80 130 4960
236 313 4960
220 297 4960
96 225 4960
110 408 4960
182 438 4960
233 387 4960
116 146 4960
8 23 4960
32 218 4960
82 301 4960
211 435 4960
76 361 4960
212 286 4960
122 197 4960
77 390 4960
236 318 4960
89 158 4960
171 281 4960
118 256 4960
231 483 4960
148 168 4960
220 259 4960
136 210 4960
142 386 4960
183 490 4960
155 178 4960
223 228 4960
28 473 4960
231 307 4960
182 205 4960
236 430 4960
233 258 4960
112 362 4960
99 325 4960
28 128 4960
