0 1 5040
1 2 5040
2 3 5040
3 4 5040
4 5 5040
5 6 5040
6 7 5040
7 8 5040
8 9 5040
9 10 5040
10 11 5040
11 12 5040
12 13 5040
13 14 5040
14 15 5040
15 16 5040
16 17 5040
17 18 5040
18 19 5040
19 20 5040
20 21 5040
21 22 5040
22 23 5040
23 24 5040
24 25 5040
25 26 5040
26 27 5040
27 28 5040
28 29 5040
29 30 5040
30 31 5040
31 32 5040
32 33 5040
33 34 5040
34 35 5040
35 36 5040
36 37 5040
37 38 5040
38 39 5040
39 40 5040
40 41 5040
41 42 5040
42 43 5040
43 44 5040
44 45 5040
45 46 5040
46 47 5040
47 48 5040
48 49 5040
49 50 5040
50 51 5040
51 52 5040
52 53 5040
53 54 5040
54 55 5040
55 56 5040
56 57 5040
57 58 5040
58 59 5040
59 60 5040
60 61 5040
61 62 5040
62 63 5040
63 64 5040
64 65 5040
65 66 5040
66 67 5040
67 68 5040
68 69 5040
69 70 5040
70 71 5040
71 72 5040
72 73 5040
73 74 5040
74 75 5040
75 76 5040
76 77 5040
77 78 5040
78 79 5040
79 80 5040
80 81 5040
81 82 5040
82 83 5040
83 84 5040
84 85 5040
85 86 5040
86 87 5040
87 88 5040
88 89 5040
89 90 5040
90 91 5040
91 92 5040
92 93 5040
93 94 5040
94 95 5040
95 96 5040
96 97 5040
97 98 5040
98 99 5040
99 100 5040
100 101 5040
101 102 5040
102 103 5040
103 104 5040
104 105 5040
105 106 5040
106 107 5040
107 108 5040
108 109 5040
109 110 5040
110 111 5040
111 112 5040
112 113 5040
113 114 5040
114 115 5040
115 116 5040
116 117 5040
117 118 5040
118 119 5040
119 120 5040
120 121 5040
121 122 5040
122 123 5040
123 124 5040
124 125 5040
125 126 5040
126 127 5040
127 128 5040
128 129 5040
129 130 5040
130 131 5040
131 132 5040
132 133 5040
133 134 5040
134 135 5040
135 136 5040
136 137 5040
137 138 5040
138 139 5040
139 140 5040
140 141 5040
141 142 5040
142 143 5040
143 144 5040
144 145 5040
145 146 5040
146 147 5040
147 148 5040
148 149 5040
149 150 5040
150 151 5040
151 152 5040
152 153 5040
153 154 5040
154 155 5040
155 156 5040
156 157 5040
157 158 5040
158 159 5040
159 160 5040
160 161 5040
161 162 5040
162 163 5040
163 164 5040
164 165 5040
165 166 5040
166 167 5040
167 168 5040
168 169 5040
169 170 5040
170 171 5040
171 172 5040
172 173 5040
173 174 5040
174 175 5040
175 176 5040
176 177 5040
177 178 5040
178 179 5040
179 180 5040
180 181 5040
181 182 5040
182 183 5040
183 184 5040
184 185 5040
185 186 5040
186 187 5040
187 188 5040
188 189 5040
189 190 5040
190 191 5040
191 192 5040
192 193 5040
193 194 5040
194 195 5040
195 196 5040
196 197 5040
197 198 5040
198 199 5040
199 200 5040
200 201 5040
201 202 5040
202 203 5040
203 204 5040
204 205 5040
205 206 5040
206 207 5040
207 208 5040
208 209 5040
209 210 5040
210 211 5040
211 212 5040
212 213 5040
213 214 5040
214 215 5040
215 216 5040
216 217 5040
217 218 5040
218 219 5040
219 220 5040
220 221 5040
221 222 5040
222 223 5040
223 224 5040
224 225 5040
225 226 5040
226 227 5040
227 228 5040
228 229 5040
229 230 5040
230 231 5040
231 232 5040
232 233 5040
233 234 5040
234 235 5040
235 236 5040
236 237 5040
237 238 5040
238 239 5040
239 240 5040
240 241 5040
241 242 5040
242 243 5040
243 244 5040
244 245 5040
245 246 5040
246 247 5040
247 248 5040
248 249 5040
249 250 5040
250 251 5040
251 252 5040
252 253 5040
253 254 5040
254 255 5040
255 256 5040
256 257 5040
257 258 5040
258 259 5040
259 260 5040
260 261 5040
261 262 5040
262 263 5040
263 264 5040
264 265 5040
265 266 5040
266 267 5040
267 268 5040
268 269 5040
269 270 5040
270 271 5040
271 272 5040
272 273 5040
273 274 5040
274 275 5040
275 276 5040
276 277 5040
277 278 5040
278 279 5040
279 280 5040
280 281 5040
281 282 5040
282 283 5040
283 284 5040
284 285 5040
285 286 5040
286 287 5040
287 288 5040
288 289 5040
289 290 5040
290 291 5040
291 292 5040
292 293 5040
293 294 5040
294 295 5040
295 296 5040
296 297 5040
297 298 5040
298 299 5040
299 300 5040
300 301 5040
301 302 5040
302 303 5040
303 304 5040
304 305 5040
305 306 5040
306 307 5040
307 308 5040
308 309 5040
309 310 5040
310 311 5040
311 312 5040
312 313 5040
313 314 5040
314 315 5040
315 316 5040
316 317 5040
317 318 5040
318 319 5040
319 320 5040
320 321 5040
321 322 5040
322 323 5040
323 324 5040
324 325 5040
325 326 5040
326 327 5040
327 328 5040
328 329 5040
329 330 5040
330 331 5040
331 332 5040
332 333 5040
333 334 5040
334 335 5040
335 336 5040
336 337 5040
337 338 5040
338 339 5040
339 340 5040
340 341 5040
341 342 5040
342 343 5040
343 344 5040
344 345 5040
345 346 5040
346 347 5040
347 348 5040
348 349 5040
349 350 5040
350 351 5040
351 352 5040
352 353 5040
353 354 5040
354 355 5040
355 356 5040
356 357 5040
357 358 5040
358 359 5040
359 360 5040
360 361 5040
361 362 5040
362 363 5040
363 364 5040
364 365 5040
365 366 5040
366 367 5040
367 368 5040
368 369 5040
369 370 5040
370 371 5040
371 372 5040
372 373 5040
373 374 5040
374 375 5040
375 376 5040
376 377 5040
377 378 5040
378 379 5040
379 380 5040
380 381 5040
381 382 5040
382 383 5040
383 384 5040
384 385 5040
385 386 5040
386 387 5040
387 388 5040
388 389 5040
389 390 5040
390 391 5040
391 392 5040
392 393 5040
393 394 5040
394 395 5040
395 396 5040
396 397 5040
397 398 5040
398 399 5040
399 400 5040
400 401 5040
401 402 5040
402 403 5040
403 404 5040
404 405 5040
405 406 5040
406 407 5040
407 408 5040
408 409 5040
409 410 5040
410 411 5040
411 412 5040
412 413 5040
413 414 5040
414 415 5040
415 416 5040
416 417 5040
417 418 5040
418 419 5040
419 420 5040
420 421 5040
421 422 5040
422 423 5040
423 424 5040
424 425 5040
425 426 5040
426 427 5040
427 428 5040
428 429 5040
429 430 5040
430 431 5040
431 432 5040
432 433 5040
433 434 5040
434 435 5040
435 436 5040
436 437 5040
437 438 5040
438 439 5040
439 440 5040
440 441 5040
441 442 5040
442 443 5040
443 444 5040
444 445 5040
445 446 5040
446 447 5040
447 448 5040
448 449 5040
449 450 5040
450 451 5040
451 452 5040
452 453 5040
453 454 5040
454 455 5040
455 456 5040
456 457 5040
457 458 5040
458 459 5040
459 460 5040
460 461 5040
461 462 5040
462 463 5040
463 464 5040
464 465 5040
465 466 5040
466 467 5040
467 468 5040
468 469 5040
469 470 5040
470 471 5040
471 472 5040
472 473 5040
473 474 5040
474 475 5040
475 476 5040
476 477 5040
477 478 5040
478 479 5040
479 480 5040
480 481 5040
481 482 5040
482 483 5040
483 484 5040
484 485 5040
485 486 5040
486 487 5040
487 488 5040
488 489 5040
489 490 5040
490 491 5040
491 492 5040
492 493 5040
493 494 5040
494 495 5040
495 496 5040
496 497 5040
497 498 5040
498 499 5040
499 500 5040
500 501 5040
501 502 5040
502 503 5040
64 110 5040
32 452 5040
10 228 5040
210 439 5040
74 235 5040
17 114 5040
211 494 5040
230 432 5040
214 496 5040
58 288 5040
104 415 5040
24 241 5040
106 127 5040
84 177 5040
150 463 5040
51 407 5040
201 427 5040
46 483 5040
36 119 5040
82 103 5040
28 380 5040
20 64 5040
120 164 5040
98 379 5040
185 341 5040
122 332 5040
200 391 5040
13 485 5040
194 383 5040
23 443 5040
202 276 5040
87 269 5040
182 339 5040
154 186 5040
72 227 5040
205 386 5040
154 377 5040
62 362 5040
120 165 5040
0 163 5040
31 408 5040
193 374 5040
67 463 5040
206 227 5040
124 150 5040
240 295 5040
214 438 5040
159 460 5040
164 249 5040
239 451 5040
22 226 5040
21 308 5040
5 370 5040
181 297 5040
156 302 5040
149 382 5040
222 320 5040
193 285 5040
38 443 5040
234 358 5040
219 378 5040
195 425 5040
11 25 5040
206 321 5040
153 311 5040
14 409 5040
2 47 5040
45 374 5040
198 408 5040
136 169 5040
95 409 5040
43 469 5040
49 69 5040
102 496 5040
135 473 5040
135 251 5040
178 366 5040
70 186 5040
67 393 5040
164 363 5040
174 467 5040
145 301 5040
131 495 5040
71 371 5040
114 497 5040
55 477 5040
87 116 5040
192 428 5040
1 92 5040
241 483 5040
223 274 5040
87 168 5040
183 343 5040
60 380 5040
235 278 5040
148 231 5040
182 432 5040
233 274 5040
182 195 5040
44 162 5040
229 288 5040
146 361 5040
35 420 5040
170 379 5040
4 33 5040
15 278 5040
175 481 5040
103 281 5040
175 490 5040
35 288 5040
225 436 5040
22 315 5040
184 448 5040
225 478 5040
44 294 5040
219 457 5040
46 448 5040
44 295 5040
73 421 5040
45 58 5040
249 304 5040
218 265 5040
57 104 5040
81 153 5040
165 498 5040
238 489 5040
213 292 5040
87 118 5040
239 388 5040
103 216 5040
188 362 5040
30 441 5040
230 354 5040
25 84 5040
82 365 5040
68 176 5040
199 503 5040
192 399 5040
140 388 5040
60 373 5040
39 459 5040
123 389 5040
108 121 5040
136 419 5040
120 305 5040
35 115 5040
184 343 5040
232 366 5040
118 467 5040
54 199 5040
75 348 5040
222 337 5040
96 420 5040
24 34 5040
65 323 5040
150 175 5040
215 454 5040
145 479 5040
130 499 5040
66 201 5040
138 211 5040
39 69 5040
121 186 5040
161 456 5040
128 439 5040
156 500 5040
37 297 5040
191 377 5040
248 307 5040
187 474 5040
106 358 5040
110 419 5040
80 451 5040
60 293 5040
90 376 5040
101 161 5040
147 223 5040
6 98 5040
114 434 5040
203 307 5040
97 163 5040
164 360 5040
152 406 5040
66 431 5040
101 264 5040
168 326 5040
21 310 5040
153 307 5040
48 176 5040
86 402 5040
17 92 5040
63 477 5040
178 440 5040
172 443 5040
156 451 5040
55 358 5040
196 220 5040
138 224 5040
139 488 5040
6 175 5040
243 470 5040
174 229 5040
124 212 5040
46 383 5040
150 174 5040
48 245 5040
94 321 5040
237 376 5040
25 304 5040
183 404 5040
77 484 5040
179 476 5040
20 438 5040
211 500 5040
159 280 5040
199 346 5040
174 452 5040
179 374 5040
64 276 5040
9 149 5040
203 452 5040
62 164 5040
30 309 5040
75 261 5040
195 334 5040
37 133 5040
72 425 5040
124 418 5040
161 337 5040
210 355 5040
250 441 5040
113 370 5040
194 422 5040
106 247 5040
69 308 5040
111 136 5040
189 247 5040
21 65 5040
19 57 5040
197 417 5040
44 493 5040
118 188 5040
134 185 5040
40 177 5040
93 256 5040
199 317 5040
43 141 5040
107 312 5040
91 120 5040
33 247 5040
246 408 5040
144 335 5040
96 494 5040
140 230 5040
251 491 5040
230 235 5040
120 391 5040
179 413 5040
74 237 5040
118 248 5040
46 296 5040
228 470 5040
190 487 5040
154 164 5040
227 277 5040
99 430 5040
168 274 5040
61 213 5040
199 428 5040
145 362 5040
64 401 5040
95 466 5040
190 287 5040
194 425 5040
141 351 5040
61 486 5040
119 494 5040
239 426 5040
8 370 5040
226 450 5040
149 261 5040
48 83 5040
50 430 5040
23 125 5040
60 164 5040
24 47 5040
220 494 5040
129 429 5040
11 438 5040
72 238 5040
126 406 5040
167 321 5040
51 326 5040
0 149 5040
243 347 5040
16 130 5040
237 446 5040
20 43 5040
110 423 5040
153 308 5040
157 225 5040
156 234 5040
76 179 5040
203 220 5040
196 412 5040
156 281 5040
106 458 5040
4 405 5040
12 211 5040
94 432 5040
221 397 5040
212 446 5040
224 250 5040
208 490 5040
104 344 5040
135 407 5040
102 221 5040
44 134 5040
136 171 5040
55 176 5040
157 310 5040
174 495 5040
28 379 5040
163 493 5040
157 410 5040
0 363 5040
115 365 5040
125 438 5040
124 133 5040
98 429 5040
77 324 5040
125 364 5040
146 369 5040
46 262 5040
217 338 5040
178 295 5040
187 290 5040
17 253 5040
59 279 5040
154 471 5040
4 325 5040
23 66 5040
22 61 5040
136 253 5040
150 336 5040
234 339 5040
20 446 5040
208 412 5040
251 407 5040
142 291 5040
191 262 5040
205 438 5040
83 108 5040
177 209 5040
190 498 5040
153 407 5040
73 425 5040
191 305 5040
66 222 5040
131 169 5040
2 45 5040
90 175 5040
194 391 5040
171 230 5040
249 349 5040
132 161 5040
79 307 5040
210 406 5040
49 500 5040
90 167 5040
65 444 5040
184 239 5040
56 98 5040
42 212 5040
140 502 5040
81 335 5040
154 461 5040
127 269 5040
30 204 5040
245 284 5040
156 407 5040
101 387 5040
18 406 5040
139 206 5040
139 438 5040
6 9 5040
224 318 5040
216 350 5040
35 477 5040
68 335 5040
25 322 5040
164 443 5040
190 192 5040
101 476 5040
239 350 5040
230 469 5040
156 271 5040
39 354 5040
109 492 5040
86 143 5040
0 245 5040
131 187 5040
48 277 5040
49 346 5040
6 420 5040
56 407 5040
20 253 5040
108 435 5040
142 350 5040
238 295 5040
62 338 5040
113 217 5040
149 160 5040
235 451 5040
13 488 5040
68 366 5040
122 478 5040
150 400 5040
21 443 5040
164 267 5040
34 97 5040
27 460 5040
148 389 5040
117 234 5040
208 386 5040
168 226 5040
63 336 5040
205 339 5040
137 347 5040
1 217 5040
7 446 5040
21 131 5040
245 297 5040
178 335 5040
146 278 5040
114 204 5040
123 312 5040
237 489 5040
51 284 5040
148 324 5040
210 258 5040
48 262 5040
20 399 5040
136 309 5040
168 253 5040
128 257 5040
203 343 5040
85 419 5040
58 498 5040
64 135 5040
148 340 5040
87 150 5040
90 492 5040
176 431 5040
223 383 5040
194 426 5040
8 383 5040
241 335 5040
87 498 5040
233 288 5040
19 269 5040
33 435 5040
83 268 5040
27 166 5040
123 214 5040
8 368 5040
53 152 5040
244 323 5040
159 169 5040
196 369 5040
17 458 5040
177 321 5040
219 461 5040
118 153 5040
186 488 5040
96 191 5040
192 357 5040
107 188 5040
144 220 5040
3 29 5040
109 363 5040
33 382 5040
188 414 5040
225 498 5040
38 145 5040
164 476 5040
128 443 5040
170 494 5040
181 463 5040
209 352 5040
56 201 5040
107 216 5040
83 130 5040
14 435 5040
11 107 5040
158 182 5040
56 140 5040
57 182 5040
180 249 5040
92 459 5040
52 210 5040
109 139 5040
215 222 5040
