0 1 5080
1 2 5080
2 3 5080
3 4 5080
4 5 5080
5 6 5080
6 7 5080
7 8 5080
8 9 5080
9 10 5080
10 11 5080
11 12 5080
12 13 5080
13 14 5080
14 15 5080
15 16 5080
16 17 5080
17 18 5080
18 19 5080
19 20 5080
20 21 5080
21 22 5080
22 23 5080
23 24 5080
24 25 5080
25 26 5080
26 27 5080
27 28 5080
28 29 5080
29 30 5080
30 31 5080
31 32 5080
32 33 5080
33 34 5080
34 35 5080
35 36 5080
36 37 5080
37 38 5080
38 39 5080
39 40 5080
40 41 5080
41 42 5080
42 43 5080
43 44 5080
44 45 5080
45 46 5080
46 47 5080
47 48 5080
48 49 5080
49 50 5080
50 51 5080
51 52 5080
52 53 5080
53 54 5080
54 55 5080
55 56 5080
56 57 5080
57 58 5080
58 59 5080
59 60 5080
60 61 5080
61 62 5080
62 63 5080
63 64 5080
64 65 5080
65 66 5080
66 67 5080
67 68 5080
68 69 5080
69 70 5080
70 71 5080
71 72 5080
72 73 5080
73 74 5080
74 75 5080
75 76 5080
76 77 5080
77 78 5080
78 79 5080
79 80 5080
80 81 5080
81 82 5080
82 83 5080
83 84 5080
84 85 5080
85 86 5080
86 87 5080
87 88 5080
88 89 5080
89 90 5080
90 91 5080
91 92 5080
92 93 5080
93 94 5080
94 95 5080
95 96 5080
96 97 5080
97 98 5080
98 99 5080
99 100 5080
100 101 5080
101 102 5080
102 103 5080
103 104 5080
104 105 5080
105 106 5080
106 107 5080
107 108 5080
108 109 5080
109 110 5080
110 111 5080
111 112 5080
112 113 5080
113 114 5080
114 115 5080
115 116 5080
116 117 5080
117 118 5080
118 119 5080
119 120 5080
120 121 5080
121 122 5080
122 123 5080
123 124 5080
124 125 5080
125 126 5080
126 127 5080
127 128 5080
128 129 5080
129 130 5080
130 131 5080
131 132 5080
132 133 5080
133 134 5080
134 135 5080
135 136 5080
136 137 5080
137 138 5080
138 139 5080
139 140 5080
140 141 5080
141 142 5080
142 143 5080
143 144 5080
144 145 5080
145 146 5080
146 147 5080
147 148 5080
148 149 5080
149 150 5080
150 151 5080
151 152 5080
152 153 5080
153 154 5080
154 155 5080
155 156 5080
156 157 5080
157 158 5080
158 159 5080
159 160 5080
160 161 5080
161 162 5080
162 163 5080
163 164 5080
164 165 5080
165 166 5080
166 167 5080
167 168 5080
168 169 5080
169 170 5080
170 171 5080
171 172 5080
172 173 5080
173 174 5080
174 175 5080
175 176 5080
176 177 5080
177 178 5080
178 179 5080
179 180 5080
180 181 5080
181 182 5080
182 183 5080
183 184 5080
184 185 5080
185 186 5080
186 187 5080
187 188 5080
188 189 5080
189 190 5080
190 191 5080
191 192 5080
192 193 5080
193 194 5080
194 195 5080
195 196 5080
196 197 5080
197 198 5080
198 199 5080
199 200 5080
200 201 5080
201 202 5080
202 203 5080
203 204 5080
204 205 5080
205 206 5080
206 207 5080
207 208 5080
208 209 5080
209 210 5080
210 211 5080
211 212 5080
212 213 5080
213 214 5080
214 215 5080
215 216 5080
216 217 5080
217 218 5080
218 219 5080
219 220 5080
220 221 5080
221 222 5080
222 223 5080
223 224 5080
224 225 5080
225 226 5080
226 227 5080
227 228 5080
228 229 5080
229 230 5080
230 231 5080
231 232 5080
232 233 5080
233 234 5080
234 235 5080
235 236 5080
236 237 5080
237 238 5080
238 239 5080
239 240 5080
240 241 5080
241 242 5080
242 243 5080
243 244 5080
244 245 5080
245 246 5080
246 247 5080
247 248 5080
248 249 5080
249 250 5080
250 251 5080
251 252 5080
252 253 5080
253 254 5080
254 255 5080
255 256 5080
256 257 5080
257 258 5080
258 259 5080
259 260 5080
260 261 5080
261 262 5080
262 263 5080
263 264 5080
264 265 5080
265 266 5080
266 267 5080
267 268 5080
268 269 5080
269 270 5080
270 271 5080
271 272 5080
272 273 5080
273 274 5080
274 275 5080
275 276 5080
276 277 5080
277 278 5080
278 279 5080
279 280 5080
280 281 5080
281 282 5080
282 283 5080
283 284 5080
284 285 5080
285 286 5080
286 287 5080
287 288 5080
288 289 5080
289 290 5080
290 291 5080
291 292 5080
292 293 5080
293 294 5080
294 295 5080
295 296 5080
296 297 5080
297 298 5080
298 299 5080
299 300 5080
300 301 5080
301 302 5080
302 303 5080
303 304 5080
304 305 5080
305 306 5080
306 307 5080
307 308 5080
308 309 5080
309 310 5080
310 311 5080
311 312 5080
312 313 5080
313 314 5080
314 315 5080
315 316 5080
316 317 5080
317 318 5080
318 319 5080
319 320 5080
320 321 5080
321 322 5080
322 323 5080
323 324 5080
324 325 5080
325 326 5080
326 327 5080
327 328 5080
328 329 5080
329 330 5080
330 331 5080
331 332 5080
332 333 5080
333 334 5080
334 335 5080
335 336 5080
336 337 5080
337 338 5080
338 339 5080
339 340 5080
340 341 5080
341 342 5080
342 343 5080
343 344 5080
344 345 5080
345 346 5080
346 347 5080
347 348 5080
348 349 5080
349 350 5080
350 351 5080
351 352 5080
352 353 5080
353 354 5080
354 355 5080
355 356 5080
356 357 5080
357 358 5080
358 359 5080
359 360 5080
360 361 5080
361 362 5080
362 363 5080
363 364 5080
364 365 5080
365 366 5080
366 367 5080
367 368 5080
368 369 5080
369 370 5080
370 371 5080
371 372 5080
372 373 5080
373 374 5080
374 375 5080
375 376 5080
376 377 5080
377 378 5080
378 379 5080
379 380 5080
380 381 5080
381 382 5080
382 383 5080
383 384 5080
384 385 5080
385 386 5080
386 387 5080
387 388 5080
388 389 5080
389 390 5080
390 391 5080
391 392 5080
392 393 5080
393 394 5080
394 395 5080
395 396 5080
396 397 5080
397 398 5080
398 399 5080
399 400 5080
400 401 5080
401 402 5080
402 403 5080
403 404 5080
404 405 5080
405 406 5080
406 407 5080
407 408 5080
408 409 5080
409 410 5080
410 411 5080
411 412 5080
412 413 5080
413 414 5080
414 415 5080
415 416 5080
416 417 5080
417 418 5080
418 419 5080
419 420 5080
420 421 5080
421 422 5080
422 423 5080
423 424 5080
424 425 5080
425 426 5080
426 427 5080
427 428 5080
428 429 5080
429 430 5080
430 431 5080
431 432 5080
432 433 5080
433 434 5080
434 435 5080
435 436 5080
436 437 5080
437 438 5080
438 439 5080
439 440 5080
440 441 5080
441 442 5080
442 443 5080
443 444 5080
444 445 5080
445 446 5080
446 447 5080
447 448 5080
448 449 5080
449 450 5080
450 451 5080
451 452 5080
452 453 5080
453 454 5080
454 455 5080
455 456 5080
456 457 5080
457 458 5080
458 459 5080
459 460 5080
460 461 5080
461 462 5080
462 463 5080
463 464 5080
464 465 5080
465 466 5080
466 467 5080
467 468 5080
468 469 5080
469 470 5080
470 471 5080
471 472 5080
472 473 5080
473 474 5080
474 475 5080
475 476 5080
476 477 5080
477 478 5080
478 479 5080
479 480 5080
480 481 5080
481 482 5080
482 483 5080
483 484 5080
484 485 5080
485 486 5080
486 487 5080
487 488 5080
488 489 5080
489 490 5080
490 491 5080
491 492 5080
492 493 5080
493 494 5080
494 495 5080
495 496 5080
496 497 5080
497 498 5080
498 499 5080
499 500 5080
500 501 5080
501 502 5080
502 503 5080
503 504 5080
504 505 5080
505 506 5080
506 507 5080
101 414 5080
41 66 5080
211 250 5080
54 87 5080
185 321 5080
130 175 5080
62 181 5080
61 423 5080
147 286 5080
121 407 5080
114 289 5080
249 252 5080
244 283 5080
25 343 5080
5 425 5080
197 317 5080
175 393 5080
35 255 5080
202 485 5080
48 106 5080
2 12 5080
182 212 5080
223 397 5080
24 308 5080
86 136 5080
179 453 5080
159 369 5080
204 397 5080
219 494 5080
66 310 5080
97 430 5080
119 498 5080
210 346 5080
75 281 5080
219 414 5080
210 479 5080
97 169 5080
129 398 5080
252 455 5080
122 500 5080
119 302 5080
90 218 5080
15 482 5080
235 435 5080
182 474 5080
157 341 5080
69 258 5080
63 432 5080
87 217 5080
190 489 5080
92 143 5080
192 465 5080
63 356 5080
167 430 5080
33 483 5080
2 29 5080
242 464 5080
15 180 5080
206 484 5080
132 501 5080
232 408 5080
42 244 5080
122 348 5080
102 193 5080
2 277 5080
3 222 5080
200 495 5080
223 454 5080
224 436 5080
30 389 5080
227 252 5080
5 22 5080
172 245 5080
43 439 5080
81 100 5080
190 279 5080
169 479 5080
169 225 5080
203 231 5080
55 96 5080
224 505 5080
233 311 5080
228 396 5080
91 306 5080
31 73 5080
6 68 5080
82 401 5080
111 128 5080
141 456 5080
250 470 5080
103 192 5080
150 294 5080
15 111 5080
151 157 5080
67 326 5080
205 276 5080
37 105 5080
115 326 5080
6 133 5080
143 280 5080
110 144 5080
10 409 5080
181 490 5080
206 280 5080
205 377 5080
119 493 5080
129 484 5080
252 373 5080
165 199 5080
123 269 5080
57 264 5080
21 120 5080
60 467 5080
200 406 5080
140 155 5080
225 237 5080
27 280 5080
140 300 5080
225 425 5080
86 308 5080
16 340 5080
237 472 5080
22 95 5080
159 173 5080
18 394 5080
73 116 5080
176 309 5080
91 285 5080
166 404 5080
181 243 5080
194 311 5080
27 410 5080
254 338 5080
176 413 5080
212 492 5080
45 144 5080
223 474 5080
102 154 5080
75 265 5080
145 215 5080
208 396 5080
240 315 5080
93 484 5080
28 216 5080
48 131 5080
229 380 5080
249 251 5080
132 189 5080
237 357 5080
45 421 5080
118 384 5080
30 445 5080
235 265 5080
37 74 5080
58 443 5080
150 156 5080
50 172 5080
8 258 5080
207 368 5080
107 405 5080
16 281 5080
34 266 5080
65 179 5080
220 326 5080
98 347 5080
41 45 5080
14 43 5080
200 286 5080
101 411 5080
216 230 5080
244 282 5080
8 394 5080
71 215 5080
184 248 5080
81 166 5080
44 82 5080
83 223 5080
9 288 5080
177 491 5080
52 203 5080
213 409 5080
156 419 5080
231 311 5080
218 302 5080
166 296 5080
253 297 5080
168 503 5080
201 423 5080
99 488 5080
27 390 5080
157 495 5080
21 285 5080
117 236 5080
77 467 5080
185 266 5080
88 98 5080
70 115 5080
39 64 5080
128 430 5080
162 502 5080
108 318 5080
234 480 5080
250 355 5080
163 273 5080
81 387 5080
166 187 5080
184 495 5080
240 249 5080
77 460 5080
230 248 5080
37 131 5080
187 396 5080
136 304 5080
147 196 5080
121 131 5080
254 326 5080
129 199 5080
207 322 5080
79 101 5080
138 236 5080
124 319 5080
201 467 5080
117 149 5080
29 281 5080
193 298 5080
114 471 5080
130 209 5080
89 190 5080
123 362 5080
203 402 5080
194 375 5080
144 202 5080
32 188 5080
105 432 5080
253 477 5080
37 146 5080
159 266 5080
4 278 5080
74 436 5080
97 202 5080
41 347 5080
49 477 5080
47 59 5080
234 428 5080
44 302 5080
81 441 5080
205 491 5080
212 459 5080
33 192 5080
213 413 5080
162 174 5080
229 317 5080
157 406 5080
8 429 5080
148 334 5080
119 284 5080
19 278 5080
25 189 5080
154 478 5080
179 481 5080
197 336 5080
207 405 5080
78 427 5080
25 248 5080
31 100 5080
203 432 5080
136 357 5080
104 171 5080
169 410 5080
143 284 5080
185 358 5080
199 371 5080
205 298 5080
244 461 5080
179 439 5080
217 270 5080
12 430 5080
252 488 5080
158 296 5080
251 253 5080
220 307 5080
48 480 5080
24 323 5080
209 259 5080
13 307 5080
173 386 5080
80 347 5080
103 352 5080
205 414 5080
177 276 5080
75 309 5080
168 366 5080
147 294 5080
172 264 5080
80 378 5080
150 504 5080
170 247 5080
58 286 5080
129 362 5080
131 150 5080
88 245 5080
245 503 5080
241 461 5080
228 470 5080
195 410 5080
127 210 5080
231 330 5080
150 485 5080
169 504 5080
174 205 5080
247 476 5080
60 389 5080
41 103 5080
88 393 5080
164 211 5080
188 422 5080
121 231 5080
2 57 5080
169 311 5080
201 227 5080
75 373 5080
239 243 5080
184 465 5080
126 414 5080
0 21 5080
120 449 5080
93 433 5080
9 445 5080
0 159 5080
175 340 5080
79 453 5080
138 446 5080
184 437 5080
211 320 5080
109 114 5080
229 481 5080
67 212 5080
242 245 5080
79 118 5080
239 465 5080
163 322 5080
156 226 5080
137 464 5080
86 266 5080
150 249 5080
21 181 5080
108 480 5080
1 248 5080
199 334 5080
17 305 5080
88 291 5080
151 219 5080
135 177 5080
62 368 5080
193 381 5080
81 382 5080
43 312 5080
61 156 5080
101 195 5080
22 358 5080
103 354 5080
189 279 5080
210 289 5080
108 192 5080
240 349 5080
80 204 5080
37 458 5080
252 304 5080
163 182 5080
165 248 5080
200 361 5080
200 498 5080
57 257 5080
10 473 5080
7 194 5080
86 454 5080
175 457 5080
188 481 5080
164 301 5080
215 228 5080
14 452 5080
147 218 5080
87 459 5080
42 233 5080
108 247 5080
48 434 5080
149 241 5080
188 479 5080
114 462 5080
12 468 5080
10 41 5080
62 295 5080
6 53 5080
171 214 5080
204 251 5080
89 179 5080
75 148 5080
51 240 5080
94 103 5080
90 419 5080
115 502 5080
132 380 5080
47 252 5080
207 261 5080
132 507 5080
88 387 5080
220 384 5080
54 116 5080
227 417 5080
169 251 5080
137 495 5080
197 417 5080
179 454 5080
5 428 5080
73 233 5080
135 501 5080
235 285 5080
215 279 5080
3 473 5080
192 233 5080
73 267 5080
190 465 5080
235 374 5080
141 249 5080
147 153 5080
100 268 5080
38 376 5080
175 474 5080
219 337 5080
92 131 5080
36 143 5080
167 326 5080
85 269 5080
111 132 5080
50 220 5080
195 249 5080
81 184 5080
76 306 5080
153 160 5080
245 415 5080
136 452 5080
198 484 5080
35 277 5080
153 362 5080
254 424 5080
3 452 5080
52 353 5080
49 236 5080
177 305 5080
75 367 5080
74 345 5080
36 505 5080
106 193 5080
224 329 5080
213 356 5080
94 178 5080
135 211 5080
86 109 5080
107 360 5080
77 96 5080
170 205 5080
204 269 5080
139 473 5080
234 386 5080
187 413 5080
204 332 5080
147 287 5080
15 25 5080
239 397 5080
232 282 5080
239 377 5080
2 133 5080
23 143 5080
54 234 5080
121 323 5080
226 382 5080
191 419 5080
130 284 5080
17 456 5080
15 176 5080
88 222 5080
252 258 5080
120 264 5080
15 309 5080
64 177 5080
30 75 5080
87 275 5080
101 261 5080
89 412 5080
93 407 5080
42 244 5080
250 389 5080
180 388 5080
199 386 5080
171 433 5080
61 225 5080
50 445 5080
124 266 5080
171 405 5080
209 447 5080
96 339 5080
238 413 5080
97 389 5080
73 103 5080
189 223 5080
53 160 5080
17 22 5080
