0 1 5120
1 2 5120
2 3 5120
3 4 5120
4 5 5120
5 6 5120
6 7 5120
7 8 5120
8 9 5120
9 10 5120
10 11 5120
11 12 5120
12 13 5120
13 14 5120
14 15 5120
15 16 5120
16 17 5120
17 18 5120
18 19 5120
19 20 5120
20 21 5120
21 22 5120
22 23 5120
23 24 5120
24 25 5120
25 26 5120
26 27 5120
27 28 5120
28 29 5120
29 30 5120
30 31 5120
31 32 5120
32 33 5120
33 34 5120
34 35 5120
35 36 5120
36 37 5120
37 38 5120
38 39 5120
39 40 5120
40 41 5120
41 42 5120
42 43 5120
43 44 5120
44 45 5120
45 46 5120
46 47 5120
47 48 5120
48 49 5120
49 50 5120
50 51 5120
51 52 5120
52 53 5120
53 54 5120
54 55 5120
55 56 5120
56 57 5120
57 58 5120
58 59 5120
59 60 5120
60 61 5120
61 62 5120
62 63 5120
63 64 5120
64 65 5120
65 66 5120
66 67 5120
67 68 5120
68 69 5120
69 70 5120
70 71 5120
71 72 5120
72 73 5120
73 74 5120
74 75 5120
75 76 5120
76 77 5120
77 78 5120
78 79 5120
79 80 5120
80 81 5120
81 82 5120
82 83 5120
83 84 5120
84 85 5120
85 86 5120
86 87 5120
87 88 5120
88 89 5120
89 90 5120
90 91 5120
91 92 5120
92 93 5120
93 94 5120
94 95 5120
95 96 5120
96 97 5120
97 98 5120
98 99 5120
99 100 5120
100 101 5120
101 102 5120
102 103 5120
103 104 5120
104 105 5120
105 106 5120
106 107 5120
107 108 5120
108 109 5120
109 110 5120
110 111 5120
111 112 5120
112 113 5120
113 114 5120
114 115 5120
115 116 5120
116 117 5120
117 118 5120
118 119 5120
119 120 5120
120 121 5120
121 122 5120
122 123 5120
123 124 5120
124 125 5120
125 126 5120
126 127 5120
127 128 5120
128 129 5120
129 130 5120
130 131 5120
131 132 5120
132 133 5120
133 134 5120
134 135 5120
135 136 5120
136 137 5120
137 138 5120
138 139 5120
139 140 5120
140 141 5120
141 142 5120
142 143 5120
143 144 5120
144 145 5120
145 146 5120
146 147 5120
147 148 5120
148 149 5120
149 150 5120
150 151 5120
151 152 5120
152 153 5120
153 154 5120
154 155 5120
155 156 5120
156 157 5120
157 158 5120
158 159 5120
159 160 5120
160 161 5120
161 162 5120
162 163 5120
163 164 5120
164 165 5120
165 166 5120
166 167 5120
167 168 5120
168 169 5120
169 170 5120
170 171 5120
171 172 5120
172 173 5120
173 174 5120
174 175 5120
175 176 5120
176 177 5120
177 178 5120
178 179 5120
179 180 5120
180 181 5120
181 182 5120
182 183 5120
183 184 5120
184 185 5120
185 186 5120
186 187 5120
187 188 5120
188 189 5120
189 190 5120
190 191 5120
191 192 5120
192 193 5120
193 194 5120
194 195 5120
195 196 5120
196 197 5120
197 198 5120
198 199 5120
199 200 5120
200 201 5120
201 202 5120
202 203 5120
203 204 5120
204 205 5120
205 206 5120
206 207 5120
207 208 5120
208 209 5120
209 210 5120
210 211 5120
211 212 5120
212 213 5120
213 214 5120
214 215 5120
215 216 5120
216 217 5120
217 218 5120
218 219 5120
219 220 5120
220 221 5120
221 222 5120
222 223 5120
223 224 5120
224 225 5120
225 226 5120
226 227 5120
227 228 5120
228 229 5120
229 230 5120
230 231 5120
231 232 5120
232 233 5120
233 234 5120
234 235 5120
235 236 5120
236 237 5120
237 238 5120
238 239 5120
239 240 5120
240 241 5120
241 242 5120
242 243 5120
243 244 5120
244 245 5120
245 246 5120
246 247 5120
247 248 5120
248 249 5120
249 250 5120
250 251 5120
251 252 5120
252 253 5120
253 254 5120
254 255 5120
255 256 5120
256 257 5120
257 258 5120
258 259 5120
259 260 5120
260 261 5120
261 262 5120
262 263 5120
263 264 5120
264 265 5120
265 266 5120
266 267 5120
267 268 5120
268 269 5120
269 270 5120
270 271 5120
271 272 5120
272 273 5120
273 274 5120
274 275 5120
275 276 5120
276 277 5120
277 278 5120
278 279 5120
279 280 5120
280 281 5120
281 282 5120
282 283 5120
283 284 5120
284 285 5120
285 286 5120
286 287 5120
287 288 5120
288 289 5120
289 290 5120
290 291 5120
291 292 5120
292 293 5120
293 294 5120
294 295 5120
295 296 5120
296 297 5120
297 298 5120
298 299 5120
299 300 5120
300 301 5120
301 302 5120
302 303 5120
303 304 5120
304 305 5120
305 306 5120
306 307 5120
307 308 5120
308 309 5120
309 310 5120
310 311 5120
311 312 5120
312 313 5120
313 314 5120
314 315 5120
315 316 5120
316 317 5120
317 318 5120
318 319 5120
319 320 5120
320 321 5120
321 322 5120
322 323 5120
323 324 5120
324 325 5120
325 326 5120
326 327 5120
327 328 5120
328 329 5120
329 330 5120
330 331 5120
331 332 5120
332 333 5120
333 334 5120
334 335 5120
335 336 5120
336 337 5120
337 338 5120
338 339 5120
339 340 5120
340 341 5120
341 342 5120
342 343 5120
343 344 5120
344 345 5120
345 346 5120
346 347 5120
347 348 5120
348 349 5120
349 350 5120
350 351 5120
351 352 5120
352 353 5120
353 354 5120
354 355 5120
355 356 5120
356 357 5120
357 358 5120
358 359 5120
359 360 5120
360 361 5120
361 362 5120
362 363 5120
363 364 5120
364 365 5120
365 366 5120
366 367 5120
367 368 5120
368 369 5120
369 370 5120
370 371 5120
371 372 5120
372 373 5120
373 374 5120
374 375 5120
375 376 5120
376 377 5120
377 378 5120
378 379 5120
379 380 5120
380 381 5120
381 382 5120
382 383 5120
383 384 5120
384 385 5120
385 386 5120
386 387 5120
387 388 5120
388 389 5120
389 390 5120
390 391 5120
391 392 5120
392 393 5120
393 394 5120
394 395 5120
395 396 5120
396 397 5120
397 398 5120
398 399 5120
399 400 5120
400 401 5120
401 402 5120
402 403 5120
403 404 5120
404 405 5120
405 406 5120
406 407 5120
407 408 5120
408 409 5120
409 410 5120
410 411 5120
411 412 5120
412 413 5120
413 414 5120
414 415 5120
415 416 5120
416 417 5120
417 418 5120
418 419 5120
419 420 5120
420 421 5120
421 422 5120
422 423 5120
423 424 5120
424 425 5120
425 426 5120
426 427 5120
427 428 5120
428 429 5120
429 430 5120
430 431 5120
431 432 5120
432 433 5120
433 434 5120
434 435 5120
435 436 5120
436 437 5120
437 438 5120
438 439 5120
439 440 5120
440 441 5120
441 442 5120
442 443 5120
443 444 5120
444 445 5120
445 446 5120
446 447 5120
447 448 5120
448 449 5120
449 450 5120
450 451 5120
451 452 5120
452 453 5120
453 454 5120
454 455 5120
455 456 5120
456 457 5120
457 458 5120
458 459 5120
459 460 5120
460 461 5120
461 462 5120
462 463 5120
463 464 5120
464 465 5120
465 466 5120
466 467 5120
467 468 5120
468 469 5120
469 470 5120
470 471 5120
471 472 5120
472 473 5120
473 474 5120
474 475 5120
475 476 5120
476 477 5120
477 478 5120
478 479 5120
479 480 5120
480 481 5120
481 482 5120
482 483 5120
483 484 5120
484 485 5120
485 486 5120
486 487 5120
487 488 5120
488 489 5120
489 490 5120
490 491 5120
491 492 5120
492 493 5120
493 494 5120
494 495 5120
495 496 5120
496 497 5120
497 498 5120
498 499 5120
499 500 5120
500 501 5120
501 502 5120
502 503 5120
503 504 5120
504 505 5120
505 506 5120
506 507 5120
507 508 5120
508 509 5120
509 510 5120
510 511 5120
52 121 5120
235 390 5120
210 417 5120
158 439 5120
125 246 5120
189 322 5120
253 394 5120
99 109 5120
246 316 5120
134 409 5120
125 430 5120
67 153 5120
184 379 5120
216 333 5120
87 496 5120
131 335 5120
79 505 5120
183 262 5120
101 202 5120
68 446 5120
62 386 5120
99 326 5120
202 250 5120
57 156 5120
142 425 5120
25 499 5120
206 493 5120
103 221 5120
12 232 5120
132 329 5120
93 295 5120
118 189 5120
127 155 5120
162 355 5120
95 294 5120
160 426 5120
47 391 5120
6 465 5120
64 210 5120
67 398 5120
216 384 5120
38 277 5120
196 496 5120
42 103 5120
152 422 5120
140 339 5120
22 270 5120
107 463 5120
55 146 5120
64 378 5120
36 370 5120
21 298 5120
215 359 5120
65 217 5120
25 346 5120
196 236 5120
142 329 5120
225 247 5120
137 271 5120
158 369 5120
211 243 5120
83 110 5120
198 459 5120
183 273 5120
114 377 5120
144 256 5120
161 454 5120
51 76 5120
37 495 5120
114 476 5120
19 58 5120
137 442 5120
19 437 5120
131 357 5120
186 235 5120
61 150 5120
192 420 5120
205 418 5120
249 458 5120
96 312 5120
173 222 5120
134 403 5120
159 453 5120
117 219 5120
147 205 5120
13 47 5120
243 430 5120
226 324 5120
113 428 5120
30 242 5120
190 317 5120
216 252 5120
207 262 5120
248 457 5120
30 329 5120
248 281 5120
30 405 5120
82 377 5120
241 417 5120
217 475 5120
195 455 5120
12 388 5120
245 480 5120
245 369 5120
36 288 5120
176 216 5120
88 150 5120
124 306 5120
145 274 5120
255 444 5120
0 249 5120
122 462 5120
17 366 5120
17 73 5120
185 447 5120
71 508 5120
193 271 5120
133 304 5120
185 256 5120
87 119 5120
205 356 5120
132 194 5120
186 205 5120
248 313 5120
201 402 5120
69 171 5120
70 122 5120
229 452 5120
233 382 5120
190 373 5120
67 436 5120
73 112 5120
180 459 5120
187 191 5120
46 268 5120
63 134 5120
188 343 5120
86 125 5120
99 364 5120
238 449 5120
83 509 5120
243 420 5120
204 345 5120
249 339 5120
87 212 5120
41 163 5120
5 8 5120
1 413 5120
58 65 5120
95 317 5120
125 279 5120
73 331 5120
93 105 5120
247 420 5120
222 324 5120
178 320 5120
223 317 5120
177 244 5120
131 398 5120
132 434 5120
225 464 5120
179 268 5120
145 440 5120
114 123 5120
48 311 5120
243 419 5120
232 420 5120
109 398 5120
54 88 5120
51 475 5120
24 303 5120
12 426 5120
141 191 5120
89 304 5120
125 165 5120
110 387 5120
216 504 5120
154 162 5120
17 500 5120
235 309 5120
246 359 5120
156 247 5120
252 454 5120
94 289 5120
41 152 5120
75 434 5120
28 266 5120
144 333 5120
1 18 5120
86 429 5120
178 481 5120
56 92 5120
28 215 5120
38 354 5120
194 433 5120
182 278 5120
99 108 5120
4 113 5120
246 410 5120
60 158 5120
140 406 5120
232 420 5120
143 388 5120
208 446 5120
90 476 5120
220 429 5120
140 382 5120
110 450 5120
208 296 5120
71 432 5120
139 379 5120
14 266 5120
8 511 5120
223 323 5120
2 44 5120
164 189 5120
43 116 5120
180 341 5120
24 148 5120
29 162 5120
75 421 5120
224 269 5120
29 81 5120
99 344 5120
240 334 5120
138 229 5120
13 488 5120
79 164 5120
68 281 5120
198 417 5120
72 310 5120
137 232 5120
179 401 5120
222 403 5120
246 443 5120
227 404 5120
95 436 5120
246 424 5120
79 140 5120
24 36 5120
79 506 5120
136 287 5120
18 108 5120
206 474 5120
13 311 5120
141 294 5120
17 305 5120
23 435 5120
159 287 5120
80 384 5120
228 346 5120
58 426 5120
101 468 5120
144 196 5120
242 309 5120
95 459 5120
89 482 5120
95 301 5120
72 116 5120
195 434 5120
183 341 5120
129 426 5120
85 177 5120
109 181 5120
127 183 5120
103 447 5120
136 188 5120
104 136 5120
56 412 5120
72 226 5120
45 238 5120
1 478 5120
145 272 5120
43 302 5120
71 490 5120
23 121 5120
50 413 5120
19 102 5120
6 218 5120
157 219 5120
46 469 5120
54 375 5120
26 37 5120
14 159 5120
184 480 5120
144 446 5120
165 435 5120
6 226 5120
20 219 5120
59 182 5120
93 295 5120
234 377 5120
191 255 5120
183 418 5120
16 217 5120
40 465 5120
17 394 5120
92 328 5120
86 118 5120
42 386 5120
104 321 5120
256 338 5120
61 455 5120
38 307 5120
235 484 5120
51 203 5120
113 394 5120
121 411 5120
57 70 5120
99 332 5120
58 472 5120
212 243 5120
141 451 5120
109 202 5120
152 311 5120
151 165 5120
171 286 5120
190 225 5120
2 231 5120
113 255 5120
78 197 5120
140 288 5120
133 399 5120
238 481 5120
132 457 5120
20 245 5120
175 451 5120
34 158 5120
183 401 5120
21 201 5120
126 302 5120
254 341 5120
171 279 5120
21 118 5120
188 307 5120
30 305 5120
192 480 5120
33 292 5120
21 440 5120
182 406 5120
0 65 5120
19 342 5120
252 337 5120
105 488 5120
170 291 5120
123 476 5120
158 192 5120
155 462 5120
83 260 5120
141 494 5120
82 353 5120
95 337 5120
202 503 5120
73 127 5120
17 407 5120
158 235 5120
252 475 5120
74 424 5120
68 450 5120
63 181 5120
174 481 5120
177 288 5120
125 250 5120
38 272 5120
176 327 5120
44 504 5120
105 326 5120
104 136 5120
106 488 5120
49 318 5120
10 441 5120
74 126 5120
109 457 5120
41 500 5120
240 508 5120
220 414 5120
234 285 5120
192 303 5120
79 259 5120
252 407 5120
54 395 5120
198 466 5120
5 441 5120
118 306 5120
30 271 5120
134 394 5120
142 313 5120
185 362 5120
219 347 5120
178 184 5120
2 322 5120
13 111 5120
217 458 5120
223 312 5120
19 21 5120
230 396 5120
109 286 5120
8 129 5120
23 228 5120
111 324 5120
172 408 5120
154 273 5120
107 500 5120
42 147 5120
11 152 5120
180 198 5120
132 268 5120
154 374 5120
218 362 5120
15 478 5120
215 401 5120
131 455 5120
54 239 5120
108 484 5120
198 306 5120
236 447 5120
180 312 5120
234 236 5120
197 390 5120
214 463 5120
88 299 5120
224 461 5120
185 322 5120
177 236 5120
9 489 5120
210 370 5120
28 434 5120
14 244 5120
105 384 5120
102 470 5120
123 217 5120
200 353 5120
80 492 5120
214 318 5120
155 283 5120
78 427 5120
200 403 5120
228 422 5120
31 353 5120
47 49 5120
33 220 5120
9 194 5120
193 340 5120
2 462 5120
245 349 5120
197 302 5120
86 170 5120
60 349 5120
230 249 5120
250 432 5120
190 440 5120
196 213 5120
185 387 5120
196 231 5120
105 398 5120
230 340 5120
159 278 5120
59 211 5120
83 392 5120
151 412 5120
237 502 5120
141 491 5120
97 190 5120
232 401 5120
194 351 5120
231 396 5120
231 374 5120
131 339 5120
119 121 5120
217 362 5120
113 418 5120
47 80 5120
249 280 5120
64 275 5120
78 452 5120
31 429 5120
30 339 5120
159 406 5120
205 231 5120
15 64 5120
215 377 5120
54 282 5120
148 444 5120
46 228 5120
238 394 5120
213 508 5120
215 505 5120
2 158 5120
67 245 5120
241 473 5120
126 355 5120
255 479 5120
1 235 5120
45 314 5120
110 431 5120
183 277 5120
187 193 5120
157 330 5120
87 122 5120
85 439 5120
62 235 5120
54 328 5120
154 396 5120
226 304 5120
140 205 5120
199 252 5120
248 383 5120
34 376 5120
138 276 5120
241 260 5120
10 275 5120
