0 1 5160
1 2 5160
2 3 5160
3 4 5160
4 5 5160
5 6 5160
6 7 5160
7 8 5160
8 9 5160
9 10 5160
10 11 5160
11 12 5160
12 13 5160
13 14 5160
14 15 5160
15 16 5160
16 17 5160
17 18 5160
18 19 5160
19 20 5160
20 21 5160
21 22 5160
22 23 5160
23 24 5160
24 25 5160
25 26 5160
26 27 5160
27 28 5160
28 29 5160
29 30 5160
30 31 5160
31 32 5160
32 33 5160
33 34 5160
34 35 5160
35 36 5160
36 37 5160
37 38 5160
38 39 5160
39 40 5160
40 41 5160
41 42 5160
42 43 5160
43 44 5160
44 45 5160
45 46 5160
46 47 5160
47 48 5160
48 49 5160
49 50 5160
50 51 5160
51 52 5160
52 53 5160
53 54 5160
54 55 5160
55 56 5160
56 57 5160
57 58 5160
58 59 5160
59 60 5160
60 61 5160
61 62 5160
62 63 5160
63 64 5160
64 65 5160
65 66 5160
66 67 5160
67 68 5160
68 69 5160
69 70 5160
70 71 5160
71 72 5160
72 73 5160
73 74 5160
74 75 5160
75 76 5160
76 77 5160
77 78 5160
78 79 5160
79 80 5160
80 81 5160
81 82 5160
82 83 5160
83 84 5160
84 85 5160
85 86 5160
86 87 5160
87 88 5160
88 89 5160
89 90 5160
90 91 5160
91 92 5160
92 93 5160
93 94 5160
94 95 5160
95 96 5160
96 97 5160
97 98 5160
98 99 5160
99 100 5160
100 101 5160
101 102 5160
102 103 5160
103 104 5160
104 105 5160
105 106 5160
106 107 5160
107 108 5160
108 109 5160
109 110 5160
110 111 5160
111 112 5160
112 113 5160
113 114 5160
114 115 5160
115 116 5160
116 117 5160
117 118 5160
118 119 5160
119 120 5160
120 121 5160
121 122 5160
122 123 5160
123 124 5160
124 125 5160
125 126 5160
126 127 5160
127 128 5160
128 129 5160
129 130 5160
130 131 5160
131 132 5160
132 133 5160
133 134 5160
134 135 5160
135 136 5160
136 137 5160
137 138 5160
138 139 5160
139 140 5160
140 141 5160
141 142 5160
142 143 5160
143 144 5160
144 145 5160
145 146 5160
146 147 5160
147 148 5160
148 149 5160
149 150 5160
150 151 5160
151 152 5160
152 153 5160
153 154 5160
154 155 5160
155 156 5160
156 157 5160
157 158 5160
158 159 5160
159 160 5160
160 161 5160
161 162 5160
162 163 5160
163 164 5160
164 165 5160
165 166 5160
166 167 5160
167 168 5160
168 169 5160
169 170 5160
170 171 5160
171 172 5160
172 173 5160
173 174 5160
174 175 5160
175 176 5160
176 177 5160
177 178 5160
178 179 5160
179 180 5160
180 181 5160
181 182 5160
182 183 5160
183 184 5160
184 185 5160
185 186 5160
186 187 5160
187 188 5160
188 189 5160
189 190 5160
190 191 5160
191 192 5160
192 193 5160
193 194 5160
194 195 5160
195 196 5160
196 197 5160
197 198 5160
198 199 5160
199 200 5160
200 201 5160
201 202 5160
202 203 5160
203 204 5160
204 205 5160
205 206 5160
206 207 5160
207 208 5160
208 209 5160
209 210 5160
210 211 5160
211 212 5160
212 213 5160
213 214 5160
214 215 5160
215 216 5160
216 217 5160
217 218 5160
218 219 5160
219 220 5160
220 221 5160
221 222 5160
222 223 5160
223 224 5160
224 225 5160
225 226 5160
226 227 5160
227 228 5160
228 229 5160
229 230 5160
230 231 5160
231 232 5160
232 233 5160
233 234 5160
234 235 5160
235 236 5160
236 237 5160
237 238 5160
238 239 5160
239 240 5160
240 241 5160
241 242 5160
242 243 5160
243 244 5160
244 245 5160
245 246 5160
246 247 5160
247 248 5160
248 249 5160
249 250 5160
250 251 5160
251 252 5160
252 253 5160
253 254 5160
254 255 5160
255 256 5160
256 257 5160
257 258 5160
258 259 5160
259 260 5160
260 261 5160
261 262 5160
262 263 5160
263 264 5160
264 265 5160
265 266 5160
266 267 5160
267 268 5160
268 269 5160
269 270 5160
270 271 5160
271 272 5160
272 273 5160
273 274 5160
274 275 5160
275 276 5160
276 277 5160
277 278 5160
278 279 5160
279 280 5160
280 281 5160
281 282 5160
282 283 5160
283 284 5160
284 285 5160
285 286 5160
286 287 5160
287 288 5160
288 289 5160
289 290 5160
290 291 5160
291 292 5160
292 293 5160
293 294 5160
294 295 5160
295 296 5160
296 297 5160
297 298 5160
298 299 5160
299 300 5160
300 301 5160
301 302 5160
302 303 5160
303 304 5160
304 305 5160
305 306 5160
306 307 5160
307 308 5160
308 309 5160
309 310 5160
310 311 5160
311 312 5160
312 313 5160
313 314 5160
314 315 5160
315 316 5160
316 317 5160
317 318 5160
318 319 5160
319 320 5160
320 321 5160
321 322 5160
322 323 5160
323 324 5160
324 325 5160
325 326 5160
326 327 5160
327 328 5160
328 329 5160
329 330 5160
330 331 5160
331 332 5160
332 333 5160
333 334 5160
334 335 5160
335 336 5160
336 337 5160
337 338 5160
338 339 5160
339 340 5160
340 341 5160
341 342 5160
342 343 5160
343 344 5160
344 345 5160
345 346 5160
346 347 5160
347 348 5160
348 349 5160
349 350 5160
350 351 5160
351 352 5160
352 353 5160
353 354 5160
354 355 5160
355 356 5160
356 357 5160
357 358 5160
358 359 5160
359 360 5160
360 361 5160
361 362 5160
362 363 5160
363 364 5160
364 365 5160
365 366 5160
366 367 5160
367 368 5160
368 369 5160
369 370 5160
370 371 5160
371 372 5160
372 373 5160
373 374 5160
374 375 5160
375 376 5160
376 377 5160
377 378 5160
378 379 5160
379 380 5160
380 381 5160
381 382 5160
382 383 5160
383 384 5160
384 385 5160
385 386 5160
386 387 5160
387 388 5160
388 389 5160
389 390 5160
390 391 5160
391 392 5160
392 393 5160
393 394 5160
394 395 5160
395 396 5160
396 397 5160
397 398 5160
398 399 5160
399 400 5160
400 401 5160
401 402 5160
402 403 5160
403 404 5160
404 405 5160
405 406 5160
406 407 5160
407 408 5160
408 409 5160
409 410 5160
410 411 5160
411 412 5160
412 413 5160
413 414 5160
414 415 5160
415 416 5160
416 417 5160
417 418 5160
418 419 5160
419 420 5160
420 421 5160
421 422 5160
422 423 5160
423 424 5160
424 425 5160
425 426 5160
426 427 5160
427 428 5160
428 429 5160
429 430 5160
430 431 5160
431 432 5160
432 433 5160
433 434 5160
434 435 5160
435 436 5160
436 437 5160
437 438 5160
438 439 5160
439 440 5160
440 441 5160
441 442 5160
442 443 5160
443 444 5160
444 445 5160
445 446 5160
446 447 5160
447 448 5160
448 449 5160
449 450 5160
450 451 5160
451 452 5160
452 453 5160
453 454 5160
454 455 5160
455 456 5160
456 457 5160
457 458 5160
458 459 5160
459 460 5160
460 461 5160
461 462 5160
462 463 5160
463 464 5160
464 465 5160
465 466 5160
466 467 5160
467 468 5160
468 469 5160
469 470 5160
470 471 5160
471 472 5160
472 473 5160
473 474 5160
474 475 5160
475 476 5160
476 477 5160
477 478 5160
478 479 5160
479 480 5160
480 481 5160
481 482 5160
482 483 5160
483 484 5160
484 485 5160
485 486 5160
486 487 5160
487 488 5160
488 489 5160
489 490 5160
490 491 5160
491 492 5160
492 493 5160
493 494 5160
494 495 5160
495 496 5160
496 497 5160
497 498 5160
498 499 5160
499 500 5160
500 501 5160
501 502 5160
502 503 5160
503 504 5160
504 505 5160
505 506 5160
506 507 5160
507 508 5160
508 509 5160
509 510 5160
510 511 5160
511 512 5160
512 513 5160
513 514 5160
514 515 5160
204 361 5160
137 241 5160
184 209 5160
140 448 5160
114 132 5160
26 257 5160
178 314 5160
223 349 5160
138 289 5160
38 177 5160
1 391 5160
45 119 5160
181 298 5160
192 314 5160
135 288 5160
97 217 5160
187 216 5160
147 374 5160
32 40 5160
33 344 5160
45 464 5160
138 438 5160
76 175 5160
83 468 5160
123 448 5160
104 234 5160
38 392 5160
217 444 5160
57 102 5160
199 415 5160
248 448 5160
171 499 5160
123 321 5160
250 339 5160
243 319 5160
123 159 5160
185 420 5160
34 402 5160
111 486 5160
47 471 5160
185 217 5160
82 316 5160
72 173 5160
16 180 5160
143 406 5160
51 414 5160
147 493 5160
137 264 5160
154 412 5160
157 176 5160
177 432 5160
65 285 5160
232 453 5160
130 334 5160
111 484 5160
116 255 5160
248 381 5160
245 460 5160
131 288 5160
181 485 5160
129 273 5160
95 275 5160
181 485 5160
253 294 5160
182 372 5160
148 366 5160
68 170 5160
83 404 5160
226 236 5160
239 459 5160
203 418 5160
256 388 5160
85 266 5160
50 191 5160
238 271 5160
72 130 5160
11 223 5160
163 216 5160
188 241 5160
25 143 5160
47 355 5160
200 254 5160
84 262 5160
166 324 5160
165 472 5160
248 507 5160
172 379 5160
149 454 5160
242 299 5160
124 158 5160
56 134 5160
94 273 5160
136 469 5160
187 472 5160
125 379 5160
150 459 5160
98 410 5160
145 465 5160
102 489 5160
189 213 5160
40 96 5160
70 311 5160
165 493 5160
33 103 5160
170 506 5160
226 504 5160
128 335 5160
13 305 5160
239 294 5160
34 350 5160
225 229 5160
28 306 5160
210 227 5160
221 453 5160
153 247 5160
201 405 5160
12 256 5160
174 312 5160
59 386 5160
97 396 5160
93 375 5160
78 168 5160
182 479 5160
178 201 5160
50 86 5160
135 395 5160
105 280 5160
25 419 5160
78 108 5160
233 295 5160
158 196 5160
53 254 5160
243 503 5160
16 134 5160
199 442 5160
165 372 5160
222 410 5160
5 245 5160
223 397 5160
187 313 5160
39 42 5160
140 300 5160
194 429 5160
66 117 5160
195 509 5160
59 405 5160
198 380 5160
114 371 5160
178 450 5160
229 276 5160
198 350 5160
236 379 5160
54 218 5160
56 305 5160
33 96 5160
150 227 5160
146 403 5160
19 80 5160
97 484 5160
234 412 5160
77 79 5160
136 315 5160
203 401 5160
106 492 5160
240 247 5160
150 445 5160
192 388 5160
161 410 5160
129 432 5160
220 436 5160
68 222 5160
170 196 5160
31 264 5160
234 486 5160
95 301 5160
234 405 5160
166 199 5160
162 252 5160
174 380 5160
88 284 5160
236 389 5160
57 443 5160
151 339 5160
118 480 5160
222 321 5160
244 308 5160
120 215 5160
236 486 5160
86 312 5160
72 393 5160
59 109 5160
157 282 5160
116 391 5160
120 327 5160
190 299 5160
4 96 5160
214 472 5160
111 237 5160
240 457 5160
40 82 5160
202 459 5160
131 469 5160
164 407 5160
166 175 5160
127 312 5160
127 317 5160
59 397 5160
223 475 5160
252 330 5160
1 53 5160
57 429 5160
255 362 5160
70 234 5160
66 375 5160
243 365 5160
22 138 5160
155 323 5160
110 180 5160
129 284 5160
19 144 5160
49 101 5160
207 248 5160
98 478 5160
128 409 5160
194 310 5160
220 379 5160
116 466 5160
41 284 5160
2 504 5160
222 290 5160
201 499 5160
117 233 5160
150 416 5160
249 442 5160
97 279 5160
115 277 5160
73 167 5160
37 224 5160
158 193 5160
27 165 5160
12 291 5160
75 290 5160
33 497 5160
105 424 5160
65 472 5160
209 480 5160
122 323 5160
78 169 5160
23 140 5160
141 157 5160
157 371 5160
103 404 5160
162 449 5160
8 174 5160
235 273 5160
202 476 5160
248 323 5160
0 163 5160
52 406 5160
89 278 5160
21 255 5160
190 219 5160
83 282 5160
193 287 5160
105 270 5160
137 238 5160
65 230 5160
84 439 5160
119 268 5160
75 171 5160
179 438 5160
239 348 5160
83 110 5160
95 359 5160
51 212 5160
96 99 5160
206 505 5160
76 251 5160
65 483 5160
169 355 5160
145 236 5160
181 319 5160
214 472 5160
235 355 5160
74 378 5160
131 156 5160
123 174 5160
254 339 5160
184 255 5160
48 204 5160
245 307 5160
54 398 5160
217 243 5160
33 443 5160
96 225 5160
241 254 5160
211 460 5160
97 515 5160
254 343 5160
169 389 5160
45 262 5160
2 487 5160
68 390 5160
61 63 5160
24 395 5160
13 29 5160
223 513 5160
31 350 5160
223 297 5160
174 362 5160
229 434 5160
67 75 5160
131 367 5160
247 259 5160
107 112 5160
14 409 5160
243 420 5160
229 360 5160
111 234 5160
122 411 5160
192 298 5160
163 488 5160
199 398 5160
109 474 5160
242 495 5160
181 198 5160
73 373 5160
191 419 5160
27 113 5160
149 493 5160
126 270 5160
119 350 5160
251 481 5160
171 240 5160
117 498 5160
35 178 5160
143 310 5160
108 150 5160
191 263 5160
2 161 5160
177 431 5160
189 394 5160
50 81 5160
17 20 5160
55 150 5160
231 483 5160
119 225 5160
108 430 5160
176 465 5160
221 318 5160
206 407 5160
199 366 5160
93 303 5160
118 276 5160
119 351 5160
137 330 5160
55 242 5160
179 489 5160
85 190 5160
129 268 5160
5 187 5160
117 271 5160
237 370 5160
26 259 5160
185 273 5160
142 237 5160
54 480 5160
226 404 5160
70 89 5160
251 440 5160
252 397 5160
105 324 5160
178 404 5160
185 488 5160
69 472 5160
11 315 5160
102 142 5160
208 271 5160
33 394 5160
174 209 5160
127 424 5160
121 146 5160
249 370 5160
49 120 5160
165 359 5160
198 201 5160
30 382 5160
71 371 5160
79 361 5160
197 472 5160
183 425 5160
242 353 5160
239 263 5160
161 211 5160
107 322 5160
203 421 5160
95 462 5160
225 296 5160
25 205 5160
58 265 5160
170 442 5160
35 269 5160
123 332 5160
152 507 5160
205 316 5160
248 509 5160
186 466 5160
105 426 5160
49 485 5160
100 490 5160
75 495 5160
69 161 5160
70 141 5160
1 315 5160
57 457 5160
86 457 5160
250 430 5160
189 198 5160
58 224 5160
105 497 5160
45 308 5160
181 472 5160
228 460 5160
221 464 5160
3 24 5160
88 244 5160
251 313 5160
197 449 5160
22 293 5160
177 292 5160
92 171 5160
92 330 5160
179 289 5160
54 431 5160
2 331 5160
206 505 5160
224 377 5160
168 419 5160
255 403 5160
30 245 5160
56 79 5160
219 319 5160
83 499 5160
47 452 5160
167 503 5160
17 204 5160
152 485 5160
127 205 5160
45 210 5160
70 235 5160
20 232 5160
59 379 5160
164 388 5160
235 436 5160
159 475 5160
246 353 5160
127 247 5160
189 494 5160
133 346 5160
69 272 5160
45 483 5160
19 251 5160
250 270 5160
187 367 5160
164 217 5160
234 340 5160
26 298 5160
209 343 5160
60 342 5160
25 352 5160
250 352 5160
226 489 5160
130 435 5160
239 280 5160
57 211 5160
110 223 5160
123 244 5160
128 406 5160
101 419 5160
52 326 5160
11 81 5160
223 470 5160
228 267 5160
116 274 5160
10 342 5160
42 446 5160
248 265 5160
236 304 5160
34 306 5160
5 479 5160
40 44 5160
148 360 5160
74 271 5160
109 434 5160
166 386 5160
96 199 5160
100 500 5160
18 181 5160
220 240 5160
183 307 5160
179 485 5160
121 498 5160
175 418 5160
46 148 5160
194 339 5160
167 359 5160
49 371 5160
166 273 5160
180 329 5160
84 138 5160
1 505 5160
136 156 5160
210 282 5160
70 348 5160
