0 1 5200
1 2 5200
2 3 5200
3 4 5200
4 5 5200
5 6 5200
6 7 5200
7 8 5200
8 9 5200
9 10 5200
10 11 5200
11 12 5200
12 13 5200
13 14 5200
14 15 5200
15 16 5200
16 17 5200
17 18 5200
18 19 5200
19 20 5200
20 21 5200
21 22 5200
22 23 5200
23 24 5200
24 25 5200
25 26 5200
26 27 5200
27 28 5200
28 29 5200
29 30 5200
30 31 5200
31 32 5200
32 33 5200
33 34 5200
34 35 5200
35 36 5200
36 37 5200
37 38 5200
38 39 5200
39 40 5200
40 41 5200
41 42 5200
42 43 5200
43 44 5200
44 45 5200
45 46 5200
46 47 5200
47 48 5200
48 49 5200
49 50 5200
50 51 5200
51 52 5200
52 53 5200
53 54 5200
54 55 5200
55 56 5200
56 57 5200
57 58 5200
58 59 5200
59 60 5200
60 61 5200
61 62 5200
62 63 5200
63 64 5200
64 65 5200
65 66 5200
66 67 5200
67 68 5200
68 69 5200
69 70 5200
70 71 5200
71 72 5200
72 73 5200
73 74 5200
74 75 5200
75 76 5200
76 77 5200
77 78 5200
78 79 5200
79 80 5200
80 81 5200
81 82 5200
82 83 5200
83 84 5200
84 85 5200
85 86 5200
86 87 5200
87 88 5200
88 89 5200
89 90 5200
90 91 5200
91 92 5200
92 93 5200
93 94 5200
94 95 5200
95 96 5200
96 97 5200
97 98 5200
98 99 5200
99 100 5200
100 101 5200
101 102 5200
102 103 5200
103 104 5200
104 105 5200
105 106 5200
106 107 5200
107 108 5200
108 109 5200
109 110 5200
110 111 5200
111 112 5200
112 113 5200
113 114 5200
114 115 5200
115 116 5200
116 117 5200
117 118 5200
118 119 5200
119 120 5200
120 121 5200
121 122 5200
122 123 5200
123 124 5200
124 125 5200
125 126 5200
126 127 5200
127 128 5200
128 129 5200
129 130 5200
130 131 5200
131 132 5200
132 133 5200
133 134 5200
134 135 5200
135 136 5200
136 137 5200
137 138 5200
138 139 5200
139 140 5200
140 141 5200
141 142 5200
142 143 5200
143 144 5200
144 145 5200
145 146 5200
146 147 5200
147 148 5200
148 149 5200
149 150 5200
150 151 5200
151 152 5200
152 153 5200
153 154 5200
154 155 5200
155 156 5200
156 157 5200
157 158 5200
158 159 5200
159 160 5200
160 161 5200
161 162 5200
162 163 5200
163 164 5200
164 165 5200
165 166 5200
166 167 5200
167 168 5200
168 169 5200
169 170 5200
170 171 5200
171 172 5200
172 173 5200
173 174 5200
174 175 5200
175 176 5200
176 177 5200
177 178 5200
178 179 5200
179 180 5200
180 181 5200
181 182 5200
182 183 5200
183 184 5200
184 185 5200
185 186 5200
186 187 5200
187 188 5200
188 189 5200
189 190 5200
190 191 5200
191 192 5200
192 193 5200
193 194 5200
194 195 5200
195 196 5200
196 197 5200
197 198 5200
198 199 5200
199 200 5200
200 201 5200
201 202 5200
202 203 5200
203 204 5200
204 205 5200
205 206 5200
206 207 5200
207 208 5200
208 209 5200
209 210 5200
210 211 5200
211 212 5200
212 213 5200
213 214 5200
214 215 5200
215 216 5200
216 217 5200
217 218 5200
218 219 5200
219 220 5200
220 221 5200
221 222 5200
222 223 5200
223 224 5200
224 225 5200
225 226 5200
226 227 5200
227 228 5200
228 229 5200
229 230 5200
230 231 5200
231 232 5200
232 233 5200
233 234 5200
234 235 5200
235 236 5200
236 237 5200
237 238 5200
238 239 5200
239 240 5200
240 241 5200
241 242 5200
242 243 5200
243 244 5200
244 245 5200
245 246 5200
246 247 5200
247 248 5200
248 249 5200
249 250 5200
250 251 5200
251 252 5200
252 253 5200
253 254 5200
254 255 5200
255 256 5200
256 257 5200
257 258 5200
258 259 5200
259 260 5200
260 261 5200
261 262 5200
262 263 5200
263 264 5200
264 265 5200
265 266 5200
266 267 5200
267 268 5200
268 269 5200
269 270 5200
270 271 5200
271 272 5200
272 273 5200
273 274 5200
274 275 5200
275 276 5200
276 277 5200
277 278 5200
278 279 5200
279 280 5200
280 281 5200
281 282 5200
282 283 5200
283 284 5200
284 285 5200
285 286 5200
286 287 5200
287 288 5200
288 289 5200
289 290 5200
290 291 5200
291 292 5200
292 293 5200
293 294 5200
294 295 5200
295 296 5200
296 297 5200
297 298 5200
298 299 5200
299 300 5200
300 301 5200
301 302 5200
302 303 5200
303 304 5200
304 305 5200
305 306 5200
306 307 5200
307 308 5200
308 309 5200
309 310 5200
310 311 5200
311 312 5200
312 313 5200
313 314 5200
314 315 5200
315 316 5200
316 317 5200
317 318 5200
318 319 5200
319 320 5200
320 321 5200
321 322 5200
322 323 5200
323 324 5200
324 325 5200
325 326 5200
326 327 5200
327 328 5200
328 329 5200
329 330 5200
330 331 5200
331 332 5200
332 333 5200
333 334 5200
334 335 5200
335 336 5200
336 337 5200
337 338 5200
338 339 5200
339 340 5200
340 341 5200
341 342 5200
342 343 5200
343 344 5200
344 345 5200
345 346 5200
346 347 5200
347 348 5200
348 349 5200
349 350 5200
350 351 5200
351 352 5200
352 353 5200
353 354 5200
354 355 5200
355 356 5200
356 357 5200
357 358 5200
358 359 5200
359 360 5200
360 361 5200
361 362 5200
362 363 5200
363 364 5200
364 365 5200
365 366 5200
366 367 5200
367 368 5200
368 369 5200
369 370 5200
370 371 5200
371 372 5200
372 373 5200
373 374 5200
374 375 5200
375 376 5200
376 377 5200
377 378 5200
378 379 5200
379 380 5200
380 381 5200
381 382 5200
382 383 5200
383 384 5200
384 385 5200
385 386 5200
386 387 5200
387 388 5200
388 389 5200
389 390 5200
390 391 5200
391 392 5200
392 393 5200
393 394 5200
394 395 5200
395 396 5200
396 397 5200
397 398 5200
398 399 5200
399 400 5200
400 401 5200
401 402 5200
402 403 5200
403 404 5200
404 405 5200
405 406 5200
406 407 5200
407 408 5200
408 409 5200
409 410 5200
410 411 5200
411 412 5200
412 413 5200
413 414 5200
414 415 5200
415 416 5200
416 417 5200
417 418 5200
418 419 5200
419 420 5200
420 421 5200
421 422 5200
422 423 5200
423 424 5200
424 425 5200
425 426 5200
426 427 5200
427 428 5200
428 429 5200
429 430 5200
430 431 5200
431 432 5200
432 433 5200
433 434 5200
434 435 5200
435 436 5200
436 437 5200
437 438 5200
438 439 5200
439 440 5200
440 441 5200
441 442 5200
442 443 5200
443 444 5200
444 445 5200
445 446 5200
446 447 5200
447 448 5200
448 449 5200
449 450 5200
450 451 5200
451 452 5200
452 453 5200
453 454 5200
454 455 5200
455 456 5200
456 457 5200
457 458 5200
458 459 5200
459 460 5200
460 461 5200
461 462 5200
462 463 5200
463 464 5200
464 465 5200
465 466 5200
466 467 5200
467 468 5200
468 469 5200
469 470 5200
470 471 5200
471 472 5200
472 473 5200
473 474 5200
474 475 5200
475 476 5200
476 477 5200
477 478 5200
478 479 5200
479 480 5200
480 481 5200
481 482 5200
482 483 5200
483 484 5200
484 485 5200
485 486 5200
486 487 5200
487 488 5200
488 489 5200
489 490 5200
490 491 5200
491 492 5200
492 493 5200
493 494 5200
494 495 5200
495 496 5200
496 497 5200
497 498 5200
498 499 5200
499 500 5200
500 501 5200
501 502 5200
502 503 5200
503 504 5200
504 505 5200
505 506 5200
506 507 5200
507 508 5200
508 509 5200
509 510 5200
510 511 5200
511 512 5200
512 513 5200
513 514 5200
514 515 5200
515 516 5200
516 517 5200
517 518 5200
518 519 5200
53 147 5200
212 364 5200
8 252 5200
68 107 5200
213 318 5200
172 391 5200
88 385 5200
173 499 5200
95 145 5200
221 331 5200
194 297 5200
186 412 5200
22 146 5200
204 403 5200
87 386 5200
39 481 5200
104 356 5200
22 371 5200
73 127 5200
135 233 5200
86 274 5200
199 466 5200
103 483 5200
46 234 5200
86 351 5200
166 491 5200
72 427 5200
98 198 5200
123 242 5200
234 268 5200
68 139 5200
77 371 5200
39 83 5200
163 196 5200
124 312 5200
17 23 5200
53 303 5200
240 371 5200
20 402 5200
92 307 5200
11 416 5200
43 202 5200
162 279 5200
174 404 5200
48 479 5200
117 404 5200
108 479 5200
180 388 5200
241 412 5200
117 262 5200
147 240 5200
106 400 5200
111 341 5200
165 288 5200
153 335 5200
214 365 5200
58 256 5200
242 310 5200
105 107 5200
237 341 5200
209 333 5200
121 440 5200
185 379 5200
223 360 5200
2 320 5200
100 175 5200
250 416 5200
85 322 5200
120 201 5200
65 313 5200
50 320 5200
105 228 5200
150 431 5200
199 418 5200
245 352 5200
257 327 5200
167 249 5200
116 144 5200
161 207 5200
140 214 5200
59 179 5200
114 149 5200
223 304 5200
148 351 5200
193 308 5200
212 260 5200
30 395 5200
41 226 5200
0 392 5200
127 224 5200
34 42 5200
114 175 5200
190 467 5200
174 266 5200
61 255 5200
102 186 5200
141 321 5200
248 340 5200
180 257 5200
107 320 5200
26 178 5200
197 255 5200
68 260 5200
85 300 5200
111 385 5200
211 365 5200
81 453 5200
135 341 5200
117 374 5200
200 470 5200
215 414 5200
148 372 5200
215 298 5200
98 271 5200
198 376 5200
234 278 5200
250 264 5200
9 47 5200
23 502 5200
208 481 5200
3 68 5200
66 151 5200
54 255 5200
178 196 5200
37 449 5200
198 460 5200
235 302 5200
27 504 5200
70 474 5200
102 119 5200
86 288 5200
26 196 5200
234 339 5200
42 55 5200
259 346 5200
244 327 5200
196 426 5200
135 248 5200
51 156 5200
173 419 5200
225 309 5200
79 243 5200
141 150 5200
18 147 5200
24 203 5200
45 291 5200
9 263 5200
43 143 5200
203 307 5200
237 336 5200
97 371 5200
191 442 5200
48 472 5200
180 411 5200
231 369 5200
59 514 5200
243 258 5200
156 381 5200
250 474 5200
194 358 5200
117 459 5200
196 289 5200
48 514 5200
34 506 5200
207 344 5200
117 410 5200
34 472 5200
193 315 5200
184 271 5200
23 453 5200
35 406 5200
248 341 5200
227 471 5200
60 272 5200
171 377 5200
17 411 5200
257 353 5200
188 502 5200
216 405 5200
224 336 5200
41 342 5200
65 515 5200
142 152 5200
90 350 5200
34 208 5200
48 317 5200
28 188 5200
140 214 5200
175 501 5200
66 487 5200
71 468 5200
210 230 5200
241 491 5200
81 275 5200
185 228 5200
207 445 5200
55 439 5200
146 251 5200
31 177 5200
148 501 5200
52 115 5200
257 480 5200
255 372 5200
249 461 5200
8 269 5200
115 442 5200
152 450 5200
9 201 5200
54 381 5200
118 273 5200
167 431 5200
154 194 5200
120 179 5200
48 424 5200
153 435 5200
32 281 5200
219 402 5200
171 258 5200
53 166 5200
193 362 5200
39 274 5200
146 333 5200
133 454 5200
114 406 5200
119 259 5200
251 393 5200
62 396 5200
17 78 5200
104 392 5200
131 346 5200
167 175 5200
21 502 5200
68 428 5200
179 511 5200
78 317 5200
153 427 5200
251 399 5200
207 509 5200
75 244 5200
231 274 5200
52 396 5200
75 193 5200
18 428 5200
41 243 5200
68 192 5200
190 427 5200
223 409 5200
229 328 5200
221 460 5200
235 242 5200
4 315 5200
236 425 5200
51 145 5200
79 236 5200
129 299 5200
145 176 5200
84 504 5200
89 445 5200
139 475 5200
107 416 5200
179 416 5200
119 346 5200
169 178 5200
213 471 5200
162 172 5200
25 122 5200
7 98 5200
232 369 5200
213 448 5200
210 378 5200
144 450 5200
93 96 5200
69 388 5200
9 189 5200
15 313 5200
150 472 5200
117 439 5200
100 440 5200
244 285 5200
250 306 5200
219 252 5200
257 442 5200
172 448 5200
151 317 5200
152 381 5200
188 425 5200
0 444 5200
241 491 5200
7 306 5200
194 440 5200
257 310 5200
156 217 5200
19 162 5200
49 447 5200
186 390 5200
200 382 5200
245 253 5200
132 498 5200
137 322 5200
67 235 5200
197 262 5200
91 358 5200
3 366 5200
89 140 5200
61 347 5200
167 508 5200
154 296 5200
36 185 5200
256 306 5200
243 284 5200
132 500 5200
77 380 5200
144 472 5200
55 166 5200
54 200 5200
75 356 5200
257 320 5200
205 303 5200
52 438 5200
9 377 5200
88 507 5200
89 335 5200
41 236 5200
64 490 5200
168 476 5200
185 217 5200
1 492 5200
222 408 5200
166 338 5200
0 434 5200
23 34 5200
89 161 5200
135 519 5200
242 257 5200
42 65 5200
110 510 5200
142 151 5200
138 389 5200
140 326 5200
170 361 5200
25 80 5200
123 407 5200
248 352 5200
79 463 5200
189 430 5200
235 264 5200
247 272 5200
31 298 5200
13 469 5200
206 314 5200
253 506 5200
257 354 5200
128 347 5200
9 492 5200
58 508 5200
124 517 5200
187 281 5200
18 144 5200
199 463 5200
64 426 5200
124 160 5200
71 241 5200
155 236 5200
9 441 5200
129 246 5200
192 497 5200
0 369 5200
13 314 5200
249 452 5200
221 235 5200
145 467 5200
76 458 5200
151 386 5200
195 496 5200
88 251 5200
103 330 5200
55 177 5200
25 256 5200
199 245 5200
40 306 5200
127 413 5200
81 498 5200
115 329 5200
259 364 5200
57 326 5200
48 81 5200
7 485 5200
174 270 5200
242 481 5200
117 354 5200
183 383 5200
256 432 5200
60 489 5200
54 342 5200
127 204 5200
219 335 5200
106 269 5200
42 235 5200
9 259 5200
176 410 5200
106 413 5200
208 413 5200
150 388 5200
238 451 5200
10 364 5200
162 199 5200
50 470 5200
221 497 5200
220 373 5200
160 456 5200
92 165 5200
200 280 5200
240 456 5200
179 232 5200
24 38 5200
123 373 5200
226 340 5200
247 466 5200
156 219 5200
39 513 5200
245 322 5200
173 393 5200
97 342 5200
141 380 5200
84 288 5200
36 519 5200
240 512 5200
228 506 5200
251 393 5200
92 250 5200
61 380 5200
126 329 5200
242 467 5200
175 483 5200
85 188 5200
31 329 5200
4 377 5200
95 390 5200
145 187 5200
201 387 5200
174 422 5200
69 220 5200
172 242 5200
99 453 5200
214 330 5200
228 387 5200
10 492 5200
129 501 5200
130 342 5200
36 396 5200
150 307 5200
59 161 5200
201 418 5200
105 358 5200
150 483 5200
18 350 5200
109 203 5200
89 323 5200
105 511 5200
164 462 5200
60 488 5200
235 489 5200
194 231 5200
7 133 5200
220 439 5200
136 454 5200
239 404 5200
167 221 5200
10 327 5200
236 402 5200
245 480 5200
121 278 5200
55 136 5200
39 479 5200
220 442 5200
100 149 5200
23 32 5200
217 361 5200
52 90 5200
169 503 5200
223 274 5200
132 322 5200
108 133 5200
17 66 5200
35 80 5200
133 386 5200
170 412 5200
34 248 5200
232 369 5200
52 59 5200
169 500 5200
112 229 5200
149 188 5200
218 414 5200
201 465 5200
170 227 5200
214 491 5200
163 477 5200
148 299 5200
27 56 5200
140 168 5200
78 424 5200
108 424 5200
49 121 5200
241 426 5200
255 327 5200
49 244 5200
27 129 5200
239 272 5200
102 196 5200
8 125 5200
172 440 5200
224 488 5200
181 333 5200
117 346 5200
21 484 5200
260 375 5200
223 448 5200
