0 1 5240
1 2 5240
2 3 5240
3 4 5240
4 5 5240
5 6 5240
6 7 5240
7 8 5240
8 9 5240
9 10 5240
10 11 5240
11 12 5240
12 13 5240
13 14 5240
14 15 5240
15 16 5240
16 17 5240
17 18 5240
18 19 5240
19 20 5240
20 21 5240
21 22 5240
22 23 5240
23 24 5240
24 25 5240
25 26 5240
26 27 5240
27 28 5240
28 29 5240
29 30 5240
30 31 5240
31 32 5240
32 33 5240
33 34 5240
34 35 5240
35 36 5240
36 37 5240
37 38 5240
38 39 5240
39 40 5240
40 41 5240
41 42 5240
42 43 5240
43 44 5240
44 45 5240
45 46 5240
46 47 5240
47 48 5240
48 49 5240
49 50 5240
50 51 5240
51 52 5240
52 53 5240
53 54 5240
54 55 5240
55 56 5240
56 57 5240
57 58 5240
58 59 5240
59 60 5240
60 61 5240
61 62 5240
62 63 5240
63 64 5240
64 65 5240
65 66 5240
66 67 5240
67 68 5240
68 69 5240
69 70 5240
70 71 5240
71 72 5240
72 73 5240
73 74 5240
74 75 5240
75 76 5240
76 77 5240
77 78 5240
78 79 5240
79 80 5240
80 81 5240
81 82 5240
82 83 5240
83 84 5240
84 85 5240
85 86 5240
86 87 5240
87 88 5240
88 89 5240
89 90 5240
90 91 5240
91 92 5240
92 93 5240
93 94 5240
94 95 5240
95 96 5240
96 97 5240
97 98 5240
98 99 5240
99 100 5240
100 101 5240
101 102 5240
102 103 5240
103 104 5240
104 105 5240
105 106 5240
106 107 5240
107 108 5240
108 109 5240
109 110 5240
110 111 5240
111 112 5240
112 113 5240
113 114 5240
114 115 5240
115 116 5240
116 117 5240
117 118 5240
118 119 5240
119 120 5240
120 121 5240
121 122 5240
122 123 5240
123 124 5240
124 125 5240
125 126 5240
126 127 5240
127 128 5240
128 129 5240
129 130 5240
130 131 5240
131 132 5240
132 133 5240
133 134 5240
134 135 5240
135 136 5240
136 137 5240
137 138 5240
138 139 5240
139 140 5240
140 141 5240
141 142 5240
142 143 5240
143 144 5240
144 145 5240
145 146 5240
146 147 5240
147 148 5240
148 149 5240
149 150 5240
150 151 5240
151 152 5240
152 153 5240
153 154 5240
154 155 5240
155 156 5240
156 157 5240
157 158 5240
158 159 5240
159 160 5240
160 161 5240
161 162 5240
162 163 5240
163 164 5240
164 165 5240
165 166 5240
166 167 5240
167 168 5240
168 169 5240
169 170 5240
170 171 5240
171 172 5240
172 173 5240
173 174 5240
174 175 5240
175 176 5240
176 177 5240
177 178 5240
178 179 5240
179 180 5240
180 181 5240
181 182 5240
182 183 5240
183 184 5240
184 185 5240
185 186 5240
186 187 5240
187 188 5240
188 189 5240
189 190 5240
190 191 5240
191 192 5240
192 193 5240
193 194 5240
194 195 5240
195 196 5240
196 197 5240
197 198 5240
198 199 5240
199 200 5240
200 201 5240
201 202 5240
202 203 5240
203 204 5240
204 205 5240
205 206 5240
206 207 5240
207 208 5240
208 209 5240
209 210 5240
210 211 5240
211 212 5240
212 213 5240
213 214 5240
214 215 5240
215 216 5240
216 217 5240
217 218 5240
218 219 5240
219 220 5240
220 221 5240
221 222 5240
222 223 5240
223 224 5240
224 225 5240
225 226 5240
226 227 5240
227 228 5240
228 229 5240
229 230 5240
230 231 5240
231 232 5240
232 233 5240
233 234 5240
234 235 5240
235 236 5240
236 237 5240
237 238 5240
238 239 5240
239 240 5240
240 241 5240
241 242 5240
242 243 5240
243 244 5240
244 245 5240
245 246 5240
246 247 5240
247 248 5240
248 249 5240
249 250 5240
250 251 5240
251 252 5240
252 253 5240
253 254 5240
254 255 5240
255 256 5240
256 257 5240
257 258 5240
258 259 5240
259 260 5240
260 261 5240
261 262 5240
262 263 5240
263 264 5240
264 265 5240
265 266 5240
266 267 5240
267 268 5240
268 269 5240
269 270 5240
270 271 5240
271 272 5240
272 273 5240
273 274 5240
274 275 5240
275 276 5240
276 277 5240
277 278 5240
278 279 5240
279 280 5240
280 281 5240
281 282 5240
282 283 5240
283 284 5240
284 285 5240
285 286 5240
286 287 5240
287 288 5240
288 289 5240
289 290 5240
290 291 5240
291 292 5240
292 293 5240
293 294 5240
294 295 5240
295 296 5240
296 297 5240
297 298 5240
298 299 5240
299 300 5240
300 301 5240
301 302 5240
302 303 5240
303 304 5240
304 305 5240
305 306 5240
306 307 5240
307 308 5240
308 309 5240
309 310 5240
310 311 5240
311 312 5240
312 313 5240
313 314 5240
314 315 5240
315 316 5240
316 317 5240
317 318 5240
318 319 5240
319 320 5240
320 321 5240
321 322 5240
322 323 5240
323 324 5240
324 325 5240
325 326 5240
326 327 5240
327 328 5240
328 329 5240
329 330 5240
330 331 5240
331 332 5240
332 333 5240
333 334 5240
334 335 5240
335 336 5240
336 337 5240
337 338 5240
338 339 5240
339 340 5240
340 341 5240
341 342 5240
342 343 5240
343 344 5240
344 345 5240
345 346 5240
346 347 5240
347 348 5240
348 349 5240
349 350 5240
350 351 5240
351 352 5240
352 353 5240
353 354 5240
354 355 5240
355 356 5240
356 357 5240
357 358 5240
358 359 5240
359 360 5240
360 361 5240
361 362 5240
362 363 5240
363 364 5240
364 365 5240
365 366 5240
366 367 5240
367 368 5240
368 369 5240
369 370 5240
370 371 5240
371 372 5240
372 373 5240
373 374 5240
374 375 5240
375 376 5240
376 377 5240
377 378 5240
378 379 5240
379 380 5240
380 381 5240
381 382 5240
382 383 5240
383 384 5240
384 385 5240
385 386 5240
386 387 5240
387 388 5240
388 389 5240
389 390 5240
390 391 5240
391 392 5240
392 393 5240
393 394 5240
394 395 5240
395 396 5240
396 397 5240
397 398 5240
398 399 5240
399 400 5240
400 401 5240
401 402 5240
402 403 5240
403 404 5240
404 405 5240
405 406 5240
406 407 5240
407 408 5240
408 409 5240
409 410 5240
410 411 5240
411 412 5240
412 413 5240
413 414 5240
414 415 5240
415 416 5240
416 417 5240
417 418 5240
418 419 5240
419 420 5240
420 421 5240
421 422 5240
422 423 5240
423 424 5240
424 425 5240
425 426 5240
426 427 5240
427 428 5240
428 429 5240
429 430 5240
430 431 5240
431 432 5240
432 433 5240
433 434 5240
434 435 5240
435 436 5240
436 437 5240
437 438 5240
438 439 5240
439 440 5240
440 441 5240
441 442 5240
442 443 5240
443 444 5240
444 445 5240
445 446 5240
446 447 5240
447 448 5240
448 449 5240
449 450 5240
450 451 5240
451 452 5240
452 453 5240
453 454 5240
454 455 5240
455 456 5240
456 457 5240
457 458 5240
458 459 5240
459 460 5240
460 461 5240
461 462 5240
462 463 5240
463 464 5240
464 465 5240
465 466 5240
466 467 5240
467 468 5240
468 469 5240
469 470 5240
470 471 5240
471 472 5240
472 473 5240
473 474 5240
474 475 5240
475 476 5240
476 477 5240
477 478 5240
478 479 5240
479 480 5240
480 481 5240
481 482 5240
482 483 5240
483 484 5240
484 485 5240
485 486 5240
486 487 5240
487 488 5240
488 489 5240
489 490 5240
490 491 5240
491 492 5240
492 493 5240
493 494 5240
494 495 5240
495 496 5240
496 497 5240
497 498 5240
498 499 5240
499 500 5240
500 501 5240
501 502 5240
502 503 5240
503 504 5240
504 505 5240
505 506 5240
506 507 5240
507 508 5240
508 509 5240
509 510 5240
510 511 5240
511 512 5240
512 513 5240
513 514 5240
514 515 5240
515 516 5240
516 517 5240
517 518 5240
518 519 5240
519 520 5240
520 521 5240
521 522 5240
522 523 5240
104 474 5240
220 393 5240
222 375 5240
113 334 5240
196 349 5240
62 433 5240
107 398 5240
253 442 5240
54 227 5240
133 302 5240
225 237 5240
192 416 5240
68 370 5240
197 205 5240
86 252 5240
252 463 5240
60 140 5240
84 481 5240
161 362 5240
27 174 5240
174 495 5240
199 520 5240
233 248 5240
17 105 5240
48 404 5240
155 432 5240
30 460 5240
51 74 5240
32 230 5240
216 248 5240
154 321 5240
48 175 5240
207 387 5240
74 335 5240
73 110 5240
43 272 5240
115 397 5240
238 417 5240
17 314 5240
167 502 5240
198 306 5240
117 157 5240
41 318 5240
165 281 5240
135 268 5240
90 196 5240
246 475 5240
168 441 5240
194 269 5240
34 378 5240
68 293 5240
25 349 5240
39 423 5240
163 429 5240
10 133 5240
121 175 5240
246 360 5240
96 380 5240
204 502 5240
152 366 5240
134 400 5240
109 112 5240
8 155 5240
20 263 5240
91 340 5240
59 260 5240
249 255 5240
18 395 5240
255 439 5240
246 259 5240
238 315 5240
83 440 5240
161 308 5240
202 480 5240
93 355 5240
165 424 5240
219 381 5240
202 456 5240
1 350 5240
105 380 5240
130 370 5240
94 145 5240
152 486 5240
218 345 5240
118 497 5240
229 377 5240
165 405 5240
251 305 5240
40 83 5240
153 460 5240
216 401 5240
107 347 5240
53 372 5240
164 421 5240
240 320 5240
119 369 5240
211 298 5240
170 211 5240
261 409 5240
250 519 5240
235 273 5240
205 460 5240
235 463 5240
46 206 5240
137 387 5240
232 265 5240
214 265 5240
161 521 5240
66 335 5240
225 278 5240
227 452 5240
99 151 5240
194 213 5240
80 140 5240
2 316 5240
231 356 5240
118 185 5240
97 459 5240
75 320 5240
169 220 5240
29 316 5240
241 346 5240
43 341 5240
77 285 5240
32 189 5240
10 158 5240
18 340 5240
126 141 5240
205 448 5240
56 157 5240
103 327 5240
182 317 5240
219 366 5240
120 153 5240
245 424 5240
197 296 5240
116 469 5240
45 509 5240
66 232 5240
138 289 5240
161 272 5240
191 327 5240
60 436 5240
41 68 5240
152 523 5240
116 366 5240
131 309 5240
10 494 5240
166 282 5240
100 347 5240
192 402 5240
225 357 5240
34 456 5240
64 409 5240
78 464 5240
95 504 5240
18 111 5240
112 462 5240
83 148 5240
113 489 5240
186 382 5240
166 288 5240
167 457 5240
215 388 5240
3 184 5240
232 346 5240
90 375 5240
214 415 5240
210 414 5240
125 197 5240
202 283 5240
238 461 5240
56 411 5240
111 221 5240
4 277 5240
221 435 5240
107 137 5240
139 521 5240
25 374 5240
82 327 5240
244 429 5240
235 403 5240
151 507 5240
11 253 5240
243 399 5240
143 464 5240
71 78 5240
151 444 5240
127 419 5240
239 515 5240
171 297 5240
140 326 5240
27 449 5240
183 432 5240
191 517 5240
64 286 5240
27 400 5240
97 498 5240
132 251 5240
148 512 5240
92 151 5240
239 287 5240
230 292 5240
255 305 5240
89 111 5240
6 194 5240
118 356 5240
215 450 5240
252 446 5240
117 455 5240
220 405 5240
103 165 5240
148 367 5240
210 395 5240
245 518 5240
80 494 5240
26 70 5240
130 212 5240
142 241 5240
121 358 5240
262 285 5240
151 508 5240
38 162 5240
24 511 5240
41 271 5240
159 302 5240
211 220 5240
145 436 5240
188 367 5240
90 348 5240
244 266 5240
178 329 5240
158 336 5240
87 513 5240
168 412 5240
123 209 5240
99 417 5240
131 200 5240
25 136 5240
143 469 5240
203 498 5240
71 210 5240
153 161 5240
164 254 5240
209 345 5240
111 310 5240
219 391 5240
132 436 5240
249 261 5240
98 500 5240
212 484 5240
138 511 5240
206 271 5240
149 276 5240
83 452 5240
32 38 5240
180 288 5240
222 343 5240
45 367 5240
4 38 5240
88 388 5240
91 239 5240
211 346 5240
3 366 5240
115 276 5240
174 197 5240
224 325 5240
210 309 5240
90 227 5240
166 520 5240
50 508 5240
189 463 5240
27 470 5240
3 141 5240
82 475 5240
156 225 5240
117 303 5240
180 393 5240
201 252 5240
139 391 5240
58 169 5240
29 522 5240
9 113 5240
86 250 5240
34 348 5240
62 426 5240
97 238 5240
54 411 5240
238 372 5240
107 317 5240
209 478 5240
188 293 5240
84 334 5240
102 258 5240
30 114 5240
100 332 5240
41 314 5240
262 464 5240
188 325 5240
145 495 5240
123 492 5240
89 370 5240
119 276 5240
185 492 5240
7 361 5240
148 282 5240
199 219 5240
167 317 5240
135 380 5240
196 507 5240
165 182 5240
191 516 5240
44 518 5240
164 514 5240
187 267 5240
33 480 5240
186 492 5240
204 382 5240
218 487 5240
202 246 5240
194 452 5240
162 341 5240
62 150 5240
112 332 5240
102 166 5240
186 237 5240
150 384 5240
127 523 5240
232 322 5240
134 362 5240
219 504 5240
121 338 5240
249 498 5240
192 318 5240
149 441 5240
140 332 5240
183 294 5240
184 221 5240
57 79 5240
134 468 5240
137 394 5240
186 225 5240
20 443 5240
172 341 5240
38 137 5240
228 391 5240
17 327 5240
55 266 5240
93 127 5240
21 443 5240
176 430 5240
232 276 5240
207 295 5240
162 310 5240
20 371 5240
113 360 5240
233 268 5240
13 358 5240
255 355 5240
151 399 5240
1 141 5240
185 270 5240
56 305 5240
98 167 5240
159 272 5240
55 419 5240
72 271 5240
247 441 5240
29 387 5240
5 456 5240
70 410 5240
1 182 5240
69 427 5240
153 366 5240
253 440 5240
84 170 5240
122 303 5240
163 267 5240
192 306 5240
13 369 5240
113 484 5240
9 238 5240
108 334 5240
120 464 5240
239 298 5240
61 93 5240
156 378 5240
46 57 5240
31 494 5240
108 230 5240
36 327 5240
247 328 5240
204 490 5240
236 373 5240
103 491 5240
96 409 5240
207 319 5240
126 208 5240
86 463 5240
108 266 5240
82 481 5240
180 295 5240
223 413 5240
38 108 5240
87 320 5240
50 72 5240
132 420 5240
80 482 5240
213 322 5240
56 347 5240
107 116 5240
244 305 5240
47 402 5240
251 344 5240
221 322 5240
40 133 5240
80 200 5240
178 323 5240
214 458 5240
250 272 5240
135 345 5240
10 140 5240
257 475 5240
254 460 5240
196 276 5240
54 219 5240
5 497 5240
207 299 5240
232 384 5240
114 347 5240
16 162 5240
243 250 5240
128 495 5240
190 348 5240
9 142 5240
135 311 5240
128 144 5240
108 206 5240
204 251 5240
86 248 5240
80 311 5240
18 36 5240
29 496 5240
65 334 5240
238 519 5240
158 323 5240
178 398 5240
200 473 5240
10 361 5240
191 514 5240
254 417 5240
22 361 5240
107 429 5240
130 403 5240
213 286 5240
142 259 5240
204 242 5240
123 431 5240
200 511 5240
194 271 5240
184 377 5240
210 297 5240
128 208 5240
205 448 5240
131 520 5240
70 249 5240
145 378 5240
54 479 5240
136 367 5240
138 474 5240
163 242 5240
121 403 5240
45 261 5240
12 239 5240
120 517 5240
257 372 5240
116 481 5240
13 87 5240
173 185 5240
177 266 5240
173 286 5240
14 438 5240
239 379 5240
256 391 5240
82 98 5240
162 244 5240
2 341 5240
243 371 5240
72 138 5240
227 339 5240
16 76 5240
134 424 5240
79 326 5240
26 336 5240
62 156 5240
89 261 5240
93 242 5240
204 447 5240
138 226 5240
29 130 5240
39 419 5240
26 51 5240
145 303 5240
32 92 5240
49 95 5240
69 284 5240
193 244 5240
196 253 5240
6 254 5240
219 273 5240
87 437 5240
62 91 5240
242 389 5240
176 280 5240
93 358 5240
155 358 5240
196 518 5240
48 187 5240
