0 1 5280
1 2 5280
2 3 5280
3 4 5280
4 5 5280
5 6 5280
6 7 5280
7 8 5280
8 9 5280
9 10 5280
10 11 5280
11 12 5280
12 13 5280
13 14 5280
14 15 5280
15 16 5280
16 17 5280
17 18 5280
18 19 5280
19 20 5280
20 21 5280
21 22 5280
22 23 5280
23 24 5280
24 25 5280
25 26 5280
26 27 5280
27 28 5280
28 29 5280
29 30 5280
30 31 5280
31 32 5280
32 33 5280
33 34 5280
34 35 5280
35 36 5280
36 37 5280
37 38 5280
38 39 5280
39 40 5280
40 41 5280
41 42 5280
42 43 5280
43 44 5280
44 45 5280
45 46 5280
46 47 5280
47 48 5280
48 49 5280
49 50 5280
50 51 5280
51 52 5280
52 53 5280
53 54 5280
54 55 5280
55 56 5280
56 57 5280
57 58 5280
58 59 5280
59 60 5280
60 61 5280
61 62 5280
62 63 5280
63 64 5280
64 65 5280
65 66 5280
66 67 5280
67 68 5280
68 69 5280
69 70 5280
70 71 5280
71 72 5280
72 73 5280
73 74 5280
74 75 5280
75 76 5280
76 77 5280
77 78 5280
78 79 5280
79 80 5280
80 81 5280
81 82 5280
82 83 5280
83 84 5280
84 85 5280
85 86 5280
86 87 5280
87 88 5280
88 89 5280
89 90 5280
90 91 5280
91 92 5280
92 93 5280
93 94 5280
94 95 5280
95 96 5280
96 97 5280
97 98 5280
98 99 5280
99 100 5280
100 101 5280
101 102 5280
102 103 5280
103 104 5280
104 105 5280
105 106 5280
106 107 5280
107 108 5280
108 109 5280
109 110 5280
110 111 5280
111 112 5280
112 113 5280
113 114 5280
114 115 5280
115 116 5280
116 117 5280
117 118 5280
118 119 5280
119 120 5280
120 121 5280
121 122 5280
122 123 5280
123 124 5280
124 125 5280
125 126 5280
126 127 5280
127 128 5280
128 129 5280
129 130 5280
130 131 5280
131 132 5280
132 133 5280
133 134 5280
134 135 5280
135 136 5280
136 137 5280
137 138 5280
138 139 5280
139 140 5280
140 141 5280
141 142 5280
142 143 5280
143 144 5280
144 145 5280
145 146 5280
146 147 5280
147 148 5280
148 149 5280
149 150 5280
150 151 5280
151 152 5280
152 153 5280
153 154 5280
154 155 5280
155 156 5280
156 157 5280
157 158 5280
158 159 5280
159 160 5280
160 161 5280
161 162 5280
162 163 5280
163 164 5280
164 165 5280
165 166 5280
166 167 5280
167 168 5280
168 169 5280
169 170 5280
170 171 5280
171 172 5280
172 173 5280
173 174 5280
174 175 5280
175 176 5280
176 177 5280
177 178 5280
178 179 5280
179 180 5280
180 181 5280
181 182 5280
182 183 5280
183 184 5280
184 185 5280
185 186 5280
186 187 5280
187 188 5280
188 189 5280
189 190 5280
190 191 5280
191 192 5280
192 193 5280
193 194 5280
194 195 5280
195 196 5280
196 197 5280
197 198 5280
198 199 5280
199 200 5280
200 201 5280
201 202 5280
202 203 5280
203 204 5280
204 205 5280
205 206 5280
206 207 5280
207 208 5280
208 209 5280
209 210 5280
210 211 5280
211 212 5280
212 213 5280
213 214 5280
214 215 5280
215 216 5280
216 217 5280
217 218 5280
218 219 5280
219 220 5280
220 221 5280
221 222 5280
222 223 5280
223 224 5280
224 225 5280
225 226 5280
226 227 5280
227 228 5280
228 229 5280
229 230 5280
230 231 5280
231 232 5280
232 233 5280
233 234 5280
234 235 5280
235 236 5280
236 237 5280
237 238 5280
238 239 5280
239 240 5280
240 241 5280
241 242 5280
242 243 5280
243 244 5280
244 245 5280
245 246 5280
246 247 5280
247 248 5280
248 249 5280
249 250 5280
250 251 5280
251 252 5280
252 253 5280
253 254 5280
254 255 5280
255 256 5280
256 257 5280
257 258 5280
258 259 5280
259 260 5280
260 261 5280
261 262 5280
262 263 5280
263 264 5280
264 265 5280
265 266 5280
266 267 5280
267 268 5280
268 269 5280
269 270 5280
270 271 5280
271 272 5280
272 273 5280
273 274 5280
274 275 5280
275 276 5280
276 277 5280
277 278 5280
278 279 5280
279 280 5280
280 281 5280
281 282 5280
282 283 5280
283 284 5280
284 285 5280
285 286 5280
286 287 5280
287 288 5280
288 289 5280
289 290 5280
290 291 5280
291 292 5280
292 293 5280
293 294 5280
294 295 5280
295 296 5280
296 297 5280
297 298 5280
298 299 5280
299 300 5280
300 301 5280
301 302 5280
302 303 5280
303 304 5280
304 305 5280
305 306 5280
306 307 5280
307 308 5280
308 309 5280
309 310 5280
310 311 5280
311 312 5280
312 313 5280
313 314 5280
314 315 5280
315 316 5280
316 317 5280
317 318 5280
318 319 5280
319 320 5280
320 321 5280
321 322 5280
322 323 5280
323 324 5280
324 325 5280
325 326 5280
326 327 5280
327 328 5280
328 329 5280
329 330 5280
330 331 5280
331 332 5280
332 333 5280
333 334 5280
334 335 5280
335 336 5280
336 337 5280
337 338 5280
338 339 5280
339 340 5280
340 341 5280
341 342 5280
342 343 5280
343 344 5280
344 345 5280
345 346 5280
346 347 5280
347 348 5280
348 349 5280
349 350 5280
350 351 5280
351 352 5280
352 353 5280
353 354 5280
354 355 5280
355 356 5280
356 357 5280
357 358 5280
358 359 5280
359 360 5280
360 361 5280
361 362 5280
362 363 5280
363 364 5280
364 365 5280
365 366 5280
366 367 5280
367 368 5280
368 369 5280
369 370 5280
370 371 5280
371 372 5280
372 373 5280
373 374 5280
374 375 5280
375 376 5280
376 377 5280
377 378 5280
378 379 5280
379 380 5280
380 381 5280
381 382 5280
382 383 5280
383 384 5280
384 385 5280
385 386 5280
386 387 5280
387 388 5280
388 389 5280
389 390 5280
390 391 5280
391 392 5280
392 393 5280
393 394 5280
394 395 5280
395 396 5280
396 397 5280
397 398 5280
398 399 5280
399 400 5280
400 401 5280
401 402 5280
402 403 5280
403 404 5280
404 405 5280
405 406 5280
406 407 5280
407 408 5280
408 409 5280
409 410 5280
410 411 5280
411 412 5280
412 413 5280
413 414 5280
414 415 5280
415 416 5280
416 417 5280
417 418 5280
418 419 5280
419 420 5280
420 421 5280
421 422 5280
422 423 5280
423 424 5280
424 425 5280
425 426 5280
426 427 5280
427 428 5280
428 429 5280
429 430 5280
430 431 5280
431 432 5280
432 433 5280
433 434 5280
434 435 5280
435 436 5280
436 437 5280
437 438 5280
438 439 5280
439 440 5280
440 441 5280
441 442 5280
442 443 5280
443 444 5280
444 445 5280
445 446 5280
446 447 5280
447 448 5280
448 449 5280
449 450 5280
450 451 5280
451 452 5280
452 453 5280
453 454 5280
454 455 5280
455 456 5280
456 457 5280
457 458 5280
458 459 5280
459 460 5280
460 461 5280
461 462 5280
462 463 5280
463 464 5280
464 465 5280
465 466 5280
466 467 5280
467 468 5280
468 469 5280
469 470 5280
470 471 5280
471 472 5280
472 473 5280
473 474 5280
474 475 5280
475 476 5280
476 477 5280
477 478 5280
478 479 5280
479 480 5280
480 481 5280
481 482 5280
482 483 5280
483 484 5280
484 485 5280
485 486 5280
486 487 5280
487 488 5280
488 489 5280
489 490 5280
490 491 5280
491 492 5280
492 493 5280
493 494 5280
494 495 5280
495 496 5280
496 497 5280
497 498 5280
498 499 5280
499 500 5280
500 501 5280
501 502 5280
502 503 5280
503 504 5280
504 505 5280
505 506 5280
506 507 5280
507 508 5280
508 509 5280
509 510 5280
510 511 5280
511 512 5280
512 513 5280
513 514 5280
514 515 5280
515 516 5280
516 517 5280
517 518 5280
518 519 5280
519 520 5280
520 521 5280
521 522 5280
522 523 5280
523 524 5280
524 525 5280
525 526 5280
526 527 5280
132 416 5280
5 135 5280
25 521 5280
227 332 5280
12 247 5280
113 469 5280
246 479 5280
83 259 5280
100 203 5280
133 253 5280
171 214 5280
42 255 5280
260 406 5280
49 317 5280
163 516 5280
234 403 5280
208 367 5280
73 216 5280
64 437 5280
119 143 5280
153 187 5280
172 484 5280
10 171 5280
105 160 5280
7 382 5280
119 291 5280
150 254 5280
206 336 5280
187 263 5280
142 504 5280
170 393 5280
207 302 5280
256 474 5280
139 162 5280
22 391 5280
30 523 5280
264 474 5280
129 398 5280
126 174 5280
136 513 5280
89 448 5280
97 157 5280
46 164 5280
97 413 5280
192 307 5280
178 328 5280
121 465 5280
92 106 5280
245 334 5280
77 188 5280
114 296 5280
260 475 5280
96 349 5280
55 375 5280
219 373 5280
199 523 5280
151 353 5280
222 510 5280
172 338 5280
30 354 5280
249 461 5280
101 509 5280
243 389 5280
170 270 5280
204 471 5280
57 282 5280
160 328 5280
182 417 5280
236 465 5280
240 384 5280
99 523 5280
238 446 5280
236 428 5280
222 321 5280
88 501 5280
237 465 5280
214 355 5280
256 406 5280
235 282 5280
30 246 5280
89 318 5280
164 364 5280
162 462 5280
4 481 5280
226 236 5280
58 279 5280
77 195 5280
166 330 5280
117 319 5280
51 517 5280
165 410 5280
41 366 5280
216 418 5280
229 484 5280
136 207 5280
33 486 5280
32 197 5280
247 274 5280
141 168 5280
22 370 5280
130 277 5280
190 344 5280
153 186 5280
84 408 5280
179 433 5280
160 193 5280
218 462 5280
192 446 5280
204 285 5280
135 418 5280
178 367 5280
125 507 5280
260 328 5280
103 288 5280
167 327 5280
136 259 5280
247 310 5280
88 371 5280
135 405 5280
187 334 5280
17 339 5280
88 191 5280
182 349 5280
77 232 5280
92 458 5280
151 314 5280
49 205 5280
112 241 5280
243 478 5280
238 343 5280
77 412 5280
118 433 5280
49 470 5280
232 249 5280
260 385 5280
84 346 5280
111 289 5280
264 295 5280
84 409 5280
82 511 5280
145 201 5280
138 522 5280
244 453 5280
62 89 5280
151 257 5280
150 208 5280
7 284 5280
154 462 5280
155 197 5280
11 30 5280
21 44 5280
164 351 5280
53 237 5280
217 225 5280
237 341 5280
73 277 5280
255 468 5280
241 354 5280
19 237 5280
248 522 5280
88 132 5280
82 223 5280
59 483 5280
60 252 5280
52 218 5280
223 419 5280
152 424 5280
234 358 5280
157 378 5280
107 352 5280
183 331 5280
42 414 5280
189 428 5280
37 403 5280
76 345 5280
31 496 5280
186 457 5280
255 284 5280
55 142 5280
227 352 5280
95 346 5280
106 467 5280
194 403 5280
193 330 5280
210 460 5280
135 320 5280
7 375 5280
2 4 5280
226 525 5280
239 271 5280
119 122 5280
234 516 5280
231 374 5280
126 452 5280
110 349 5280
114 284 5280
51 294 5280
214 506 5280
219 471 5280
192 230 5280
68 360 5280
214 328 5280
142 250 5280
240 266 5280
3 134 5280
24 240 5280
136 202 5280
68 181 5280
10 112 5280
53 347 5280
123 514 5280
237 314 5280
152 340 5280
94 300 5280
52 139 5280
32 274 5280
81 196 5280
100 252 5280
59 188 5280
210 402 5280
215 446 5280
196 418 5280
230 410 5280
192 232 5280
137 213 5280
92 243 5280
79 471 5280
149 279 5280
128 130 5280
130 290 5280
253 291 5280
121 330 5280
204 471 5280
129 292 5280
171 487 5280
155 387 5280
90 252 5280
170 417 5280
83 433 5280
33 462 5280
60 259 5280
13 102 5280
212 433 5280
41 54 5280
192 248 5280
1 333 5280
95 343 5280
93 238 5280
2 513 5280
99 419 5280
43 506 5280
13 66 5280
103 464 5280
74 271 5280
187 366 5280
167 270 5280
80 300 5280
71 392 5280
78 344 5280
9 376 5280
212 241 5280
126 293 5280
235 397 5280
113 370 5280
91 419 5280
123 392 5280
70 302 5280
178 188 5280
135 173 5280
132 336 5280
17 236 5280
31 344 5280
209 458 5280
192 289 5280
189 338 5280
146 516 5280
15 26 5280
44 294 5280
87 442 5280
38 343 5280
20 367 5280
42 263 5280
10 446 5280
47 87 5280
48 523 5280
109 346 5280
84 264 5280
131 330 5280
264 403 5280
23 94 5280
18 485 5280
105 191 5280
20 396 5280
50 330 5280
53 289 5280
250 299 5280
166 527 5280
252 451 5280
77 287 5280
36 262 5280
237 420 5280
28 421 5280
94 227 5280
78 355 5280
144 148 5280
67 113 5280
237 398 5280
262 414 5280
90 309 5280
48 290 5280
73 179 5280
71 82 5280
116 396 5280
0 177 5280
50 125 5280
35 259 5280
214 461 5280
41 104 5280
200 290 5280
156 307 5280
218 492 5280
260 467 5280
264 274 5280
152 375 5280
149 274 5280
185 233 5280
19 43 5280
190 449 5280
184 187 5280
26 458 5280
85 334 5280
62 99 5280
93 308 5280
218 467 5280
264 343 5280
3 329 5280
23 258 5280
222 451 5280
261 448 5280
126 208 5280
50 255 5280
180 250 5280
231 414 5280
79 165 5280
74 156 5280
162 185 5280
89 345 5280
41 178 5280
23 80 5280
51 273 5280
264 360 5280
169 321 5280
3 466 5280
18 354 5280
113 230 5280
85 201 5280
149 426 5280
251 450 5280
218 463 5280
212 524 5280
17 86 5280
33 118 5280
11 80 5280
34 96 5280
149 387 5280
112 299 5280
45 368 5280
262 335 5280
260 318 5280
264 497 5280
40 251 5280
187 491 5280
181 250 5280
156 313 5280
116 132 5280
132 316 5280
249 465 5280
42 243 5280
70 460 5280
57 439 5280
25 179 5280
171 311 5280
100 458 5280
102 421 5280
218 482 5280
230 494 5280
146 294 5280
12 59 5280
94 504 5280
234 389 5280
93 511 5280
36 160 5280
259 488 5280
103 359 5280
240 440 5280
221 380 5280
103 105 5280
137 231 5280
33 463 5280
140 162 5280
153 503 5280
141 285 5280
125 210 5280
17 113 5280
142 426 5280
91 385 5280
135 177 5280
5 373 5280
5 527 5280
183 296 5280
161 451 5280
131 486 5280
253 399 5280
242 509 5280
20 183 5280
77 275 5280
197 329 5280
78 144 5280
227 452 5280
212 354 5280
115 391 5280
162 215 5280
65 323 5280
179 226 5280
38 253 5280
146 216 5280
150 238 5280
167 346 5280
50 205 5280
78 509 5280
26 456 5280
148 382 5280
7 255 5280
48 82 5280
198 397 5280
207 317 5280
255 443 5280
134 408 5280
186 502 5280
185 455 5280
104 264 5280
241 457 5280
228 408 5280
7 334 5280
51 258 5280
178 308 5280
163 188 5280
193 435 5280
177 238 5280
57 200 5280
141 206 5280
134 427 5280
3 161 5280
104 429 5280
180 217 5280
184 498 5280
142 158 5280
178 353 5280
116 507 5280
85 223 5280
91 347 5280
134 346 5280
140 395 5280
62 436 5280
182 457 5280
195 489 5280
63 94 5280
49 61 5280
225 336 5280
45 355 5280
240 400 5280
60 114 5280
135 181 5280
127 299 5280
229 408 5280
221 467 5280
111 302 5280
143 274 5280
88 419 5280
159 175 5280
137 155 5280
168 185 5280
73 497 5280
85 502 5280
13 260 5280
79 291 5280
133 343 5280
189 309 5280
169 339 5280
71 273 5280
141 265 5280
2 44 5280
201 467 5280
138 232 5280
103 358 5280
63 162 5280
118 128 5280
31 81 5280
17 207 5280
60 443 5280
51 272 5280
7 298 5280
109 361 5280
135 430 5280
188 383 5280
35 126 5280
136 410 5280
206 271 5280
115 516 5280
182 236 5280
196 251 5280
125 421 5280
116 240 5280
203 334 5280
30 102 5280
98 271 5280
234 459 5280
112 383 5280
236 409 5280
244 482 5280
242 390 5280
199 332 5280
188 378 5280
59 497 5280
181 230 5280
109 527 5280
221 286 5280
