0 1 520
1 2 520
2 3 520
3 4 520
4 5 520
5 6 520
6 7 520
7 8 520
8 9 520
9 10 520
10 11 520
11 12 520
12 13 520
13 14 520
14 15 520
15 16 520
16 17 520
17 18 520
18 19 520
19 20 520
20 21 520
21 22 520
22 23 520
23 24 520
24 25 520
25 26 520
26 27 520
27 28 520
28 29 520
29 30 520
30 31 520
31 32 520
32 33 520
33 34 520
34 35 520
35 36 520
36 37 520
37 38 520
38 39 520
39 40 520
40 41 520
41 42 520
42 43 520
43 44 520
44 45 520
45 46 520
46 47 520
47 48 520
48 49 520
49 50 520
50 51 520
23 49 520
19 35 520
2 16 520
22 50 520
16 34 520
15 30 520
20 37 520
18 30 520
6 8 520
15 41 520
21 37 520
5 24 520
6 33 520
26 40 520
9 39 520
7 22 520
3 36 520
26 43 520
18 28 520
26 47 520
17 34 520
26 48 520
24 30 520
15 50 520
19 33 520
15 35 520
25 46 520
25 42 520
23 44 520
19 47 520
18 34 520
25 44 520
0 51 520
13 28 520
2 19 520
5 11 520
2 17 520
25 36 520
20 44 520
10 22 520
15 39 520
16 44 520
13 50 520
23 50 520
9 40 520
2 18 520
8 29 520
22 28 520
