0 1 5320
1 2 5320
2 3 5320
3 4 5320
4 5 5320
5 6 5320
6 7 5320
7 8 5320
8 9 5320
9 10 5320
10 11 5320
11 12 5320
12 13 5320
13 14 5320
14 15 5320
15 16 5320
16 17 5320
17 18 5320
18 19 5320
19 20 5320
20 21 5320
21 22 5320
22 23 5320
23 24 5320
24 25 5320
25 26 5320
26 27 5320
27 28 5320
28 29 5320
29 30 5320
30 31 5320
31 32 5320
32 33 5320
33 34 5320
34 35 5320
35 36 5320
36 37 5320
37 38 5320
38 39 5320
39 40 5320
40 41 5320
41 42 5320
42 43 5320
43 44 5320
44 45 5320
45 46 5320
46 47 5320
47 48 5320
48 49 5320
49 50 5320
50 51 5320
51 52 5320
52 53 5320
53 54 5320
54 55 5320
55 56 5320
56 57 5320
57 58 5320
58 59 5320
59 60 5320
60 61 5320
61 62 5320
62 63 5320
63 64 5320
64 65 5320
65 66 5320
66 67 5320
67 68 5320
68 69 5320
69 70 5320
70 71 5320
71 72 5320
72 73 5320
73 74 5320
74 75 5320
75 76 5320
76 77 5320
77 78 5320
78 79 5320
79 80 5320
80 81 5320
81 82 5320
82 83 5320
83 84 5320
84 85 5320
85 86 5320
86 87 5320
87 88 5320
88 89 5320
89 90 5320
90 91 5320
91 92 5320
92 93 5320
93 94 5320
94 95 5320
95 96 5320
96 97 5320
97 98 5320
98 99 5320
99 100 5320
100 101 5320
101 102 5320
102 103 5320
103 104 5320
104 105 5320
105 106 5320
106 107 5320
107 108 5320
108 109 5320
109 110 5320
110 111 5320
111 112 5320
112 113 5320
113 114 5320
114 115 5320
115 116 5320
116 117 5320
117 118 5320
118 119 5320
119 120 5320
120 121 5320
121 122 5320
122 123 5320
123 124 5320
124 125 5320
125 126 5320
126 127 5320
127 128 5320
128 129 5320
129 130 5320
130 131 5320
131 132 5320
132 133 5320
133 134 5320
134 135 5320
135 136 5320
136 137 5320
137 138 5320
138 139 5320
139 140 5320
140 141 5320
141 142 5320
142 143 5320
143 144 5320
144 145 5320
145 146 5320
146 147 5320
147 148 5320
148 149 5320
149 150 5320
150 151 5320
151 152 5320
152 153 5320
153 154 5320
154 155 5320
155 156 5320
156 157 5320
157 158 5320
158 159 5320
159 160 5320
160 161 5320
161 162 5320
162 163 5320
163 164 5320
164 165 5320
165 166 5320
166 167 5320
167 168 5320
168 169 5320
169 170 5320
170 171 5320
171 172 5320
172 173 5320
173 174 5320
174 175 5320
175 176 5320
176 177 5320
177 178 5320
178 179 5320
179 180 5320
180 181 5320
181 182 5320
182 183 5320
183 184 5320
184 185 5320
185 186 5320
186 187 5320
187 188 5320
188 189 5320
189 190 5320
190 191 5320
191 192 5320
192 193 5320
193 194 5320
194 195 5320
195 196 5320
196 197 5320
197 198 5320
198 199 5320
199 200 5320
200 201 5320
201 202 5320
202 203 5320
203 204 5320
204 205 5320
205 206 5320
206 207 5320
207 208 5320
208 209 5320
209 210 5320
210 211 5320
211 212 5320
212 213 5320
213 214 5320
214 215 5320
215 216 5320
216 217 5320
217 218 5320
218 219 5320
219 220 5320
220 221 5320
221 222 5320
222 223 5320
223 224 5320
224 225 5320
225 226 5320
226 227 5320
227 228 5320
228 229 5320
229 230 5320
230 231 5320
231 232 5320
232 233 5320
233 234 5320
234 235 5320
235 236 5320
236 237 5320
237 238 5320
238 239 5320
239 240 5320
240 241 5320
241 242 5320
242 243 5320
243 244 5320
244 245 5320
245 246 5320
246 247 5320
247 248 5320
248 249 5320
249 250 5320
250 251 5320
251 252 5320
252 253 5320
253 254 5320
254 255 5320
255 256 5320
256 257 5320
257 258 5320
258 259 5320
259 260 5320
260 261 5320
261 262 5320
262 263 5320
263 264 5320
264 265 5320
265 266 5320
266 267 5320
267 268 5320
268 269 5320
269 270 5320
270 271 5320
271 272 5320
272 273 5320
273 274 5320
274 275 5320
275 276 5320
276 277 5320
277 278 5320
278 279 5320
279 280 5320
280 281 5320
281 282 5320
282 283 5320
283 284 5320
284 285 5320
285 286 5320
286 287 5320
287 288 5320
288 289 5320
289 290 5320
290 291 5320
291 292 5320
292 293 5320
293 294 5320
294 295 5320
295 296 5320
296 297 5320
297 298 5320
298 299 5320
299 300 5320
300 301 5320
301 302 5320
302 303 5320
303 304 5320
304 305 5320
305 306 5320
306 307 5320
307 308 5320
308 309 5320
309 310 5320
310 311 5320
311 312 5320
312 313 5320
313 314 5320
314 315 5320
315 316 5320
316 317 5320
317 318 5320
318 319 5320
319 320 5320
320 321 5320
321 322 5320
322 323 5320
323 324 5320
324 325 5320
325 326 5320
326 327 5320
327 328 5320
328 329 5320
329 330 5320
330 331 5320
331 332 5320
332 333 5320
333 334 5320
334 335 5320
335 336 5320
336 337 5320
337 338 5320
338 339 5320
339 340 5320
340 341 5320
341 342 5320
342 343 5320
343 344 5320
344 345 5320
345 346 5320
346 347 5320
347 348 5320
348 349 5320
349 350 5320
350 351 5320
351 352 5320
352 353 5320
353 354 5320
354 355 5320
355 356 5320
356 357 5320
357 358 5320
358 359 5320
359 360 5320
360 361 5320
361 362 5320
362 363 5320
363 364 5320
364 365 5320
365 366 5320
366 367 5320
367 368 5320
368 369 5320
369 370 5320
370 371 5320
371 372 5320
372 373 5320
373 374 5320
374 375 5320
375 376 5320
376 377 5320
377 378 5320
378 379 5320
379 380 5320
380 381 5320
381 382 5320
382 383 5320
383 384 5320
384 385 5320
385 386 5320
386 387 5320
387 388 5320
388 389 5320
389 390 5320
390 391 5320
391 392 5320
392 393 5320
393 394 5320
394 395 5320
395 396 5320
396 397 5320
397 398 5320
398 399 5320
399 400 5320
400 401 5320
401 402 5320
402 403 5320
403 404 5320
404 405 5320
405 406 5320
406 407 5320
407 408 5320
408 409 5320
409 410 5320
410 411 5320
411 412 5320
412 413 5320
413 414 5320
414 415 5320
415 416 5320
416 417 5320
417 418 5320
418 419 5320
419 420 5320
420 421 5320
421 422 5320
422 423 5320
423 424 5320
424 425 5320
425 426 5320
426 427 5320
427 428 5320
428 429 5320
429 430 5320
430 431 5320
431 432 5320
432 433 5320
433 434 5320
434 435 5320
435 436 5320
436 437 5320
437 438 5320
438 439 5320
439 440 5320
440 441 5320
441 442 5320
442 443 5320
443 444 5320
444 445 5320
445 446 5320
446 447 5320
447 448 5320
448 449 5320
449 450 5320
450 451 5320
451 452 5320
452 453 5320
453 454 5320
454 455 5320
455 456 5320
456 457 5320
457 458 5320
458 459 5320
459 460 5320
460 461 5320
461 462 5320
462 463 5320
463 464 5320
464 465 5320
465 466 5320
466 467 5320
467 468 5320
468 469 5320
469 470 5320
470 471 5320
471 472 5320
472 473 5320
473 474 5320
474 475 5320
475 476 5320
476 477 5320
477 478 5320
478 479 5320
479 480 5320
480 481 5320
481 482 5320
482 483 5320
483 484 5320
484 485 5320
485 486 5320
486 487 5320
487 488 5320
488 489 5320
489 490 5320
490 491 5320
491 492 5320
492 493 5320
493 494 5320
494 495 5320
495 496 5320
496 497 5320
497 498 5320
498 499 5320
499 500 5320
500 501 5320
501 502 5320
502 503 5320
503 504 5320
504 505 5320
505 506 5320
506 507 5320
507 508 5320
508 509 5320
509 510 5320
510 511 5320
511 512 5320
512 513 5320
513 514 5320
514 515 5320
515 516 5320
516 517 5320
517 518 5320
518 519 5320
519 520 5320
520 521 5320
521 522 5320
522 523 5320
523 524 5320
524 525 5320
525 526 5320
526 527 5320
527 528 5320
528 529 5320
529 530 5320
530 531 5320
166 247 5320
187 387 5320
233 293 5320
235 243 5320
3 395 5320
213 267 5320
136 217 5320
90 179 5320
252 505 5320
0 70 5320
213 480 5320
212 332 5320
15 410 5320
32 164 5320
104 135 5320
178 463 5320
32 244 5320
17 34 5320
3 47 5320
154 285 5320
55 374 5320
144 441 5320
65 161 5320
80 490 5320
227 253 5320
85 267 5320
24 184 5320
259 409 5320
79 308 5320
132 512 5320
162 180 5320
75 164 5320
251 267 5320
68 103 5320
58 527 5320
215 364 5320
137 433 5320
67 314 5320
223 456 5320
3 249 5320
63 427 5320
73 388 5320
194 489 5320
26 157 5320
78 84 5320
123 421 5320
222 430 5320
122 294 5320
115 282 5320
89 312 5320
126 171 5320
56 447 5320
127 255 5320
213 412 5320
25 116 5320
148 489 5320
80 494 5320
108 158 5320
135 371 5320
121 227 5320
241 446 5320
263 427 5320
115 229 5320
174 338 5320
14 528 5320
190 437 5320
11 395 5320
116 398 5320
32 126 5320
44 269 5320
266 370 5320
227 389 5320
25 33 5320
227 406 5320
110 299 5320
167 307 5320
208 354 5320
12 294 5320
177 364 5320
236 324 5320
74 186 5320
8 220 5320
200 388 5320
153 194 5320
73 205 5320
247 395 5320
88 414 5320
137 434 5320
125 431 5320
12 341 5320
109 373 5320
2 96 5320
173 256 5320
139 143 5320
140 424 5320
18 490 5320
49 195 5320
161 509 5320
8 22 5320
47 191 5320
49 103 5320
217 490 5320
166 330 5320
44 222 5320
161 349 5320
183 523 5320
24 74 5320
87 486 5320
173 500 5320
108 437 5320
221 229 5320
232 518 5320
210 279 5320
171 355 5320
132 482 5320
173 414 5320
183 396 5320
173 514 5320
114 191 5320
38 242 5320
32 44 5320
122 404 5320
48 146 5320
253 279 5320
192 216 5320
203 429 5320
70 149 5320
200 243 5320
153 272 5320
220 434 5320
180 235 5320
112 482 5320
230 286 5320
141 349 5320
24 222 5320
53 365 5320
152 179 5320
220 394 5320
261 337 5320
171 502 5320
130 185 5320
106 271 5320
187 504 5320
31 58 5320
90 109 5320
53 467 5320
187 423 5320
143 272 5320
29 327 5320
217 432 5320
166 375 5320
172 274 5320
187 496 5320
205 383 5320
56 195 5320
219 521 5320
237 519 5320
14 528 5320
78 194 5320
94 240 5320
28 387 5320
250 506 5320
185 502 5320
218 445 5320
154 300 5320
19 270 5320
236 346 5320
213 410 5320
57 89 5320
255 417 5320
236 383 5320
110 135 5320
48 379 5320
204 495 5320
13 529 5320
141 175 5320
167 429 5320
213 489 5320
27 500 5320
152 318 5320
8 355 5320
48 132 5320
137 468 5320
132 306 5320
210 308 5320
7 458 5320
52 159 5320
25 399 5320
57 466 5320
251 492 5320
70 438 5320
129 138 5320
170 201 5320
171 302 5320
132 260 5320
213 516 5320
35 481 5320
126 477 5320
194 427 5320
91 171 5320
56 385 5320
57 185 5320
62 529 5320
90 295 5320
151 424 5320
70 136 5320
94 216 5320
202 228 5320
235 379 5320
28 424 5320
16 152 5320
153 278 5320
254 333 5320
167 199 5320
136 355 5320
14 477 5320
4 146 5320
148 258 5320
108 375 5320
2 455 5320
166 460 5320
254 512 5320
23 433 5320
149 373 5320
231 267 5320
50 265 5320
143 425 5320
121 383 5320
217 286 5320
43 243 5320
75 78 5320
102 484 5320
112 271 5320
124 308 5320
120 128 5320
255 526 5320
245 458 5320
1 280 5320
121 449 5320
99 503 5320
105 117 5320
243 530 5320
214 388 5320
137 506 5320
136 505 5320
213 333 5320
116 199 5320
49 134 5320
61 143 5320
49 167 5320
237 318 5320
100 411 5320
217 380 5320
90 311 5320
224 282 5320
79 274 5320
127 201 5320
44 342 5320
50 66 5320
34 359 5320
205 489 5320
40 227 5320
137 306 5320
191 520 5320
88 235 5320
212 281 5320
239 314 5320
96 446 5320
53 189 5320
193 242 5320
199 239 5320
238 259 5320
168 249 5320
235 415 5320
146 200 5320
12 519 5320
150 173 5320
95 316 5320
162 456 5320
121 253 5320
70 314 5320
152 275 5320
257 474 5320
196 407 5320
30 367 5320
165 525 5320
227 250 5320
125 159 5320
205 430 5320
239 321 5320
263 310 5320
246 328 5320
108 416 5320
225 253 5320
256 386 5320
185 236 5320
257 524 5320
57 273 5320
210 361 5320
199 229 5320
41 409 5320
219 360 5320
238 428 5320
263 455 5320
188 529 5320
165 458 5320
108 260 5320
93 379 5320
108 395 5320
245 255 5320
0 460 5320
31 197 5320
228 348 5320
39 266 5320
63 121 5320
69 249 5320
227 396 5320
56 415 5320
189 365 5320
210 354 5320
23 32 5320
254 360 5320
137 261 5320
225 306 5320
115 484 5320
148 515 5320
39 417 5320
224 296 5320
31 133 5320
74 114 5320
135 439 5320
210 517 5320
181 348 5320
29 290 5320
42 377 5320
56 454 5320
234 325 5320
52 142 5320
58 370 5320
250 522 5320
246 402 5320
202 317 5320
3 318 5320
80 141 5320
237 344 5320
224 502 5320
19 292 5320
164 240 5320
6 104 5320
172 377 5320
211 219 5320
19 194 5320
235 239 5320
189 454 5320
202 370 5320
1 463 5320
218 417 5320
119 243 5320
189 347 5320
112 137 5320
63 406 5320
33 188 5320
160 466 5320
61 355 5320
70 211 5320
201 274 5320
146 502 5320
203 220 5320
74 162 5320
27 383 5320
222 374 5320
78 202 5320
257 461 5320
211 286 5320
80 489 5320
95 493 5320
117 463 5320
250 274 5320
252 523 5320
72 144 5320
136 453 5320
187 491 5320
149 309 5320
132 452 5320
152 312 5320
142 264 5320
144 274 5320
240 242 5320
42 115 5320
126 180 5320
140 224 5320
14 130 5320
66 205 5320
67 100 5320
101 318 5320
179 337 5320
105 342 5320
211 508 5320
174 415 5320
76 164 5320
68 205 5320
161 170 5320
89 357 5320
85 213 5320
52 491 5320
188 242 5320
216 437 5320
176 198 5320
189 288 5320
46 465 5320
85 174 5320
165 255 5320
10 459 5320
259 345 5320
33 308 5320
94 204 5320
182 414 5320
253 461 5320
38 393 5320
60 418 5320
64 226 5320
134 136 5320
243 256 5320
171 210 5320
112 259 5320
229 238 5320
235 357 5320
132 451 5320
206 221 5320
87 354 5320
17 343 5320
143 451 5320
176 528 5320
137 469 5320
150 254 5320
140 486 5320
61 113 5320
209 340 5320
18 210 5320
189 508 5320
219 322 5320
230 232 5320
195 427 5320
231 374 5320
157 351 5320
42 183 5320
155 175 5320
55 204 5320
23 65 5320
51 436 5320
254 429 5320
221 227 5320
230 285 5320
173 270 5320
103 147 5320
71 170 5320
10 334 5320
205 385 5320
202 279 5320
111 482 5320
140 234 5320
50 376 5320
119 476 5320
247 279 5320
72 79 5320
117 145 5320
20 224 5320
213 224 5320
145 180 5320
64 88 5320
6 88 5320
95 404 5320
249 301 5320
136 180 5320
243 459 5320
148 310 5320
246 289 5320
247 333 5320
264 439 5320
71 117 5320
210 215 5320
173 468 5320
206 250 5320
253 305 5320
133 475 5320
130 272 5320
254 277 5320
261 523 5320
163 262 5320
168 265 5320
82 411 5320
195 251 5320
26 282 5320
63 142 5320
170 253 5320
251 376 5320
88 512 5320
262 515 5320
72 172 5320
155 512 5320
69 206 5320
253 343 5320
225 303 5320
138 417 5320
136 229 5320
217 380 5320
6 193 5320
188 429 5320
144 196 5320
102 401 5320
76 450 5320
40 224 5320
24 406 5320
58 327 5320
205 338 5320
195 420 5320
52 221 5320
210 448 5320
227 329 5320
25 194 5320
176 209 5320
42 136 5320
197 340 5320
155 527 5320
49 384 5320
149 516 5320
217 518 5320
84 155 5320
35 513 5320
238 325 5320
