0 1 5360
1 2 5360
2 3 5360
3 4 5360
4 5 5360
5 6 5360
6 7 5360
7 8 5360
8 9 5360
9 10 5360
10 11 5360
11 12 5360
12 13 5360
13 14 5360
14 15 5360
15 16 5360
16 17 5360
17 18 5360
18 19 5360
19 20 5360
20 21 5360
21 22 5360
22 23 5360
23 24 5360
24 25 5360
25 26 5360
26 27 5360
27 28 5360
28 29 5360
29 30 5360
30 31 5360
31 32 5360
32 33 5360
33 34 5360
34 35 5360
35 36 5360
36 37 5360
37 38 5360
38 39 5360
39 40 5360
40 41 5360
41 42 5360
42 43 5360
43 44 5360
44 45 5360
45 46 5360
46 47 5360
47 48 5360
48 49 5360
49 50 5360
50 51 5360
51 52 5360
52 53 5360
53 54 5360
54 55 5360
55 56 5360
56 57 5360
57 58 5360
58 59 5360
59 60 5360
60 61 5360
61 62 5360
62 63 5360
63 64 5360
64 65 5360
65 66 5360
66 67 5360
67 68 5360
68 69 5360
69 70 5360
70 71 5360
71 72 5360
72 73 5360
73 74 5360
74 75 5360
75 76 5360
76 77 5360
77 78 5360
78 79 5360
79 80 5360
80 81 5360
81 82 5360
82 83 5360
83 84 5360
84 85 5360
85 86 5360
86 87 5360
87 88 5360
88 89 5360
89 90 5360
90 91 5360
91 92 5360
92 93 5360
93 94 5360
94 95 5360
95 96 5360
96 97 5360
97 98 5360
98 99 5360
99 100 5360
100 101 5360
101 102 5360
102 103 5360
103 104 5360
104 105 5360
105 106 5360
106 107 5360
107 108 5360
108 109 5360
109 110 5360
110 111 5360
111 112 5360
112 113 5360
113 114 5360
114 115 5360
115 116 5360
116 117 5360
117 118 5360
118 119 5360
119 120 5360
120 121 5360
121 122 5360
122 123 5360
123 124 5360
124 125 5360
125 126 5360
126 127 5360
127 128 5360
128 129 5360
129 130 5360
130 131 5360
131 132 5360
132 133 5360
133 134 5360
134 135 5360
135 136 5360
136 137 5360
137 138 5360
138 139 5360
139 140 5360
140 141 5360
141 142 5360
142 143 5360
143 144 5360
144 145 5360
145 146 5360
146 147 5360
147 148 5360
148 149 5360
149 150 5360
150 151 5360
151 152 5360
152 153 5360
153 154 5360
154 155 5360
155 156 5360
156 157 5360
157 158 5360
158 159 5360
159 160 5360
160 161 5360
161 162 5360
162 163 5360
163 164 5360
164 165 5360
165 166 5360
166 167 5360
167 168 5360
168 169 5360
169 170 5360
170 171 5360
171 172 5360
172 173 5360
173 174 5360
174 175 5360
175 176 5360
176 177 5360
177 178 5360
178 179 5360
179 180 5360
180 181 5360
181 182 5360
182 183 5360
183 184 5360
184 185 5360
185 186 5360
186 187 5360
187 188 5360
188 189 5360
189 190 5360
190 191 5360
191 192 5360
192 193 5360
193 194 5360
194 195 5360
195 196 5360
196 197 5360
197 198 5360
198 199 5360
199 200 5360
200 201 5360
201 202 5360
202 203 5360
203 204 5360
204 205 5360
205 206 5360
206 207 5360
207 208 5360
208 209 5360
209 210 5360
210 211 5360
211 212 5360
212 213 5360
213 214 5360
214 215 5360
215 216 5360
216 217 5360
217 218 5360
218 219 5360
219 220 5360
220 221 5360
221 222 5360
222 223 5360
223 224 5360
224 225 5360
225 226 5360
226 227 5360
227 228 5360
228 229 5360
229 230 5360
230 231 5360
231 232 5360
232 233 5360
233 234 5360
234 235 5360
235 236 5360
236 237 5360
237 238 5360
238 239 5360
239 240 5360
240 241 5360
241 242 5360
242 243 5360
243 244 5360
244 245 5360
245 246 5360
246 247 5360
247 248 5360
248 249 5360
249 250 5360
250 251 5360
251 252 5360
252 253 5360
253 254 5360
254 255 5360
255 256 5360
256 257 5360
257 258 5360
258 259 5360
259 260 5360
260 261 5360
261 262 5360
262 263 5360
263 264 5360
264 265 5360
265 266 5360
266 267 5360
267 268 5360
268 269 5360
269 270 5360
270 271 5360
271 272 5360
272 273 5360
273 274 5360
274 275 5360
275 276 5360
276 277 5360
277 278 5360
278 279 5360
279 280 5360
280 281 5360
281 282 5360
282 283 5360
283 284 5360
284 285 5360
285 286 5360
286 287 5360
287 288 5360
288 289 5360
289 290 5360
290 291 5360
291 292 5360
292 293 5360
293 294 5360
294 295 5360
295 296 5360
296 297 5360
297 298 5360
298 299 5360
299 300 5360
300 301 5360
301 302 5360
302 303 5360
303 304 5360
304 305 5360
305 306 5360
306 307 5360
307 308 5360
308 309 5360
309 310 5360
310 311 5360
311 312 5360
312 313 5360
313 314 5360
314 315 5360
315 316 5360
316 317 5360
317 318 5360
318 319 5360
319 320 5360
320 321 5360
321 322 5360
322 323 5360
323 324 5360
324 325 5360
325 326 5360
326 327 5360
327 328 5360
328 329 5360
329 330 5360
330 331 5360
331 332 5360
332 333 5360
333 334 5360
334 335 5360
335 336 5360
336 337 5360
337 338 5360
338 339 5360
339 340 5360
340 341 5360
341 342 5360
342 343 5360
343 344 5360
344 345 5360
345 346 5360
346 347 5360
347 348 5360
348 349 5360
349 350 5360
350 351 5360
351 352 5360
352 353 5360
353 354 5360
354 355 5360
355 356 5360
356 357 5360
357 358 5360
358 359 5360
359 360 5360
360 361 5360
361 362 5360
362 363 5360
363 364 5360
364 365 5360
365 366 5360
366 367 5360
367 368 5360
368 369 5360
369 370 5360
370 371 5360
371 372 5360
372 373 5360
373 374 5360
374 375 5360
375 376 5360
376 377 5360
377 378 5360
378 379 5360
379 380 5360
380 381 5360
381 382 5360
382 383 5360
383 384 5360
384 385 5360
385 386 5360
386 387 5360
387 388 5360
388 389 5360
389 390 5360
390 391 5360
391 392 5360
392 393 5360
393 394 5360
394 395 5360
395 396 5360
396 397 5360
397 398 5360
398 399 5360
399 400 5360
400 401 5360
401 402 5360
402 403 5360
403 404 5360
404 405 5360
405 406 5360
406 407 5360
407 408 5360
408 409 5360
409 410 5360
410 411 5360
411 412 5360
412 413 5360
413 414 5360
414 415 5360
415 416 5360
416 417 5360
417 418 5360
418 419 5360
419 420 5360
420 421 5360
421 422 5360
422 423 5360
423 424 5360
424 425 5360
425 426 5360
426 427 5360
427 428 5360
428 429 5360
429 430 5360
430 431 5360
431 432 5360
432 433 5360
433 434 5360
434 435 5360
435 436 5360
436 437 5360
437 438 5360
438 439 5360
439 440 5360
440 441 5360
441 442 5360
442 443 5360
443 444 5360
444 445 5360
445 446 5360
446 447 5360
447 448 5360
448 449 5360
449 450 5360
450 451 5360
451 452 5360
452 453 5360
453 454 5360
454 455 5360
455 456 5360
456 457 5360
457 458 5360
458 459 5360
459 460 5360
460 461 5360
461 462 5360
462 463 5360
463 464 5360
464 465 5360
465 466 5360
466 467 5360
467 468 5360
468 469 5360
469 470 5360
470 471 5360
471 472 5360
472 473 5360
473 474 5360
474 475 5360
475 476 5360
476 477 5360
477 478 5360
478 479 5360
479 480 5360
480 481 5360
481 482 5360
482 483 5360
483 484 5360
484 485 5360
485 486 5360
486 487 5360
487 488 5360
488 489 5360
489 490 5360
490 491 5360
491 492 5360
492 493 5360
493 494 5360
494 495 5360
495 496 5360
496 497 5360
497 498 5360
498 499 5360
499 500 5360
500 501 5360
501 502 5360
502 503 5360
503 504 5360
504 505 5360
505 506 5360
506 507 5360
507 508 5360
508 509 5360
509 510 5360
510 511 5360
511 512 5360
512 513 5360
513 514 5360
514 515 5360
515 516 5360
516 517 5360
517 518 5360
518 519 5360
519 520 5360
520 521 5360
521 522 5360
522 523 5360
523 524 5360
524 525 5360
525 526 5360
526 527 5360
527 528 5360
528 529 5360
529 530 5360
530 531 5360
531 532 5360
532 533 5360
533 534 5360
534 535 5360
222 530 5360
57 75 5360
157 232 5360
88 180 5360
104 124 5360
128 297 5360
16 482 5360
184 470 5360
146 490 5360
36 102 5360
18 234 5360
64 83 5360
130 161 5360
176 379 5360
123 345 5360
231 534 5360
190 276 5360
40 68 5360
150 419 5360
179 381 5360
180 197 5360
266 382 5360
78 531 5360
5 359 5360
32 102 5360
142 483 5360
60 403 5360
249 446 5360
20 436 5360
157 309 5360
91 474 5360
245 479 5360
104 380 5360
23 71 5360
27 345 5360
171 475 5360
54 173 5360
215 325 5360
53 362 5360
183 378 5360
27 511 5360
175 506 5360
37 90 5360
250 449 5360
49 408 5360
95 156 5360
169 422 5360
183 399 5360
248 473 5360
119 140 5360
113 484 5360
99 465 5360
140 349 5360
210 482 5360
27 54 5360
213 295 5360
68 118 5360
127 395 5360
108 409 5360
170 432 5360
230 236 5360
226 241 5360
125 132 5360
253 433 5360
134 388 5360
129 376 5360
153 447 5360
137 299 5360
47 339 5360
159 355 5360
232 247 5360
220 495 5360
75 108 5360
258 401 5360
212 270 5360
104 115 5360
198 414 5360
213 531 5360
239 287 5360
183 504 5360
259 359 5360
13 223 5360
202 382 5360
152 286 5360
155 455 5360
216 221 5360
34 420 5360
73 360 5360
66 142 5360
162 305 5360
114 339 5360
181 238 5360
112 325 5360
182 268 5360
26 40 5360
220 381 5360
101 197 5360
96 206 5360
228 236 5360
75 350 5360
78 183 5360
169 199 5360
186 526 5360
233 304 5360
258 400 5360
16 199 5360
149 393 5360
78 487 5360
192 265 5360
266 371 5360
148 514 5360
86 138 5360
34 249 5360
160 329 5360
127 405 5360
133 491 5360
235 345 5360
7 402 5360
13 264 5360
55 299 5360
172 490 5360
39 512 5360
66 516 5360
239 284 5360
49 189 5360
34 305 5360
45 231 5360
127 234 5360
105 285 5360
17 97 5360
191 301 5360
120 275 5360
31 132 5360
79 426 5360
91 259 5360
169 404 5360
12 523 5360
63 506 5360
151 491 5360
93 156 5360
106 475 5360
267 504 5360
177 414 5360
13 240 5360
165 515 5360
151 516 5360
240 369 5360
252 505 5360
247 485 5360
33 61 5360
178 389 5360
180 182 5360
195 472 5360
91 208 5360
70 257 5360
30 287 5360
262 423 5360
98 446 5360
75 260 5360
26 45 5360
230 241 5360
131 255 5360
44 213 5360
70 532 5360
167 453 5360
111 195 5360
113 315 5360
97 422 5360
170 483 5360
16 362 5360
34 361 5360
171 505 5360
200 525 5360
132 174 5360
230 376 5360
34 506 5360
170 331 5360
67 370 5360
91 192 5360
120 157 5360
12 102 5360
71 376 5360
108 450 5360
201 511 5360
151 291 5360
25 210 5360
187 475 5360
180 185 5360
39 359 5360
92 501 5360
48 520 5360
198 253 5360
33 80 5360
53 119 5360
162 282 5360
125 143 5360
268 465 5360
205 319 5360
36 345 5360
17 35 5360
217 528 5360
145 396 5360
268 342 5360
112 408 5360
231 358 5360
227 475 5360
97 293 5360
117 242 5360
87 281 5360
227 423 5360
233 325 5360
143 446 5360
224 464 5360
70 292 5360
85 199 5360
103 125 5360
205 443 5360
28 114 5360
223 473 5360
175 497 5360
206 210 5360
218 522 5360
149 161 5360
206 400 5360
94 121 5360
139 452 5360
30 52 5360
16 399 5360
266 320 5360
239 302 5360
144 241 5360
247 351 5360
96 259 5360
173 223 5360
142 518 5360
196 368 5360
247 303 5360
164 202 5360
49 197 5360
26 419 5360
165 386 5360
228 486 5360
250 506 5360
62 85 5360
245 424 5360
33 319 5360
215 365 5360
213 444 5360
37 132 5360
135 357 5360
233 474 5360
218 411 5360
45 113 5360
206 271 5360
28 443 5360
236 440 5360
27 262 5360
239 425 5360
88 286 5360
167 510 5360
216 434 5360
262 430 5360
220 496 5360
95 402 5360
102 180 5360
118 222 5360
261 309 5360
4 14 5360
57 220 5360
14 396 5360
54 283 5360
166 395 5360
10 242 5360
26 104 5360
268 304 5360
140 223 5360
107 227 5360
252 402 5360
198 316 5360
125 185 5360
134 174 5360
56 94 5360
152 269 5360
132 192 5360
177 439 5360
108 158 5360
265 304 5360
69 297 5360
188 224 5360
231 236 5360
97 527 5360
227 263 5360
51 424 5360
165 486 5360
220 348 5360
138 315 5360
49 519 5360
27 75 5360
31 125 5360
195 279 5360
263 411 5360
88 253 5360
189 428 5360
45 357 5360
221 300 5360
189 260 5360
219 248 5360
256 354 5360
128 405 5360
128 364 5360
257 357 5360
259 271 5360
39 511 5360
97 424 5360
248 312 5360
131 271 5360
142 189 5360
49 105 5360
223 511 5360
228 382 5360
236 475 5360
165 408 5360
216 426 5360
164 178 5360
196 204 5360
180 431 5360
246 457 5360
223 392 5360
247 357 5360
254 294 5360
261 529 5360
68 166 5360
5 322 5360
37 363 5360
206 299 5360
141 444 5360
264 401 5360
132 371 5360
68 248 5360
153 161 5360
183 529 5360
243 524 5360
51 128 5360
108 153 5360
145 350 5360
202 361 5360
121 437 5360
263 490 5360
156 334 5360
47 148 5360
240 264 5360
205 461 5360
129 224 5360
188 494 5360
9 508 5360
228 529 5360
133 235 5360
267 512 5360
178 307 5360
78 347 5360
71 172 5360
106 526 5360
169 481 5360
0 488 5360
54 245 5360
103 516 5360
116 262 5360
112 396 5360
132 471 5360
104 529 5360
129 356 5360
228 319 5360
170 179 5360
189 211 5360
152 267 5360
28 505 5360
61 434 5360
159 342 5360
220 343 5360
254 440 5360
24 389 5360
225 533 5360
137 277 5360
145 420 5360
225 394 5360
244 388 5360
26 279 5360
162 468 5360
52 226 5360
125 508 5360
171 189 5360
120 299 5360
11 404 5360
90 315 5360
123 305 5360
38 75 5360
237 509 5360
258 327 5360
99 269 5360
51 392 5360
14 325 5360
114 316 5360
221 426 5360
250 315 5360
29 377 5360
222 394 5360
62 97 5360
93 303 5360
192 372 5360
55 285 5360
181 221 5360
43 226 5360
247 392 5360
93 318 5360
82 108 5360
159 321 5360
100 249 5360
162 167 5360
258 260 5360
109 504 5360
194 483 5360
189 366 5360
183 521 5360
5 27 5360
223 367 5360
197 473 5360
182 391 5360
160 489 5360
68 218 5360
246 356 5360
209 487 5360
170 484 5360
249 307 5360
142 535 5360
131 371 5360
220 486 5360
107 345 5360
10 323 5360
71 94 5360
29 50 5360
245 497 5360
213 366 5360
99 244 5360
76 167 5360
123 499 5360
201 527 5360
45 82 5360
181 363 5360
96 267 5360
84 500 5360
9 339 5360
196 392 5360
61 517 5360
257 529 5360
233 322 5360
8 164 5360
103 227 5360
261 296 5360
208 257 5360
145 199 5360
96 282 5360
233 304 5360
229 375 5360
232 364 5360
182 264 5360
45 463 5360
31 355 5360
105 235 5360
199 308 5360
78 301 5360
205 452 5360
140 228 5360
146 403 5360
164 227 5360
130 320 5360
27 519 5360
55 69 5360
13 180 5360
46 522 5360
197 200 5360
208 359 5360
136 442 5360
97 478 5360
64 414 5360
132 147 5360
268 323 5360
221 231 5360
54 402 5360
5 479 5360
3 101 5360
60 264 5360
250 473 5360
42 443 5360
93 339 5360
230 483 5360
48 486 5360
177 243 5360
26 205 5360
249 510 5360
105 134 5360
164 214 5360
219 282 5360
179 519 5360
152 456 5360
6 512 5360
252 281 5360
60 377 5360
109 166 5360
230 415 5360
29 217 5360
264 343 5360
63 76 5360
142 265 5360
229 321 5360
231 503 5360
58 501 5360
256 420 5360
21 404 5360
190 362 5360
98 334 5360
197 375 5360
231 395 5360
100 343 5360
257 495 5360
117 126 5360
19 348 5360
157 260 5360
56 160 5360
225 462 5360
41 434 5360
153 251 5360
178 434 5360
224 430 5360
148 301 5360
103 145 5360
