0 1 5400
1 2 5400
2 3 5400
3 4 5400
4 5 5400
5 6 5400
6 7 5400
7 8 5400
8 9 5400
9 10 5400
10 11 5400
11 12 5400
12 13 5400
13 14 5400
14 15 5400
15 16 5400
16 17 5400
17 18 5400
18 19 5400
19 20 5400
20 21 5400
21 22 5400
22 23 5400
23 24 5400
24 25 5400
25 26 5400
26 27 5400
27 28 5400
28 29 5400
29 30 5400
30 31 5400
31 32 5400
32 33 5400
33 34 5400
34 35 5400
35 36 5400
36 37 5400
37 38 5400
38 39 5400
39 40 5400
40 41 5400
41 42 5400
42 43 5400
43 44 5400
44 45 5400
45 46 5400
46 47 5400
47 48 5400
48 49 5400
49 50 5400
50 51 5400
51 52 5400
52 53 5400
53 54 5400
54 55 5400
55 56 5400
56 57 5400
57 58 5400
58 59 5400
59 60 5400
60 61 5400
61 62 5400
62 63 5400
63 64 5400
64 65 5400
65 66 5400
66 67 5400
67 68 5400
68 69 5400
69 70 5400
70 71 5400
71 72 5400
72 73 5400
73 74 5400
74 75 5400
75 76 5400
76 77 5400
77 78 5400
78 79 5400
79 80 5400
80 81 5400
81 82 5400
82 83 5400
83 84 5400
84 85 5400
85 86 5400
86 87 5400
87 88 5400
88 89 5400
89 90 5400
90 91 5400
91 92 5400
92 93 5400
93 94 5400
94 95 5400
95 96 5400
96 97 5400
97 98 5400
98 99 5400
99 100 5400
100 101 5400
101 102 5400
102 103 5400
103 104 5400
104 105 5400
105 106 5400
106 107 5400
107 108 5400
108 109 5400
109 110 5400
110 111 5400
111 112 5400
112 113 5400
113 114 5400
114 115 5400
115 116 5400
116 117 5400
117 118 5400
118 119 5400
119 120 5400
120 121 5400
121 122 5400
122 123 5400
123 124 5400
124 125 5400
125 126 5400
126 127 5400
127 128 5400
128 129 5400
129 130 5400
130 131 5400
131 132 5400
132 133 5400
133 134 5400
134 135 5400
135 136 5400
136 137 5400
137 138 5400
138 139 5400
139 140 5400
140 141 5400
141 142 5400
142 143 5400
143 144 5400
144 145 5400
145 146 5400
146 147 5400
147 148 5400
148 149 5400
149 150 5400
150 151 5400
151 152 5400
152 153 5400
153 154 5400
154 155 5400
155 156 5400
156 157 5400
157 158 5400
158 159 5400
159 160 5400
160 161 5400
161 162 5400
162 163 5400
163 164 5400
164 165 5400
165 166 5400
166 167 5400
167 168 5400
168 169 5400
169 170 5400
170 171 5400
171 172 5400
172 173 5400
173 174 5400
174 175 5400
175 176 5400
176 177 5400
177 178 5400
178 179 5400
179 180 5400
180 181 5400
181 182 5400
182 183 5400
183 184 5400
184 185 5400
185 186 5400
186 187 5400
187 188 5400
188 189 5400
189 190 5400
190 191 5400
191 192 5400
192 193 5400
193 194 5400
194 195 5400
195 196 5400
196 197 5400
197 198 5400
198 199 5400
199 200 5400
200 201 5400
201 202 5400
202 203 5400
203 204 5400
204 205 5400
205 206 5400
206 207 5400
207 208 5400
208 209 5400
209 210 5400
210 211 5400
211 212 5400
212 213 5400
213 214 5400
214 215 5400
215 216 5400
216 217 5400
217 218 5400
218 219 5400
219 220 5400
220 221 5400
221 222 5400
222 223 5400
223 224 5400
224 225 5400
225 226 5400
226 227 5400
227 228 5400
228 229 5400
229 230 5400
230 231 5400
231 232 5400
232 233 5400
233 234 5400
234 235 5400
235 236 5400
236 237 5400
237 238 5400
238 239 5400
239 240 5400
240 241 5400
241 242 5400
242 243 5400
243 244 5400
244 245 5400
245 246 5400
246 247 5400
247 248 5400
248 249 5400
249 250 5400
250 251 5400
251 252 5400
252 253 5400
253 254 5400
254 255 5400
255 256 5400
256 257 5400
257 258 5400
258 259 5400
259 260 5400
260 261 5400
261 262 5400
262 263 5400
263 264 5400
264 265 5400
265 266 5400
266 267 5400
267 268 5400
268 269 5400
269 270 5400
270 271 5400
271 272 5400
272 273 5400
273 274 5400
274 275 5400
275 276 5400
276 277 5400
277 278 5400
278 279 5400
279 280 5400
280 281 5400
281 282 5400
282 283 5400
283 284 5400
284 285 5400
285 286 5400
286 287 5400
287 288 5400
288 289 5400
289 290 5400
290 291 5400
291 292 5400
292 293 5400
293 294 5400
294 295 5400
295 296 5400
296 297 5400
297 298 5400
298 299 5400
299 300 5400
300 301 5400
301 302 5400
302 303 5400
303 304 5400
304 305 5400
305 306 5400
306 307 5400
307 308 5400
308 309 5400
309 310 5400
310 311 5400
311 312 5400
312 313 5400
313 314 5400
314 315 5400
315 316 5400
316 317 5400
317 318 5400
318 319 5400
319 320 5400
320 321 5400
321 322 5400
322 323 5400
323 324 5400
324 325 5400
325 326 5400
326 327 5400
327 328 5400
328 329 5400
329 330 5400
330 331 5400
331 332 5400
332 333 5400
333 334 5400
334 335 5400
335 336 5400
336 337 5400
337 338 5400
338 339 5400
339 340 5400
340 341 5400
341 342 5400
342 343 5400
343 344 5400
344 345 5400
345 346 5400
346 347 5400
347 348 5400
348 349 5400
349 350 5400
350 351 5400
351 352 5400
352 353 5400
353 354 5400
354 355 5400
355 356 5400
356 357 5400
357 358 5400
358 359 5400
359 360 5400
360 361 5400
361 362 5400
362 363 5400
363 364 5400
364 365 5400
365 366 5400
366 367 5400
367 368 5400
368 369 5400
369 370 5400
370 371 5400
371 372 5400
372 373 5400
373 374 5400
374 375 5400
375 376 5400
376 377 5400
377 378 5400
378 379 5400
379 380 5400
380 381 5400
381 382 5400
382 383 5400
383 384 5400
384 385 5400
385 386 5400
386 387 5400
387 388 5400
388 389 5400
389 390 5400
390 391 5400
391 392 5400
392 393 5400
393 394 5400
394 395 5400
395 396 5400
396 397 5400
397 398 5400
398 399 5400
399 400 5400
400 401 5400
401 402 5400
402 403 5400
403 404 5400
404 405 5400
405 406 5400
406 407 5400
407 408 5400
408 409 5400
409 410 5400
410 411 5400
411 412 5400
412 413 5400
413 414 5400
414 415 5400
415 416 5400
416 417 5400
417 418 5400
418 419 5400
419 420 5400
420 421 5400
421 422 5400
422 423 5400
423 424 5400
424 425 5400
425 426 5400
426 427 5400
427 428 5400
428 429 5400
429 430 5400
430 431 5400
431 432 5400
432 433 5400
433 434 5400
434 435 5400
435 436 5400
436 437 5400
437 438 5400
438 439 5400
439 440 5400
440 441 5400
441 442 5400
442 443 5400
443 444 5400
444 445 5400
445 446 5400
446 447 5400
447 448 5400
448 449 5400
449 450 5400
450 451 5400
451 452 5400
452 453 5400
453 454 5400
454 455 5400
455 456 5400
456 457 5400
457 458 5400
458 459 5400
459 460 5400
460 461 5400
461 462 5400
462 463 5400
463 464 5400
464 465 5400
465 466 5400
466 467 5400
467 468 5400
468 469 5400
469 470 5400
470 471 5400
471 472 5400
472 473 5400
473 474 5400
474 475 5400
475 476 5400
476 477 5400
477 478 5400
478 479 5400
479 480 5400
480 481 5400
481 482 5400
482 483 5400
483 484 5400
484 485 5400
485 486 5400
486 487 5400
487 488 5400
488 489 5400
489 490 5400
490 491 5400
491 492 5400
492 493 5400
493 494 5400
494 495 5400
495 496 5400
496 497 5400
497 498 5400
498 499 5400
499 500 5400
500 501 5400
501 502 5400
502 503 5400
503 504 5400
504 505 5400
505 506 5400
506 507 5400
507 508 5400
508 509 5400
509 510 5400
510 511 5400
511 512 5400
512 513 5400
513 514 5400
514 515 5400
515 516 5400
516 517 5400
517 518 5400
518 519 5400
519 520 5400
520 521 5400
521 522 5400
522 523 5400
523 524 5400
524 525 5400
525 526 5400
526 527 5400
527 528 5400
528 529 5400
529 530 5400
530 531 5400
531 532 5400
532 533 5400
533 534 5400
534 535 5400
535 536 5400
536 537 5400
537 538 5400
538 539 5400
201 480 5400
218 419 5400
24 461 5400
118 434 5400
194 255 5400
133 361 5400
170 174 5400
56 62 5400
45 64 5400
121 446 5400
188 477 5400
49 538 5400
199 251 5400
91 410 5400
7 494 5400
182 295 5400
261 313 5400
71 117 5400
171 479 5400
127 226 5400
49 125 5400
218 422 5400
249 365 5400
68 262 5400
256 509 5400
99 167 5400
6 435 5400
190 288 5400
169 317 5400
3 264 5400
22 75 5400
123 235 5400
218 448 5400
157 302 5400
150 442 5400
42 451 5400
88 340 5400
54 65 5400
205 359 5400
11 178 5400
223 404 5400
178 475 5400
24 229 5400
40 482 5400
34 462 5400
183 487 5400
107 187 5400
142 205 5400
122 152 5400
47 160 5400
44 338 5400
149 326 5400
210 407 5400
268 439 5400
221 284 5400
83 477 5400
47 303 5400
202 327 5400
1 21 5400
112 474 5400
211 499 5400
75 534 5400
44 523 5400
125 231 5400
77 342 5400
11 330 5400
147 182 5400
253 417 5400
2 31 5400
237 502 5400
76 169 5400
226 536 5400
266 441 5400
217 346 5400
142 260 5400
0 389 5400
159 253 5400
98 124 5400
245 536 5400
116 225 5400
32 323 5400
49 188 5400
261 330 5400
229 510 5400
112 115 5400
158 326 5400
102 407 5400
64 195 5400
241 467 5400
65 245 5400
42 172 5400
239 478 5400
94 433 5400
258 442 5400
146 276 5400
143 314 5400
52 496 5400
238 314 5400
196 509 5400
203 233 5400
52 321 5400
225 228 5400
249 287 5400
128 530 5400
203 289 5400
181 383 5400
234 351 5400
46 442 5400
149 437 5400
136 483 5400
255 351 5400
137 498 5400
33 265 5400
20 225 5400
0 398 5400
101 186 5400
266 332 5400
55 149 5400
106 216 5400
139 158 5400
169 473 5400
251 416 5400
246 362 5400
47 223 5400
21 170 5400
188 501 5400
254 341 5400
225 380 5400
193 469 5400
126 498 5400
200 348 5400
142 533 5400
84 137 5400
29 206 5400
114 529 5400
66 422 5400
79 378 5400
189 209 5400
13 356 5400
99 257 5400
97 173 5400
30 292 5400
188 333 5400
266 431 5400
0 296 5400
94 339 5400
18 95 5400
202 323 5400
18 252 5400
102 104 5400
26 517 5400
226 386 5400
113 429 5400
101 464 5400
60 177 5400
255 294 5400
56 512 5400
192 324 5400
22 332 5400
173 294 5400
17 384 5400
22 490 5400
55 179 5400
74 503 5400
24 68 5400
15 58 5400
164 380 5400
105 129 5400
155 413 5400
163 180 5400
29 504 5400
227 393 5400
34 210 5400
244 465 5400
24 93 5400
56 529 5400
106 123 5400
204 505 5400
15 187 5400
5 254 5400
174 202 5400
248 416 5400
216 249 5400
123 136 5400
2 200 5400
10 506 5400
118 139 5400
255 434 5400
27 145 5400
230 508 5400
164 190 5400
194 226 5400
112 183 5400
32 169 5400
25 495 5400
64 505 5400
17 425 5400
203 311 5400
88 198 5400
221 399 5400
59 524 5400
224 458 5400
234 401 5400
131 355 5400
91 325 5400
94 276 5400
241 302 5400
65 211 5400
263 444 5400
257 297 5400
124 152 5400
103 259 5400
167 218 5400
62 183 5400
192 422 5400
12 359 5400
38 457 5400
224 267 5400
162 283 5400
59 257 5400
88 187 5400
188 368 5400
132 157 5400
50 286 5400
19 316 5400
30 178 5400
39 172 5400
171 269 5400
97 176 5400
149 418 5400
46 229 5400
64 374 5400
240 474 5400
242 537 5400
210 331 5400
198 453 5400
151 340 5400
39 352 5400
163 180 5400
229 376 5400
165 217 5400
198 361 5400
162 435 5400
42 142 5400
1 150 5400
119 527 5400
12 273 5400
164 483 5400
81 377 5400
164 451 5400
149 221 5400
236 294 5400
63 307 5400
222 226 5400
21 502 5400
183 505 5400
3 502 5400
171 283 5400
63 197 5400
201 336 5400
145 375 5400
157 368 5400
122 125 5400
201 210 5400
213 259 5400
180 273 5400
0 42 5400
4 175 5400
57 508 5400
31 490 5400
259 299 5400
175 458 5400
265 501 5400
175 538 5400
24 54 5400
151 326 5400
53 233 5400
222 474 5400
181 374 5400
146 532 5400
131 417 5400
241 434 5400
200 539 5400
100 195 5400
192 356 5400
120 379 5400
243 249 5400
175 300 5400
15 387 5400
269 447 5400
16 414 5400
91 451 5400
148 279 5400
63 527 5400
95 167 5400
96 279 5400
69 396 5400
168 498 5400
241 499 5400
117 166 5400
145 320 5400
89 149 5400
191 264 5400
235 305 5400
161 385 5400
147 377 5400
201 303 5400
141 435 5400
119 472 5400
87 161 5400
263 380 5400
231 237 5400
173 446 5400
192 267 5400
13 270 5400
162 219 5400
106 294 5400
232 391 5400
69 266 5400
8 256 5400
235 257 5400
180 191 5400
197 332 5400
59 435 5400
222 331 5400
190 226 5400
25 89 5400
218 329 5400
139 420 5400
11 534 5400
109 387 5400
265 328 5400
19 309 5400
89 278 5400
104 121 5400
238 494 5400
261 281 5400
91 254 5400
52 102 5400
222 400 5400
228 332 5400
29 289 5400
87 136 5400
165 414 5400
137 469 5400
251 432 5400
10 504 5400
134 362 5400
183 195 5400
17 119 5400
165 366 5400
185 438 5400
17 178 5400
115 192 5400
101 191 5400
183 341 5400
126 526 5400
11 318 5400
108 525 5400
37 411 5400
107 342 5400
103 415 5400
261 287 5400
71 233 5400
224 481 5400
156 346 5400
79 344 5400
235 496 5400
187 236 5400
33 537 5400
48 141 5400
111 538 5400
196 395 5400
261 492 5400
252 420 5400
263 274 5400
183 202 5400
100 147 5400
251 275 5400
215 422 5400
38 340 5400
193 439 5400
207 438 5400
203 348 5400
108 421 5400
0 392 5400
5 12 5400
183 203 5400
71 223 5400
15 62 5400
106 380 5400
206 450 5400
38 422 5400
89 328 5400
107 126 5400
64 482 5400
73 86 5400
165 525 5400
168 173 5400
209 409 5400
112 199 5400
227 280 5400
215 496 5400
268 342 5400
42 253 5400
71 317 5400
197 476 5400
77 473 5400
259 336 5400
141 337 5400
220 517 5400
40 161 5400
65 440 5400
62 454 5400
49 90 5400
154 316 5400
235 391 5400
172 435 5400
119 384 5400
169 523 5400
28 526 5400
113 321 5400
102 158 5400
53 67 5400
192 336 5400
62 432 5400
143 192 5400
135 240 5400
217 299 5400
197 270 5400
50 413 5400
143 475 5400
28 425 5400
142 151 5400
106 512 5400
47 245 5400
6 316 5400
152 321 5400
197 415 5400
122 534 5400
84 218 5400
154 270 5400
234 460 5400
19 33 5400
42 394 5400
175 202 5400
186 379 5400
143 461 5400
188 386 5400
117 440 5400
51 307 5400
100 343 5400
112 459 5400
185 441 5400
199 208 5400
90 351 5400
69 198 5400
20 168 5400
122 447 5400
269 381 5400
182 238 5400
72 251 5400
208 271 5400
263 374 5400
195 480 5400
174 310 5400
70 296 5400
256 539 5400
88 351 5400
27 506 5400
261 423 5400
25 459 5400
152 460 5400
182 433 5400
106 539 5400
255 493 5400
92 491 5400
215 414 5400
229 321 5400
137 405 5400
135 237 5400
23 75 5400
167 408 5400
111 346 5400
256 297 5400
188 279 5400
144 374 5400
219 324 5400
124 279 5400
117 527 5400
1 506 5400
27 397 5400
153 354 5400
149 381 5400
214 415 5400
203 448 5400
127 158 5400
78 485 5400
10 72 5400
26 250 5400
103 260 5400
123 431 5400
106 178 5400
35 386 5400
125 370 5400
240 488 5400
47 100 5400
57 275 5400
110 354 5400
138 384 5400
46 476 5400
255 401 5400
228 302 5400
46 149 5400
194 204 5400
13 217 5400
241 352 5400
226 454 5400
131 285 5400
74 167 5400
48 467 5400
36 430 5400
19 371 5400
238 419 5400
135 402 5400
203 496 5400
69 134 5400
21 271 5400
115 257 5400
164 314 5400
154 428 5400
244 330 5400
122 338 5400
10 321 5400
242 413 5400
165 384 5400
270 488 5400
