0 1 5440
1 2 5440
2 3 5440
3 4 5440
4 5 5440
5 6 5440
6 7 5440
7 8 5440
8 9 5440
9 10 5440
10 11 5440
11 12 5440
12 13 5440
13 14 5440
14 15 5440
15 16 5440
16 17 5440
17 18 5440
18 19 5440
19 20 5440
20 21 5440
21 22 5440
22 23 5440
23 24 5440
24 25 5440
25 26 5440
26 27 5440
27 28 5440
28 29 5440
29 30 5440
30 31 5440
31 32 5440
32 33 5440
33 34 5440
34 35 5440
35 36 5440
36 37 5440
37 38 5440
38 39 5440
39 40 5440
40 41 5440
41 42 5440
42 43 5440
43 44 5440
44 45 5440
45 46 5440
46 47 5440
47 48 5440
48 49 5440
49 50 5440
50 51 5440
51 52 5440
52 53 5440
53 54 5440
54 55 5440
55 56 5440
56 57 5440
57 58 5440
58 59 5440
59 60 5440
60 61 5440
61 62 5440
62 63 5440
63 64 5440
64 65 5440
65 66 5440
66 67 5440
67 68 5440
68 69 5440
69 70 5440
70 71 5440
71 72 5440
72 73 5440
73 74 5440
74 75 5440
75 76 5440
76 77 5440
77 78 5440
78 79 5440
79 80 5440
80 81 5440
81 82 5440
82 83 5440
83 84 5440
84 85 5440
85 86 5440
86 87 5440
87 88 5440
88 89 5440
89 90 5440
90 91 5440
91 92 5440
92 93 5440
93 94 5440
94 95 5440
95 96 5440
96 97 5440
97 98 5440
98 99 5440
99 100 5440
100 101 5440
101 102 5440
102 103 5440
103 104 5440
104 105 5440
105 106 5440
106 107 5440
107 108 5440
108 109 5440
109 110 5440
110 111 5440
111 112 5440
112 113 5440
113 114 5440
114 115 5440
115 116 5440
116 117 5440
117 118 5440
118 119 5440
119 120 5440
120 121 5440
121 122 5440
122 123 5440
123 124 5440
124 125 5440
125 126 5440
126 127 5440
127 128 5440
128 129 5440
129 130 5440
130 131 5440
131 132 5440
132 133 5440
133 134 5440
134 135 5440
135 136 5440
136 137 5440
137 138 5440
138 139 5440
139 140 5440
140 141 5440
141 142 5440
142 143 5440
143 144 5440
144 145 5440
145 146 5440
146 147 5440
147 148 5440
148 149 5440
149 150 5440
150 151 5440
151 152 5440
152 153 5440
153 154 5440
154 155 5440
155 156 5440
156 157 5440
157 158 5440
158 159 5440
159 160 5440
160 161 5440
161 162 5440
162 163 5440
163 164 5440
164 165 5440
165 166 5440
166 167 5440
167 168 5440
168 169 5440
169 170 5440
170 171 5440
171 172 5440
172 173 5440
173 174 5440
174 175 5440
175 176 5440
176 177 5440
177 178 5440
178 179 5440
179 180 5440
180 181 5440
181 182 5440
182 183 5440
183 184 5440
184 185 5440
185 186 5440
186 187 5440
187 188 5440
188 189 5440
189 190 5440
190 191 5440
191 192 5440
192 193 5440
193 194 5440
194 195 5440
195 196 5440
196 197 5440
197 198 5440
198 199 5440
199 200 5440
200 201 5440
201 202 5440
202 203 5440
203 204 5440
204 205 5440
205 206 5440
206 207 5440
207 208 5440
208 209 5440
209 210 5440
210 211 5440
211 212 5440
212 213 5440
213 214 5440
214 215 5440
215 216 5440
216 217 5440
217 218 5440
218 219 5440
219 220 5440
220 221 5440
221 222 5440
222 223 5440
223 224 5440
224 225 5440
225 226 5440
226 227 5440
227 228 5440
228 229 5440
229 230 5440
230 231 5440
231 232 5440
232 233 5440
233 234 5440
234 235 5440
235 236 5440
236 237 5440
237 238 5440
238 239 5440
239 240 5440
240 241 5440
241 242 5440
242 243 5440
243 244 5440
244 245 5440
245 246 5440
246 247 5440
247 248 5440
248 249 5440
249 250 5440
250 251 5440
251 252 5440
252 253 5440
253 254 5440
254 255 5440
255 256 5440
256 257 5440
257 258 5440
258 259 5440
259 260 5440
260 261 5440
261 262 5440
262 263 5440
263 264 5440
264 265 5440
265 266 5440
266 267 5440
267 268 5440
268 269 5440
269 270 5440
270 271 5440
271 272 5440
272 273 5440
273 274 5440
274 275 5440
275 276 5440
276 277 5440
277 278 5440
278 279 5440
279 280 5440
280 281 5440
281 282 5440
282 283 5440
283 284 5440
284 285 5440
285 286 5440
286 287 5440
287 288 5440
288 289 5440
289 290 5440
290 291 5440
291 292 5440
292 293 5440
293 294 5440
294 295 5440
295 296 5440
296 297 5440
297 298 5440
298 299 5440
299 300 5440
300 301 5440
301 302 5440
302 303 5440
303 304 5440
304 305 5440
305 306 5440
306 307 5440
307 308 5440
308 309 5440
309 310 5440
310 311 5440
311 312 5440
312 313 5440
313 314 5440
314 315 5440
315 316 5440
316 317 5440
317 318 5440
318 319 5440
319 320 5440
320 321 5440
321 322 5440
322 323 5440
323 324 5440
324 325 5440
325 326 5440
326 327 5440
327 328 5440
328 329 5440
329 330 5440
330 331 5440
331 332 5440
332 333 5440
333 334 5440
334 335 5440
335 336 5440
336 337 5440
337 338 5440
338 339 5440
339 340 5440
340 341 5440
341 342 5440
342 343 5440
343 344 5440
344 345 5440
345 346 5440
346 347 5440
347 348 5440
348 349 5440
349 350 5440
350 351 5440
351 352 5440
352 353 5440
353 354 5440
354 355 5440
355 356 5440
356 357 5440
357 358 5440
358 359 5440
359 360 5440
360 361 5440
361 362 5440
362 363 5440
363 364 5440
364 365 5440
365 366 5440
366 367 5440
367 368 5440
368 369 5440
369 370 5440
370 371 5440
371 372 5440
372 373 5440
373 374 5440
374 375 5440
375 376 5440
376 377 5440
377 378 5440
378 379 5440
379 380 5440
380 381 5440
381 382 5440
382 383 5440
383 384 5440
384 385 5440
385 386 5440
386 387 5440
387 388 5440
388 389 5440
389 390 5440
390 391 5440
391 392 5440
392 393 5440
393 394 5440
394 395 5440
395 396 5440
396 397 5440
397 398 5440
398 399 5440
399 400 5440
400 401 5440
401 402 5440
402 403 5440
403 404 5440
404 405 5440
405 406 5440
406 407 5440
407 408 5440
408 409 5440
409 410 5440
410 411 5440
411 412 5440
412 413 5440
413 414 5440
414 415 5440
415 416 5440
416 417 5440
417 418 5440
418 419 5440
419 420 5440
420 421 5440
421 422 5440
422 423 5440
423 424 5440
424 425 5440
425 426 5440
426 427 5440
427 428 5440
428 429 5440
429 430 5440
430 431 5440
431 432 5440
432 433 5440
433 434 5440
434 435 5440
435 436 5440
436 437 5440
437 438 5440
438 439 5440
439 440 5440
440 441 5440
441 442 5440
442 443 5440
443 444 5440
444 445 5440
445 446 5440
446 447 5440
447 448 5440
448 449 5440
449 450 5440
450 451 5440
451 452 5440
452 453 5440
453 454 5440
454 455 5440
455 456 5440
456 457 5440
457 458 5440
458 459 5440
459 460 5440
460 461 5440
461 462 5440
462 463 5440
463 464 5440
464 465 5440
465 466 5440
466 467 5440
467 468 5440
468 469 5440
469 470 5440
470 471 5440
471 472 5440
472 473 5440
473 474 5440
474 475 5440
475 476 5440
476 477 5440
477 478 5440
478 479 5440
479 480 5440
480 481 5440
481 482 5440
482 483 5440
483 484 5440
484 485 5440
485 486 5440
486 487 5440
487 488 5440
488 489 5440
489 490 5440
490 491 5440
491 492 5440
492 493 5440
493 494 5440
494 495 5440
495 496 5440
496 497 5440
497 498 5440
498 499 5440
499 500 5440
500 501 5440
501 502 5440
502 503 5440
503 504 5440
504 505 5440
505 506 5440
506 507 5440
507 508 5440
508 509 5440
509 510 5440
510 511 5440
511 512 5440
512 513 5440
513 514 5440
514 515 5440
515 516 5440
516 517 5440
517 518 5440
518 519 5440
519 520 5440
520 521 5440
521 522 5440
522 523 5440
523 524 5440
524 525 5440
525 526 5440
526 527 5440
527 528 5440
528 529 5440
529 530 5440
530 531 5440
531 532 5440
532 533 5440
533 534 5440
534 535 5440
535 536 5440
536 537 5440
537 538 5440
538 539 5440
539 540 5440
540 541 5440
541 542 5440
542 543 5440
252 349 5440
186 420 5440
260 304 5440
10 54 5440
105 533 5440
79 494 5440
271 275 5440
127 177 5440
28 237 5440
124 462 5440
70 86 5440
78 528 5440
104 466 5440
107 157 5440
115 204 5440
161 464 5440
140 439 5440
102 188 5440
187 295 5440
84 492 5440
65 205 5440
119 250 5440
251 510 5440
85 293 5440
261 499 5440
114 230 5440
177 256 5440
122 222 5440
24 188 5440
132 453 5440
80 174 5440
260 531 5440
172 467 5440
210 294 5440
146 241 5440
115 513 5440
143 232 5440
162 274 5440
87 380 5440
54 72 5440
58 389 5440
140 266 5440
120 472 5440
254 327 5440
150 239 5440
20 74 5440
180 238 5440
200 362 5440
115 317 5440
241 475 5440
64 149 5440
89 442 5440
202 455 5440
64 468 5440
175 290 5440
222 393 5440
167 507 5440
100 323 5440
128 447 5440
238 290 5440
100 272 5440
193 323 5440
240 322 5440
53 449 5440
174 442 5440
178 389 5440
272 335 5440
129 418 5440
130 502 5440
16 485 5440
168 493 5440
258 313 5440
162 373 5440
187 490 5440
46 508 5440
77 121 5440
195 423 5440
18 247 5440
122 248 5440
190 201 5440
35 393 5440
219 315 5440
9 365 5440
252 396 5440
249 536 5440
252 435 5440
111 227 5440
53 61 5440
63 274 5440
154 512 5440
204 401 5440
62 427 5440
147 473 5440
53 453 5440
87 289 5440
151 407 5440
155 189 5440
44 418 5440
218 470 5440
142 231 5440
168 418 5440
268 527 5440
65 451 5440
123 409 5440
197 327 5440
249 536 5440
135 392 5440
189 352 5440
186 202 5440
144 161 5440
37 108 5440
92 486 5440
137 233 5440
193 503 5440
49 240 5440
101 211 5440
186 472 5440
246 338 5440
269 348 5440
137 446 5440
260 331 5440
170 360 5440
138 423 5440
35 54 5440
50 234 5440
184 456 5440
32 350 5440
76 120 5440
184 290 5440
253 495 5440
250 434 5440
0 209 5440
66 247 5440
115 362 5440
61 116 5440
272 322 5440
117 543 5440
221 313 5440
180 238 5440
249 508 5440
35 271 5440
108 391 5440
186 441 5440
93 149 5440
1 3 5440
132 325 5440
268 313 5440
272 359 5440
114 408 5440
205 485 5440
249 329 5440
127 292 5440
173 188 5440
40 46 5440
169 370 5440
210 338 5440
222 422 5440
204 527 5440
174 467 5440
184 464 5440
11 57 5440
65 366 5440
20 203 5440
11 371 5440
31 87 5440
153 222 5440
146 287 5440
160 459 5440
9 395 5440
46 244 5440
81 274 5440
32 437 5440
207 497 5440
125 510 5440
233 363 5440
268 446 5440
103 337 5440
75 81 5440
35 527 5440
63 343 5440
129 385 5440
191 535 5440
187 216 5440
60 346 5440
223 389 5440
49 529 5440
52 488 5440
238 432 5440
19 263 5440
140 154 5440
229 500 5440
60 83 5440
184 522 5440
13 272 5440
223 532 5440
149 294 5440
5 485 5440
50 534 5440
86 144 5440
114 361 5440
190 394 5440
253 484 5440
232 294 5440
94 118 5440
93 224 5440
84 331 5440
64 149 5440
19 86 5440
185 292 5440
88 345 5440
114 496 5440
93 270 5440
153 527 5440
271 372 5440
111 426 5440
5 194 5440
143 267 5440
150 312 5440
244 374 5440
69 434 5440
206 458 5440
176 527 5440
80 264 5440
99 254 5440
102 280 5440
70 427 5440
116 510 5440
97 356 5440
236 453 5440
262 265 5440
59 346 5440
136 446 5440
13 243 5440
10 535 5440
10 256 5440
119 529 5440
114 127 5440
72 395 5440
68 541 5440
113 272 5440
184 405 5440
167 484 5440
94 522 5440
81 491 5440
138 345 5440
262 326 5440
236 518 5440
88 510 5440
232 541 5440
31 470 5440
165 180 5440
67 506 5440
162 527 5440
220 473 5440
197 263 5440
151 542 5440
92 265 5440
248 415 5440
239 490 5440
181 273 5440
144 357 5440
131 503 5440
107 440 5440
2 526 5440
39 211 5440
6 232 5440
143 264 5440
270 273 5440
87 392 5440
169 260 5440
90 188 5440
146 230 5440
194 225 5440
238 303 5440
178 461 5440
168 240 5440
144 453 5440
1 198 5440
10 117 5440
248 309 5440
222 481 5440
191 310 5440
6 179 5440
27 407 5440
168 374 5440
181 198 5440
31 276 5440
149 328 5440
158 502 5440
68 113 5440
242 315 5440
28 65 5440
111 520 5440
207 263 5440
46 452 5440
128 467 5440
22 59 5440
181 366 5440
7 332 5440
133 407 5440
210 409 5440
239 349 5440
198 489 5440
92 528 5440
189 281 5440
30 539 5440
221 357 5440
51 460 5440
213 377 5440
126 280 5440
10 211 5440
166 389 5440
32 358 5440
31 462 5440
182 416 5440
95 480 5440
235 388 5440
122 296 5440
194 421 5440
77 222 5440
178 308 5440
131 487 5440
72 422 5440
195 296 5440
42 176 5440
167 462 5440
265 443 5440
256 504 5440
268 514 5440
13 284 5440
101 488 5440
243 480 5440
34 254 5440
65 261 5440
82 142 5440
56 157 5440
131 482 5440
18 488 5440
259 319 5440
100 454 5440
58 299 5440
180 440 5440
134 479 5440
10 317 5440
179 316 5440
114 424 5440
265 518 5440
4 55 5440
249 406 5440
202 383 5440
143 323 5440
108 240 5440
139 270 5440
163 492 5440
251 442 5440
52 322 5440
204 506 5440
59 217 5440
17 218 5440
38 498 5440
84 464 5440
36 382 5440
147 531 5440
45 469 5440
160 265 5440
5 473 5440
129 211 5440
202 444 5440
159 193 5440
210 460 5440
211 483 5440
79 384 5440
240 516 5440
50 424 5440
167 464 5440
39 260 5440
146 304 5440
116 232 5440
107 321 5440
33 114 5440
263 470 5440
6 272 5440
6 307 5440
165 267 5440
227 474 5440
267 319 5440
121 537 5440
149 195 5440
34 102 5440
132 492 5440
153 342 5440
228 315 5440
6 206 5440
140 395 5440
260 333 5440
82 402 5440
73 224 5440
196 273 5440
271 357 5440
139 316 5440
35 116 5440
145 407 5440
13 82 5440
208 474 5440
185 425 5440
73 532 5440
8 426 5440
140 474 5440
119 162 5440
55 112 5440
6 174 5440
118 353 5440
253 324 5440
53 501 5440
160 404 5440
229 234 5440
162 316 5440
160 458 5440
224 254 5440
157 274 5440
213 262 5440
76 455 5440
99 240 5440
247 381 5440
52 230 5440
253 542 5440
82 289 5440
185 521 5440
147 527 5440
2 222 5440
16 378 5440
46 421 5440
199 403 5440
248 507 5440
153 266 5440
235 441 5440
124 458 5440
35 406 5440
67 176 5440
25 450 5440
84 298 5440
176 372 5440
212 318 5440
123 295 5440
150 331 5440
91 202 5440
206 261 5440
264 529 5440
55 178 5440
78 113 5440
246 454 5440
6 311 5440
127 194 5440
80 164 5440
174 366 5440
110 337 5440
94 141 5440
2 95 5440
199 345 5440
3 516 5440
36 106 5440
104 298 5440
40 79 5440
82 112 5440
2 491 5440
231 441 5440
211 229 5440
89 316 5440
13 517 5440
95 336 5440
36 476 5440
78 201 5440
205 280 5440
150 484 5440
10 219 5440
254 432 5440
27 480 5440
31 377 5440
227 245 5440
51 274 5440
213 351 5440
206 310 5440
56 265 5440
151 230 5440
64 310 5440
244 297 5440
227 411 5440
234 240 5440
93 238 5440
92 126 5440
153 325 5440
55 462 5440
62 321 5440
230 325 5440
12 95 5440
161 367 5440
6 466 5440
182 397 5440
221 523 5440
113 520 5440
92 114 5440
30 199 5440
63 313 5440
73 236 5440
181 404 5440
48 247 5440
240 458 5440
72 443 5440
77 319 5440
141 469 5440
129 416 5440
237 392 5440
16 255 5440
235 431 5440
36 537 5440
217 238 5440
127 317 5440
9 389 5440
258 439 5440
64 301 5440
92 234 5440
236 243 5440
124 394 5440
80 420 5440
125 478 5440
7 107 5440
266 417 5440
231 393 5440
224 256 5440
258 414 5440
94 105 5440
168 395 5440
222 339 5440
44 435 5440
45 360 5440
104 179 5440
206 440 5440
132 425 5440
35 375 5440
