0 1 5480
1 2 5480
2 3 5480
3 4 5480
4 5 5480
5 6 5480
6 7 5480
7 8 5480
8 9 5480
9 10 5480
10 11 5480
11 12 5480
12 13 5480
13 14 5480
14 15 5480
15 16 5480
16 17 5480
17 18 5480
18 19 5480
19 20 5480
20 21 5480
21 22 5480
22 23 5480
23 24 5480
24 25 5480
25 26 5480
26 27 5480
27 28 5480
28 29 5480
29 30 5480
30 31 5480
31 32 5480
32 33 5480
33 34 5480
34 35 5480
35 36 5480
36 37 5480
37 38 5480
38 39 5480
39 40 5480
40 41 5480
41 42 5480
42 43 5480
43 44 5480
44 45 5480
45 46 5480
46 47 5480
47 48 5480
48 49 5480
49 50 5480
50 51 5480
51 52 5480
52 53 5480
53 54 5480
54 55 5480
55 56 5480
56 57 5480
57 58 5480
58 59 5480
59 60 5480
60 61 5480
61 62 5480
62 63 5480
63 64 5480
64 65 5480
65 66 5480
66 67 5480
67 68 5480
68 69 5480
69 70 5480
70 71 5480
71 72 5480
72 73 5480
73 74 5480
74 75 5480
75 76 5480
76 77 5480
77 78 5480
78 79 5480
79 80 5480
80 81 5480
81 82 5480
82 83 5480
83 84 5480
84 85 5480
85 86 5480
86 87 5480
87 88 5480
88 89 5480
89 90 5480
90 91 5480
91 92 5480
92 93 5480
93 94 5480
94 95 5480
95 96 5480
96 97 5480
97 98 5480
98 99 5480
99 100 5480
100 101 5480
101 102 5480
102 103 5480
103 104 5480
104 105 5480
105 106 5480
106 107 5480
107 108 5480
108 109 5480
109 110 5480
110 111 5480
111 112 5480
112 113 5480
113 114 5480
114 115 5480
115 116 5480
116 117 5480
117 118 5480
118 119 5480
119 120 5480
120 121 5480
121 122 5480
122 123 5480
123 124 5480
124 125 5480
125 126 5480
126 127 5480
127 128 5480
128 129 5480
129 130 5480
130 131 5480
131 132 5480
132 133 5480
133 134 5480
134 135 5480
135 136 5480
136 137 5480
137 138 5480
138 139 5480
139 140 5480
140 141 5480
141 142 5480
142 143 5480
143 144 5480
144 145 5480
145 146 5480
146 147 5480
147 148 5480
148 149 5480
149 150 5480
150 151 5480
151 152 5480
152 153 5480
153 154 5480
154 155 5480
155 156 5480
156 157 5480
157 158 5480
158 159 5480
159 160 5480
160 161 5480
161 162 5480
162 163 5480
163 164 5480
164 165 5480
165 166 5480
166 167 5480
167 168 5480
168 169 5480
169 170 5480
170 171 5480
171 172 5480
172 173 5480
173 174 5480
174 175 5480
175 176 5480
176 177 5480
177 178 5480
178 179 5480
179 180 5480
180 181 5480
181 182 5480
182 183 5480
183 184 5480
184 185 5480
185 186 5480
186 187 5480
187 188 5480
188 189 5480
189 190 5480
190 191 5480
191 192 5480
192 193 5480
193 194 5480
194 195 5480
195 196 5480
196 197 5480
197 198 5480
198 199 5480
199 200 5480
200 201 5480
201 202 5480
202 203 5480
203 204 5480
204 205 5480
205 206 5480
206 207 5480
207 208 5480
208 209 5480
209 210 5480
210 211 5480
211 212 5480
212 213 5480
213 214 5480
214 215 5480
215 216 5480
216 217 5480
217 218 5480
218 219 5480
219 220 5480
220 221 5480
221 222 5480
222 223 5480
223 224 5480
224 225 5480
225 226 5480
226 227 5480
227 228 5480
228 229 5480
229 230 5480
230 231 5480
231 232 5480
232 233 5480
233 234 5480
234 235 5480
235 236 5480
236 237 5480
237 238 5480
238 239 5480
239 240 5480
240 241 5480
241 242 5480
242 243 5480
243 244 5480
244 245 5480
245 246 5480
246 247 5480
247 248 5480
248 249 5480
249 250 5480
250 251 5480
251 252 5480
252 253 5480
253 254 5480
254 255 5480
255 256 5480
256 257 5480
257 258 5480
258 259 5480
259 260 5480
260 261 5480
261 262 5480
262 263 5480
263 264 5480
264 265 5480
265 266 5480
266 267 5480
267 268 5480
268 269 5480
269 270 5480
270 271 5480
271 272 5480
272 273 5480
273 274 5480
274 275 5480
275 276 5480
276 277 5480
277 278 5480
278 279 5480
279 280 5480
280 281 5480
281 282 5480
282 283 5480
283 284 5480
284 285 5480
285 286 5480
286 287 5480
287 288 5480
288 289 5480
289 290 5480
290 291 5480
291 292 5480
292 293 5480
293 294 5480
294 295 5480
295 296 5480
296 297 5480
297 298 5480
298 299 5480
299 300 5480
300 301 5480
301 302 5480
302 303 5480
303 304 5480
304 305 5480
305 306 5480
306 307 5480
307 308 5480
308 309 5480
309 310 5480
310 311 5480
311 312 5480
312 313 5480
313 314 5480
314 315 5480
315 316 5480
316 317 5480
317 318 5480
318 319 5480
319 320 5480
320 321 5480
321 322 5480
322 323 5480
323 324 5480
324 325 5480
325 326 5480
326 327 5480
327 328 5480
328 329 5480
329 330 5480
330 331 5480
331 332 5480
332 333 5480
333 334 5480
334 335 5480
335 336 5480
336 337 5480
337 338 5480
338 339 5480
339 340 5480
340 341 5480
341 342 5480
342 343 5480
343 344 5480
344 345 5480
345 346 5480
346 347 5480
347 348 5480
348 349 5480
349 350 5480
350 351 5480
351 352 5480
352 353 5480
353 354 5480
354 355 5480
355 356 5480
356 357 5480
357 358 5480
358 359 5480
359 360 5480
360 361 5480
361 362 5480
362 363 5480
363 364 5480
364 365 5480
365 366 5480
366 367 5480
367 368 5480
368 369 5480
369 370 5480
370 371 5480
371 372 5480
372 373 5480
373 374 5480
374 375 5480
375 376 5480
376 377 5480
377 378 5480
378 379 5480
379 380 5480
380 381 5480
381 382 5480
382 383 5480
383 384 5480
384 385 5480
385 386 5480
386 387 5480
387 388 5480
388 389 5480
389 390 5480
390 391 5480
391 392 5480
392 393 5480
393 394 5480
394 395 5480
395 396 5480
396 397 5480
397 398 5480
398 399 5480
399 400 5480
400 401 5480
401 402 5480
402 403 5480
403 404 5480
404 405 5480
405 406 5480
406 407 5480
407 408 5480
408 409 5480
409 410 5480
410 411 5480
411 412 5480
412 413 5480
413 414 5480
414 415 5480
415 416 5480
416 417 5480
417 418 5480
418 419 5480
419 420 5480
420 421 5480
421 422 5480
422 423 5480
423 424 5480
424 425 5480
425 426 5480
426 427 5480
427 428 5480
428 429 5480
429 430 5480
430 431 5480
431 432 5480
432 433 5480
433 434 5480
434 435 5480
435 436 5480
436 437 5480
437 438 5480
438 439 5480
439 440 5480
440 441 5480
441 442 5480
442 443 5480
443 444 5480
444 445 5480
445 446 5480
446 447 5480
447 448 5480
448 449 5480
449 450 5480
450 451 5480
451 452 5480
452 453 5480
453 454 5480
454 455 5480
455 456 5480
456 457 5480
457 458 5480
458 459 5480
459 460 5480
460 461 5480
461 462 5480
462 463 5480
463 464 5480
464 465 5480
465 466 5480
466 467 5480
467 468 5480
468 469 5480
469 470 5480
470 471 5480
471 472 5480
472 473 5480
473 474 5480
474 475 5480
475 476 5480
476 477 5480
477 478 5480
478 479 5480
479 480 5480
480 481 5480
481 482 5480
482 483 5480
483 484 5480
484 485 5480
485 486 5480
486 487 5480
487 488 5480
488 489 5480
489 490 5480
490 491 5480
491 492 5480
492 493 5480
493 494 5480
494 495 5480
495 496 5480
496 497 5480
497 498 5480
498 499 5480
499 500 5480
500 501 5480
501 502 5480
502 503 5480
503 504 5480
504 505 5480
505 506 5480
506 507 5480
507 508 5480
508 509 5480
509 510 5480
510 511 5480
511 512 5480
512 513 5480
513 514 5480
514 515 5480
515 516 5480
516 517 5480
517 518 5480
518 519 5480
519 520 5480
520 521 5480
521 522 5480
522 523 5480
523 524 5480
524 525 5480
525 526 5480
526 527 5480
527 528 5480
528 529 5480
529 530 5480
530 531 5480
531 532 5480
532 533 5480
533 534 5480
534 535 5480
535 536 5480
536 537 5480
537 538 5480
538 539 5480
539 540 5480
540 541 5480
541 542 5480
542 543 5480
543 544 5480
544 545 5480
545 546 5480
546 547 5480
112 500 5480
123 171 5480
207 234 5480
163 411 5480
37 183 5480
11 106 5480
263 479 5480
180 521 5480
186 390 5480
90 146 5480
10 402 5480
17 186 5480
179 222 5480
43 370 5480
48 365 5480
146 173 5480
3 478 5480
208 499 5480
196 390 5480
124 489 5480
45 86 5480
177 404 5480
9 335 5480
87 130 5480
156 370 5480
10 428 5480
147 487 5480
203 545 5480
129 443 5480
265 292 5480
71 320 5480
148 163 5480
207 210 5480
234 240 5480
22 315 5480
136 232 5480
68 95 5480
2 309 5480
97 457 5480
150 481 5480
64 435 5480
204 413 5480
118 419 5480
39 496 5480
185 289 5480
187 450 5480
268 416 5480
214 334 5480
239 452 5480
272 357 5480
4 169 5480
34 430 5480
266 468 5480
217 327 5480
15 354 5480
22 137 5480
152 394 5480
78 122 5480
172 264 5480
5 375 5480
200 250 5480
128 290 5480
254 451 5480
202 430 5480
13 84 5480
190 542 5480
173 179 5480
204 326 5480
169 518 5480
190 305 5480
81 547 5480
9 38 5480
139 228 5480
247 446 5480
169 399 5480
78 401 5480
163 344 5480
213 383 5480
165 456 5480
103 490 5480
26 72 5480
15 21 5480
224 359 5480
195 287 5480
167 510 5480
238 398 5480
133 451 5480
113 140 5480
210 522 5480
162 257 5480
139 416 5480
82 357 5480
145 319 5480
146 408 5480
141 317 5480
218 438 5480
183 313 5480
184 283 5480
144 399 5480
29 232 5480
238 417 5480
36 226 5480
98 338 5480
116 192 5480
25 292 5480
269 302 5480
249 475 5480
219 427 5480
128 279 5480
237 403 5480
45 173 5480
270 306 5480
227 412 5480
191 302 5480
16 135 5480
119 387 5480
30 282 5480
120 280 5480
181 542 5480
220 488 5480
68 460 5480
4 102 5480
66 507 5480
11 35 5480
193 513 5480
56 235 5480
162 501 5480
200 312 5480
87 408 5480
31 238 5480
61 232 5480
223 504 5480
159 176 5480
265 359 5480
224 529 5480
134 386 5480
61 224 5480
189 389 5480
58 192 5480
126 421 5480
13 398 5480
52 176 5480
137 359 5480
202 248 5480
86 522 5480
190 228 5480
245 480 5480
110 546 5480
253 307 5480
10 361 5480
70 185 5480
140 275 5480
118 219 5480
28 492 5480
120 547 5480
8 28 5480
266 364 5480
54 250 5480
115 148 5480
20 175 5480
115 143 5480
207 218 5480
42 212 5480
30 401 5480
195 200 5480
219 460 5480
37 283 5480
201 363 5480
243 264 5480
42 167 5480
113 472 5480
63 388 5480
92 232 5480
48 297 5480
69 400 5480
54 506 5480
75 190 5480
90 237 5480
197 199 5480
222 354 5480
125 164 5480
154 161 5480
201 484 5480
178 414 5480
129 430 5480
153 419 5480
68 189 5480
123 344 5480
143 343 5480
270 316 5480
75 191 5480
10 464 5480
149 370 5480
159 348 5480
43 227 5480
241 310 5480
37 70 5480
262 318 5480
58 405 5480
22 471 5480
102 380 5480
93 228 5480
171 202 5480
11 33 5480
14 167 5480
243 487 5480
56 510 5480
175 488 5480
243 457 5480
144 500 5480
18 149 5480
48 295 5480
27 256 5480
165 447 5480
80 228 5480
219 320 5480
152 366 5480
57 240 5480
9 47 5480
201 285 5480
87 113 5480
111 371 5480
206 473 5480
152 441 5480
237 375 5480
32 400 5480
215 301 5480
191 412 5480
79 526 5480
121 241 5480
237 519 5480
181 269 5480
205 235 5480
225 237 5480
220 495 5480
211 329 5480
192 417 5480
169 488 5480
13 65 5480
243 363 5480
252 457 5480
211 415 5480
250 464 5480
119 180 5480
59 187 5480
21 307 5480
112 206 5480
257 308 5480
166 368 5480
196 252 5480
273 505 5480
61 246 5480
0 125 5480
189 508 5480
119 180 5480
221 486 5480
42 167 5480
2 425 5480
170 375 5480
26 97 5480
175 320 5480
169 255 5480
131 448 5480
145 470 5480
221 456 5480
261 342 5480
252 351 5480
239 467 5480
106 317 5480
193 534 5480
228 458 5480
246 393 5480
214 397 5480
44 60 5480
247 302 5480
10 462 5480
59 168 5480
27 418 5480
102 279 5480
243 532 5480
270 525 5480
39 523 5480
118 276 5480
266 375 5480
63 486 5480
142 334 5480
213 417 5480
178 475 5480
196 428 5480
171 295 5480
179 514 5480
154 297 5480
158 323 5480
15 524 5480
67 346 5480
171 480 5480
244 316 5480
160 298 5480
82 486 5480
31 374 5480
106 286 5480
192 324 5480
260 531 5480
168 499 5480
13 275 5480
73 523 5480
39 181 5480
165 539 5480
41 417 5480
42 127 5480
270 351 5480
173 531 5480
269 285 5480
203 206 5480
221 538 5480
136 494 5480
211 544 5480
15 71 5480
237 282 5480
252 358 5480
36 290 5480
58 121 5480
202 344 5480
90 310 5480
54 260 5480
117 369 5480
171 349 5480
179 258 5480
33 346 5480
185 347 5480
271 404 5480
113 453 5480
32 460 5480
92 286 5480
250 284 5480
206 222 5480
165 299 5480
90 488 5480
274 469 5480
234 448 5480
249 318 5480
264 433 5480
66 472 5480
133 188 5480
65 402 5480
88 399 5480
100 500 5480
259 333 5480
95 222 5480
241 366 5480
190 520 5480
166 329 5480
1 150 5480
98 222 5480
242 467 5480
104 539 5480
206 257 5480
140 263 5480
101 486 5480
103 245 5480
3 491 5480
14 211 5480
246 340 5480
273 456 5480
10 364 5480
225 470 5480
104 270 5480
218 400 5480
254 361 5480
48 378 5480
82 263 5480
21 426 5480
225 228 5480
79 219 5480
58 241 5480
7 42 5480
118 333 5480
124 546 5480
106 501 5480
117 409 5480
254 409 5480
180 502 5480
245 518 5480
100 487 5480
215 512 5480
190 329 5480
78 267 5480
19 522 5480
31 262 5480
222 473 5480
252 404 5480
246 438 5480
26 192 5480
78 529 5480
97 189 5480
40 446 5480
245 547 5480
111 131 5480
210 533 5480
245 496 5480
140 356 5480
234 322 5480
232 277 5480
184 220 5480
162 417 5480
101 274 5480
177 202 5480
158 508 5480
129 537 5480
14 287 5480
260 394 5480
10 278 5480
262 385 5480
238 308 5480
60 286 5480
55 255 5480
175 358 5480
99 311 5480
210 540 5480
173 296 5480
140 514 5480
121 511 5480
260 352 5480
8 522 5480
173 203 5480
136 309 5480
187 533 5480
203 267 5480
35 346 5480
123 484 5480
175 443 5480
143 520 5480
49 227 5480
60 338 5480
117 392 5480
35 416 5480
225 383 5480
60 280 5480
98 365 5480
41 148 5480
137 264 5480
72 462 5480
55 229 5480
23 264 5480
208 420 5480
83 347 5480
124 488 5480
102 138 5480
273 364 5480
135 474 5480
188 542 5480
156 474 5480
189 191 5480
243 346 5480
260 511 5480
264 279 5480
263 364 5480
120 310 5480
148 175 5480
255 334 5480
91 94 5480
45 68 5480
171 190 5480
88 296 5480
144 203 5480
2 310 5480
176 192 5480
3 90 5480
265 397 5480
237 260 5480
69 321 5480
129 144 5480
240 255 5480
144 203 5480
243 473 5480
129 423 5480
98 182 5480
96 134 5480
41 347 5480
118 219 5480
147 378 5480
92 99 5480
249 514 5480
201 370 5480
194 229 5480
15 307 5480
36 339 5480
115 206 5480
3 475 5480
252 287 5480
223 537 5480
257 401 5480
234 257 5480
38 367 5480
215 381 5480
67 323 5480
194 535 5480
89 528 5480
92 295 5480
82 487 5480
49 424 5480
7 92 5480
193 421 5480
162 287 5480
273 299 5480
47 207 5480
93 187 5480
70 317 5480
219 363 5480
176 210 5480
188 393 5480
88 431 5480
257 460 5480
5 435 5480
196 356 5480
234 443 5480
132 545 5480
101 393 5480
259 437 5480
211 246 5480
15 471 5480
198 470 5480
29 66 5480
14 343 5480
157 303 5480
158 538 5480
41 81 5480
211 426 5480
269 388 5480
182 511 5480
211 397 5480
77 488 5480
214 542 5480
59 199 5480
90 255 5480
54 216 5480
264 468 5480
146 397 5480
274 467 5480
274 441 5480
81 357 5480
165 312 5480
181 382 5480
160 482 5480
16 407 5480
