0 1 5520
1 2 5520
2 3 5520
3 4 5520
4 5 5520
5 6 5520
6 7 5520
7 8 5520
8 9 5520
9 10 5520
10 11 5520
11 12 5520
12 13 5520
13 14 5520
14 15 5520
15 16 5520
16 17 5520
17 18 5520
18 19 5520
19 20 5520
20 21 5520
21 22 5520
22 23 5520
23 24 5520
24 25 5520
25 26 5520
26 27 5520
27 28 5520
28 29 5520
29 30 5520
30 31 5520
31 32 5520
32 33 5520
33 34 5520
34 35 5520
35 36 5520
36 37 5520
37 38 5520
38 39 5520
39 40 5520
40 41 5520
41 42 5520
42 43 5520
43 44 5520
44 45 5520
45 46 5520
46 47 5520
47 48 5520
48 49 5520
49 50 5520
50 51 5520
51 52 5520
52 53 5520
53 54 5520
54 55 5520
55 56 5520
56 57 5520
57 58 5520
58 59 5520
59 60 5520
60 61 5520
61 62 5520
62 63 5520
63 64 5520
64 65 5520
65 66 5520
66 67 5520
67 68 5520
68 69 5520
69 70 5520
70 71 5520
71 72 5520
72 73 5520
73 74 5520
74 75 5520
75 76 5520
76 77 5520
77 78 5520
78 79 5520
79 80 5520
80 81 5520
81 82 5520
82 83 5520
83 84 5520
84 85 5520
85 86 5520
86 87 5520
87 88 5520
88 89 5520
89 90 5520
90 91 5520
91 92 5520
92 93 5520
93 94 5520
94 95 5520
95 96 5520
96 97 5520
97 98 5520
98 99 5520
99 100 5520
100 101 5520
101 102 5520
102 103 5520
103 104 5520
104 105 5520
105 106 5520
106 107 5520
107 108 5520
108 109 5520
109 110 5520
110 111 5520
111 112 5520
112 113 5520
113 114 5520
114 115 5520
115 116 5520
116 117 5520
117 118 5520
118 119 5520
119 120 5520
120 121 5520
121 122 5520
122 123 5520
123 124 5520
124 125 5520
125 126 5520
126 127 5520
127 128 5520
128 129 5520
129 130 5520
130 131 5520
131 132 5520
132 133 5520
133 134 5520
134 135 5520
135 136 5520
136 137 5520
137 138 5520
138 139 5520
139 140 5520
140 141 5520
141 142 5520
142 143 5520
143 144 5520
144 145 5520
145 146 5520
146 147 5520
147 148 5520
148 149 5520
149 150 5520
150 151 5520
151 152 5520
152 153 5520
153 154 5520
154 155 5520
155 156 5520
156 157 5520
157 158 5520
158 159 5520
159 160 5520
160 161 5520
161 162 5520
162 163 5520
163 164 5520
164 165 5520
165 166 5520
166 167 5520
167 168 5520
168 169 5520
169 170 5520
170 171 5520
171 172 5520
172 173 5520
173 174 5520
174 175 5520
175 176 5520
176 177 5520
177 178 5520
178 179 5520
179 180 5520
180 181 5520
181 182 5520
182 183 5520
183 184 5520
184 185 5520
185 186 5520
186 187 5520
187 188 5520
188 189 5520
189 190 5520
190 191 5520
191 192 5520
192 193 5520
193 194 5520
194 195 5520
195 196 5520
196 197 5520
197 198 5520
198 199 5520
199 200 5520
200 201 5520
201 202 5520
202 203 5520
203 204 5520
204 205 5520
205 206 5520
206 207 5520
207 208 5520
208 209 5520
209 210 5520
210 211 5520
211 212 5520
212 213 5520
213 214 5520
214 215 5520
215 216 5520
216 217 5520
217 218 5520
218 219 5520
219 220 5520
220 221 5520
221 222 5520
222 223 5520
223 224 5520
224 225 5520
225 226 5520
226 227 5520
227 228 5520
228 229 5520
229 230 5520
230 231 5520
231 232 5520
232 233 5520
233 234 5520
234 235 5520
235 236 5520
236 237 5520
237 238 5520
238 239 5520
239 240 5520
240 241 5520
241 242 5520
242 243 5520
243 244 5520
244 245 5520
245 246 5520
246 247 5520
247 248 5520
248 249 5520
249 250 5520
250 251 5520
251 252 5520
252 253 5520
253 254 5520
254 255 5520
255 256 5520
256 257 5520
257 258 5520
258 259 5520
259 260 5520
260 261 5520
261 262 5520
262 263 5520
263 264 5520
264 265 5520
265 266 5520
266 267 5520
267 268 5520
268 269 5520
269 270 5520
270 271 5520
271 272 5520
272 273 5520
273 274 5520
274 275 5520
275 276 5520
276 277 5520
277 278 5520
278 279 5520
279 280 5520
280 281 5520
281 282 5520
282 283 5520
283 284 5520
284 285 5520
285 286 5520
286 287 5520
287 288 5520
288 289 5520
289 290 5520
290 291 5520
291 292 5520
292 293 5520
293 294 5520
294 295 5520
295 296 5520
296 297 5520
297 298 5520
298 299 5520
299 300 5520
300 301 5520
301 302 5520
302 303 5520
303 304 5520
304 305 5520
305 306 5520
306 307 5520
307 308 5520
308 309 5520
309 310 5520
310 311 5520
311 312 5520
312 313 5520
313 314 5520
314 315 5520
315 316 5520
316 317 5520
317 318 5520
318 319 5520
319 320 5520
320 321 5520
321 322 5520
322 323 5520
323 324 5520
324 325 5520
325 326 5520
326 327 5520
327 328 5520
328 329 5520
329 330 5520
330 331 5520
331 332 5520
332 333 5520
333 334 5520
334 335 5520
335 336 5520
336 337 5520
337 338 5520
338 339 5520
339 340 5520
340 341 5520
341 342 5520
342 343 5520
343 344 5520
344 345 5520
345 346 5520
346 347 5520
347 348 5520
348 349 5520
349 350 5520
350 351 5520
351 352 5520
352 353 5520
353 354 5520
354 355 5520
355 356 5520
356 357 5520
357 358 5520
358 359 5520
359 360 5520
360 361 5520
361 362 5520
362 363 5520
363 364 5520
364 365 5520
365 366 5520
366 367 5520
367 368 5520
368 369 5520
369 370 5520
370 371 5520
371 372 5520
372 373 5520
373 374 5520
374 375 5520
375 376 5520
376 377 5520
377 378 5520
378 379 5520
379 380 5520
380 381 5520
381 382 5520
382 383 5520
383 384 5520
384 385 5520
385 386 5520
386 387 5520
387 388 5520
388 389 5520
389 390 5520
390 391 5520
391 392 5520
392 393 5520
393 394 5520
394 395 5520
395 396 5520
396 397 5520
397 398 5520
398 399 5520
399 400 5520
400 401 5520
401 402 5520
402 403 5520
403 404 5520
404 405 5520
405 406 5520
406 407 5520
407 408 5520
408 409 5520
409 410 5520
410 411 5520
411 412 5520
412 413 5520
413 414 5520
414 415 5520
415 416 5520
416 417 5520
417 418 5520
418 419 5520
419 420 5520
420 421 5520
421 422 5520
422 423 5520
423 424 5520
424 425 5520
425 426 5520
426 427 5520
427 428 5520
428 429 5520
429 430 5520
430 431 5520
431 432 5520
432 433 5520
433 434 5520
434 435 5520
435 436 5520
436 437 5520
437 438 5520
438 439 5520
439 440 5520
440 441 5520
441 442 5520
442 443 5520
443 444 5520
444 445 5520
445 446 5520
446 447 5520
447 448 5520
448 449 5520
449 450 5520
450 451 5520
451 452 5520
452 453 5520
453 454 5520
454 455 5520
455 456 5520
456 457 5520
457 458 5520
458 459 5520
459 460 5520
460 461 5520
461 462 5520
462 463 5520
463 464 5520
464 465 5520
465 466 5520
466 467 5520
467 468 5520
468 469 5520
469 470 5520
470 471 5520
471 472 5520
472 473 5520
473 474 5520
474 475 5520
475 476 5520
476 477 5520
477 478 5520
478 479 5520
479 480 5520
480 481 5520
481 482 5520
482 483 5520
483 484 5520
484 485 5520
485 486 5520
486 487 5520
487 488 5520
488 489 5520
489 490 5520
490 491 5520
491 492 5520
492 493 5520
493 494 5520
494 495 5520
495 496 5520
496 497 5520
497 498 5520
498 499 5520
499 500 5520
500 501 5520
501 502 5520
502 503 5520
503 504 5520
504 505 5520
505 506 5520
506 507 5520
507 508 5520
508 509 5520
509 510 5520
510 511 5520
511 512 5520
512 513 5520
513 514 5520
514 515 5520
515 516 5520
516 517 5520
517 518 5520
518 519 5520
519 520 5520
520 521 5520
521 522 5520
522 523 5520
523 524 5520
524 525 5520
525 526 5520
526 527 5520
527 528 5520
528 529 5520
529 530 5520
530 531 5520
531 532 5520
532 533 5520
533 534 5520
534 535 5520
535 536 5520
536 537 5520
537 538 5520
538 539 5520
539 540 5520
540 541 5520
541 542 5520
542 543 5520
543 544 5520
544 545 5520
545 546 5520
546 547 5520
547 548 5520
548 549 5520
549 550 5520
550 551 5520
270 549 5520
119 167 5520
72 523 5520
160 309 5520
254 399 5520
132 440 5520
19 516 5520
175 495 5520
274 527 5520
221 473 5520
154 502 5520
163 467 5520
233 501 5520
102 396 5520
240 361 5520
99 425 5520
223 302 5520
261 369 5520
246 274 5520
27 316 5520
32 539 5520
178 206 5520
235 290 5520
166 478 5520
15 43 5520
188 375 5520
129 530 5520
103 230 5520
90 124 5520
236 508 5520
151 492 5520
72 181 5520
10 523 5520
39 368 5520
167 351 5520
126 438 5520
261 418 5520
57 238 5520
27 238 5520
88 349 5520
52 341 5520
114 348 5520
211 407 5520
130 525 5520
259 546 5520
247 501 5520
153 205 5520
268 304 5520
232 504 5520
16 370 5520
155 477 5520
241 482 5520
211 374 5520
16 344 5520
236 326 5520
122 442 5520
45 460 5520
3 388 5520
50 273 5520
115 500 5520
98 130 5520
249 387 5520
256 537 5520
83 453 5520
173 378 5520
212 242 5520
269 332 5520
129 195 5520
223 454 5520
130 331 5520
149 406 5520
154 518 5520
265 396 5520
27 446 5520
30 228 5520
190 443 5520
63 69 5520
115 424 5520
30 171 5520
50 250 5520
55 303 5520
79 539 5520
70 79 5520
126 156 5520
257 395 5520
118 166 5520
72 399 5520
247 326 5520
112 256 5520
81 540 5520
107 283 5520
76 121 5520
25 400 5520
42 179 5520
168 451 5520
87 183 5520
66 145 5520
56 85 5520
8 139 5520
10 231 5520
235 438 5520
118 497 5520
116 422 5520
13 138 5520
147 535 5520
57 319 5520
28 248 5520
63 322 5520
183 291 5520
151 312 5520
41 57 5520
206 290 5520
129 469 5520
244 459 5520
170 470 5520
14 343 5520
20 66 5520
260 292 5520
205 312 5520
65 406 5520
219 442 5520
244 290 5520
262 331 5520
171 287 5520
214 374 5520
119 408 5520
246 359 5520
136 172 5520
81 151 5520
240 499 5520
97 136 5520
27 334 5520
123 462 5520
106 276 5520
172 372 5520
251 369 5520
26 517 5520
186 380 5520
191 374 5520
92 396 5520
103 528 5520
253 301 5520
271 527 5520
180 199 5520
219 367 5520
276 367 5520
31 516 5520
54 551 5520
179 244 5520
156 180 5520
87 352 5520
35 219 5520
164 464 5520
232 428 5520
103 210 5520
135 265 5520
232 242 5520
48 231 5520
165 332 5520
163 421 5520
136 520 5520
25 102 5520
18 402 5520
123 424 5520
214 254 5520
30 114 5520
173 292 5520
256 531 5520
258 425 5520
172 291 5520
80 85 5520
161 196 5520
163 388 5520
157 529 5520
40 549 5520
249 515 5520
46 241 5520
5 226 5520
265 380 5520
263 269 5520
258 462 5520
132 148 5520
144 148 5520
67 232 5520
1 226 5520
152 366 5520
131 253 5520
225 269 5520
162 338 5520
256 303 5520
272 503 5520
214 276 5520
123 344 5520
188 210 5520
17 129 5520
236 409 5520
166 221 5520
8 491 5520
253 394 5520
87 322 5520
235 333 5520
275 434 5520
97 476 5520
85 357 5520
94 490 5520
122 304 5520
210 528 5520
204 390 5520
104 209 5520
271 493 5520
154 186 5520
14 131 5520
173 452 5520
177 348 5520
175 332 5520
32 531 5520
238 243 5520
133 348 5520
5 468 5520
108 232 5520
258 470 5520
273 435 5520
139 476 5520
117 360 5520
177 419 5520
209 267 5520
155 173 5520
68 403 5520
169 395 5520
99 533 5520
30 313 5520
222 472 5520
65 135 5520
276 493 5520
161 184 5520
88 104 5520
191 457 5520
118 495 5520
114 374 5520
253 352 5520
276 309 5520
61 242 5520
30 183 5520
159 400 5520
156 204 5520
122 124 5520
0 179 5520
196 503 5520
69 520 5520
70 98 5520
199 526 5520
105 233 5520
271 478 5520
166 365 5520
195 498 5520
126 130 5520
246 429 5520
25 142 5520
38 149 5520
146 409 5520
64 453 5520
224 328 5520
39 157 5520
214 278 5520
53 332 5520
197 358 5520
276 284 5520
242 292 5520
26 398 5520
214 431 5520
139 314 5520
217 364 5520
92 233 5520
21 404 5520
259 463 5520
89 376 5520
202 540 5520
40 100 5520
227 378 5520
162 502 5520
248 393 5520
142 248 5520
192 405 5520
257 339 5520
142 289 5520
138 376 5520
13 119 5520
126 508 5520
93 315 5520
47 96 5520
153 258 5520
20 207 5520
107 539 5520
241 449 5520
216 464 5520
88 167 5520
78 255 5520
52 415 5520
253 350 5520
59 186 5520
50 393 5520
103 146 5520
105 283 5520
56 441 5520
106 507 5520
83 435 5520
244 415 5520
7 51 5520
206 277 5520
111 298 5520
193 333 5520
205 288 5520
167 265 5520
262 268 5520
123 506 5520
271 514 5520
61 421 5520
229 504 5520
20 301 5520
170 191 5520
267 325 5520
150 254 5520
246 283 5520
229 460 5520
131 539 5520
110 548 5520
248 536 5520
136 306 5520
114 455 5520
137 242 5520
35 98 5520
133 361 5520
82 233 5520
189 492 5520
114 533 5520
181 183 5520
99 244 5520
105 465 5520
179 278 5520
242 470 5520
245 325 5520
77 277 5520
139 208 5520
159 322 5520
240 485 5520
158 522 5520
179 353 5520
191 203 5520
161 282 5520
253 372 5520
149 417 5520
208 244 5520
60 183 5520
68 421 5520
1 376 5520
220 527 5520
241 380 5520
259 480 5520
153 532 5520
81 331 5520
16 248 5520
103 188 5520
13 67 5520
196 532 5520
147 229 5520
34 357 5520
46 330 5520
169 244 5520
82 146 5520
154 543 5520
37 453 5520
48 405 5520
261 551 5520
259 352 5520
262 327 5520
149 357 5520
174 245 5520
199 497 5520
97 215 5520
243 373 5520
127 257 5520
59 165 5520
167 528 5520
52 545 5520
160 469 5520
181 311 5520
176 428 5520
177 423 5520
12 433 5520
223 378 5520
136 330 5520
205 422 5520
23 132 5520
195 429 5520
205 439 5520
210 346 5520
142 229 5520
146 343 5520
17 97 5520
153 430 5520
162 286 5520
192 221 5520
80 339 5520
248 394 5520
195 272 5520
234 373 5520
266 323 5520
181 366 5520
10 222 5520
155 470 5520
44 195 5520
246 542 5520
192 472 5520
140 312 5520
98 186 5520
253 343 5520
76 309 5520
182 551 5520
232 497 5520
130 541 5520
269 441 5520
123 157 5520
17 538 5520
88 138 5520
88 368 5520
169 249 5520
126 244 5520
229 412 5520
70 350 5520
257 548 5520
254 296 5520
132 511 5520
182 484 5520
183 343 5520
213 347 5520
202 491 5520
113 304 5520
178 190 5520
178 195 5520
51 406 5520
6 78 5520
53 56 5520
274 320 5520
197 510 5520
191 375 5520
28 514 5520
189 479 5520
215 513 5520
255 289 5520
120 500 5520
31 508 5520
170 204 5520
273 528 5520
183 268 5520
149 385 5520
266 363 5520
1 494 5520
35 199 5520
227 491 5520
229 518 5520
250 386 5520
32 89 5520
10 298 5520
173 255 5520
18 499 5520
36 219 5520
168 498 5520
189 513 5520
225 544 5520
108 307 5520
238 369 5520
165 399 5520
54 509 5520
15 52 5520
245 269 5520
268 530 5520
193 401 5520
7 357 5520
124 131 5520
24 203 5520
171 231 5520
47 54 5520
167 239 5520
270 343 5520
209 459 5520
46 75 5520
225 473 5520
28 516 5520
87 188 5520
270 357 5520
260 436 5520
267 513 5520
17 325 5520
157 411 5520
122 348 5520
60 437 5520
176 343 5520
7 47 5520
114 142 5520
127 456 5520
172 319 5520
186 352 5520
203 236 5520
50 444 5520
132 404 5520
149 550 5520
208 332 5520
9 509 5520
15 327 5520
67 174 5520
251 462 5520
249 401 5520
186 463 5520
109 535 5520
152 195 5520
27 90 5520
6 152 5520
245 396 5520
45 50 5520
199 531 5520
159 383 5520
168 443 5520
204 302 5520
255 489 5520
210 527 5520
114 544 5520
60 550 5520
134 309 5520
163 247 5520
237 457 5520
225 358 5520
120 301 5520
227 414 5520
197 234 5520
258 263 5520
141 307 5520
29 112 5520
255 282 5520
209 211 5520
172 330 5520
152 243 5520
218 261 5520
107 269 5520
190 372 5520
66 123 5520
215 402 5520
44 357 5520
180 301 5520
227 388 5520
261 377 5520
248 529 5520
