0 1 5560
1 2 5560
2 3 5560
3 4 5560
4 5 5560
5 6 5560
6 7 5560
7 8 5560
8 9 5560
9 10 5560
10 11 5560
11 12 5560
12 13 5560
13 14 5560
14 15 5560
15 16 5560
16 17 5560
17 18 5560
18 19 5560
19 20 5560
20 21 5560
21 22 5560
22 23 5560
23 24 5560
24 25 5560
25 26 5560
26 27 5560
27 28 5560
28 29 5560
29 30 5560
30 31 5560
31 32 5560
32 33 5560
33 34 5560
34 35 5560
35 36 5560
36 37 5560
37 38 5560
38 39 5560
39 40 5560
40 41 5560
41 42 5560
42 43 5560
43 44 5560
44 45 5560
45 46 5560
46 47 5560
47 48 5560
48 49 5560
49 50 5560
50 51 5560
51 52 5560
52 53 5560
53 54 5560
54 55 5560
55 56 5560
56 57 5560
57 58 5560
58 59 5560
59 60 5560
60 61 5560
61 62 5560
62 63 5560
63 64 5560
64 65 5560
65 66 5560
66 67 5560
67 68 5560
68 69 5560
69 70 5560
70 71 5560
71 72 5560
72 73 5560
73 74 5560
74 75 5560
75 76 5560
76 77 5560
77 78 5560
78 79 5560
79 80 5560
80 81 5560
81 82 5560
82 83 5560
83 84 5560
84 85 5560
85 86 5560
86 87 5560
87 88 5560
88 89 5560
89 90 5560
90 91 5560
91 92 5560
92 93 5560
93 94 5560
94 95 5560
95 96 5560
96 97 5560
97 98 5560
98 99 5560
99 100 5560
100 101 5560
101 102 5560
102 103 5560
103 104 5560
104 105 5560
105 106 5560
106 107 5560
107 108 5560
108 109 5560
109 110 5560
110 111 5560
111 112 5560
112 113 5560
113 114 5560
114 115 5560
115 116 5560
116 117 5560
117 118 5560
118 119 5560
119 120 5560
120 121 5560
121 122 5560
122 123 5560
123 124 5560
124 125 5560
125 126 5560
126 127 5560
127 128 5560
128 129 5560
129 130 5560
130 131 5560
131 132 5560
132 133 5560
133 134 5560
134 135 5560
135 136 5560
136 137 5560
137 138 5560
138 139 5560
139 140 5560
140 141 5560
141 142 5560
142 143 5560
143 144 5560
144 145 5560
145 146 5560
146 147 5560
147 148 5560
148 149 5560
149 150 5560
150 151 5560
151 152 5560
152 153 5560
153 154 5560
154 155 5560
155 156 5560
156 157 5560
157 158 5560
158 159 5560
159 160 5560
160 161 5560
161 162 5560
162 163 5560
163 164 5560
164 165 5560
165 166 5560
166 167 5560
167 168 5560
168 169 5560
169 170 5560
170 171 5560
171 172 5560
172 173 5560
173 174 5560
174 175 5560
175 176 5560
176 177 5560
177 178 5560
178 179 5560
179 180 5560
180 181 5560
181 182 5560
182 183 5560
183 184 5560
184 185 5560
185 186 5560
186 187 5560
187 188 5560
188 189 5560
189 190 5560
190 191 5560
191 192 5560
192 193 5560
193 194 5560
194 195 5560
195 196 5560
196 197 5560
197 198 5560
198 199 5560
199 200 5560
200 201 5560
201 202 5560
202 203 5560
203 204 5560
204 205 5560
205 206 5560
206 207 5560
207 208 5560
208 209 5560
209 210 5560
210 211 5560
211 212 5560
212 213 5560
213 214 5560
214 215 5560
215 216 5560
216 217 5560
217 218 5560
218 219 5560
219 220 5560
220 221 5560
221 222 5560
222 223 5560
223 224 5560
224 225 5560
225 226 5560
226 227 5560
227 228 5560
228 229 5560
229 230 5560
230 231 5560
231 232 5560
232 233 5560
233 234 5560
234 235 5560
235 236 5560
236 237 5560
237 238 5560
238 239 5560
239 240 5560
240 241 5560
241 242 5560
242 243 5560
243 244 5560
244 245 5560
245 246 5560
246 247 5560
247 248 5560
248 249 5560
249 250 5560
250 251 5560
251 252 5560
252 253 5560
253 254 5560
254 255 5560
255 256 5560
256 257 5560
257 258 5560
258 259 5560
259 260 5560
260 261 5560
261 262 5560
262 263 5560
263 264 5560
264 265 5560
265 266 5560
266 267 5560
267 268 5560
268 269 5560
269 270 5560
270 271 5560
271 272 5560
272 273 5560
273 274 5560
274 275 5560
275 276 5560
276 277 5560
277 278 5560
278 279 5560
279 280 5560
280 281 5560
281 282 5560
282 283 5560
283 284 5560
284 285 5560
285 286 5560
286 287 5560
287 288 5560
288 289 5560
289 290 5560
290 291 5560
291 292 5560
292 293 5560
293 294 5560
294 295 5560
295 296 5560
296 297 5560
297 298 5560
298 299 5560
299 300 5560
300 301 5560
301 302 5560
302 303 5560
303 304 5560
304 305 5560
305 306 5560
306 307 5560
307 308 5560
308 309 5560
309 310 5560
310 311 5560
311 312 5560
312 313 5560
313 314 5560
314 315 5560
315 316 5560
316 317 5560
317 318 5560
318 319 5560
319 320 5560
320 321 5560
321 322 5560
322 323 5560
323 324 5560
324 325 5560
325 326 5560
326 327 5560
327 328 5560
328 329 5560
329 330 5560
330 331 5560
331 332 5560
332 333 5560
333 334 5560
334 335 5560
335 336 5560
336 337 5560
337 338 5560
338 339 5560
339 340 5560
340 341 5560
341 342 5560
342 343 5560
343 344 5560
344 345 5560
345 346 5560
346 347 5560
347 348 5560
348 349 5560
349 350 5560
350 351 5560
351 352 5560
352 353 5560
353 354 5560
354 355 5560
355 356 5560
356 357 5560
357 358 5560
358 359 5560
359 360 5560
360 361 5560
361 362 5560
362 363 5560
363 364 5560
364 365 5560
365 366 5560
366 367 5560
367 368 5560
368 369 5560
369 370 5560
370 371 5560
371 372 5560
372 373 5560
373 374 5560
374 375 5560
375 376 5560
376 377 5560
377 378 5560
378 379 5560
379 380 5560
380 381 5560
381 382 5560
382 383 5560
383 384 5560
384 385 5560
385 386 5560
386 387 5560
387 388 5560
388 389 5560
389 390 5560
390 391 5560
391 392 5560
392 393 5560
393 394 5560
394 395 5560
395 396 5560
396 397 5560
397 398 5560
398 399 5560
399 400 5560
400 401 5560
401 402 5560
402 403 5560
403 404 5560
404 405 5560
405 406 5560
406 407 5560
407 408 5560
408 409 5560
409 410 5560
410 411 5560
411 412 5560
412 413 5560
413 414 5560
414 415 5560
415 416 5560
416 417 5560
417 418 5560
418 419 5560
419 420 5560
420 421 5560
421 422 5560
422 423 5560
423 424 5560
424 425 5560
425 426 5560
426 427 5560
427 428 5560
428 429 5560
429 430 5560
430 431 5560
431 432 5560
432 433 5560
433 434 5560
434 435 5560
435 436 5560
436 437 5560
437 438 5560
438 439 5560
439 440 5560
440 441 5560
441 442 5560
442 443 5560
443 444 5560
444 445 5560
445 446 5560
446 447 5560
447 448 5560
448 449 5560
449 450 5560
450 451 5560
451 452 5560
452 453 5560
453 454 5560
454 455 5560
455 456 5560
456 457 5560
457 458 5560
458 459 5560
459 460 5560
460 461 5560
461 462 5560
462 463 5560
463 464 5560
464 465 5560
465 466 5560
466 467 5560
467 468 5560
468 469 5560
469 470 5560
470 471 5560
471 472 5560
472 473 5560
473 474 5560
474 475 5560
475 476 5560
476 477 5560
477 478 5560
478 479 5560
479 480 5560
480 481 5560
481 482 5560
482 483 5560
483 484 5560
484 485 5560
485 486 5560
486 487 5560
487 488 5560
488 489 5560
489 490 5560
490 491 5560
491 492 5560
492 493 5560
493 494 5560
494 495 5560
495 496 5560
496 497 5560
497 498 5560
498 499 5560
499 500 5560
500 501 5560
501 502 5560
502 503 5560
503 504 5560
504 505 5560
505 506 5560
506 507 5560
507 508 5560
508 509 5560
509 510 5560
510 511 5560
511 512 5560
512 513 5560
513 514 5560
514 515 5560
515 516 5560
516 517 5560
517 518 5560
518 519 5560
519 520 5560
520 521 5560
521 522 5560
522 523 5560
523 524 5560
524 525 5560
525 526 5560
526 527 5560
527 528 5560
528 529 5560
529 530 5560
530 531 5560
531 532 5560
532 533 5560
533 534 5560
534 535 5560
535 536 5560
536 537 5560
537 538 5560
538 539 5560
539 540 5560
540 541 5560
541 542 5560
542 543 5560
543 544 5560
544 545 5560
545 546 5560
546 547 5560
547 548 5560
548 549 5560
549 550 5560
550 551 5560
551 552 5560
552 553 5560
553 554 5560
554 555 5560
123 244 5560
191 536 5560
142 276 5560
189 198 5560
90 202 5560
15 539 5560
135 170 5560
10 108 5560
234 337 5560
34 347 5560
83 351 5560
62 501 5560
74 324 5560
194 397 5560
238 463 5560
42 392 5560
132 437 5560
223 346 5560
274 439 5560
207 295 5560
131 158 5560
151 448 5560
275 364 5560
124 382 5560
141 145 5560
273 312 5560
184 316 5560
213 476 5560
167 456 5560
174 238 5560
146 507 5560
162 308 5560
174 379 5560
187 435 5560
17 343 5560
177 481 5560
256 486 5560
22 161 5560
1 356 5560
7 387 5560
125 240 5560
63 542 5560
190 326 5560
274 346 5560
25 61 5560
79 344 5560
243 497 5560
73 132 5560
243 352 5560
253 285 5560
139 374 5560
135 189 5560
179 193 5560
19 486 5560
71 316 5560
40 219 5560
147 243 5560
264 307 5560
119 221 5560
103 360 5560
40 97 5560
272 462 5560
160 164 5560
244 531 5560
109 303 5560
52 517 5560
199 340 5560
177 284 5560
67 480 5560
127 144 5560
41 391 5560
255 477 5560
275 464 5560
255 305 5560
148 337 5560
139 271 5560
14 373 5560
150 389 5560
241 547 5560
118 441 5560
32 354 5560
158 216 5560
78 381 5560
247 497 5560
240 323 5560
160 185 5560
250 363 5560
238 457 5560
272 431 5560
177 441 5560
240 380 5560
260 486 5560
234 538 5560
228 287 5560
259 307 5560
135 369 5560
192 235 5560
172 465 5560
271 538 5560
154 188 5560
34 119 5560
122 434 5560
91 546 5560
248 314 5560
11 536 5560
146 553 5560
39 83 5560
51 486 5560
9 359 5560
270 451 5560
116 348 5560
18 91 5560
66 117 5560
111 138 5560
23 167 5560
176 245 5560
211 429 5560
225 524 5560
259 541 5560
170 231 5560
41 115 5560
120 497 5560
122 539 5560
85 427 5560
25 128 5560
4 132 5560
95 199 5560
164 201 5560
122 442 5560
146 425 5560
211 445 5560
81 414 5560
194 470 5560
22 550 5560
100 386 5560
220 386 5560
60 492 5560
81 547 5560
0 256 5560
255 378 5560
273 299 5560
101 511 5560
262 515 5560
221 307 5560
145 501 5560
95 457 5560
135 457 5560
225 407 5560
215 452 5560
30 155 5560
126 388 5560
186 457 5560
221 454 5560
27 195 5560
147 347 5560
231 518 5560
147 236 5560
155 344 5560
15 336 5560
34 536 5560
116 455 5560
254 467 5560
26 244 5560
126 368 5560
153 489 5560
249 394 5560
84 494 5560
14 417 5560
54 514 5560
269 420 5560
222 351 5560
82 94 5560
253 438 5560
78 137 5560
123 147 5560
15 417 5560
76 115 5560
228 540 5560
261 498 5560
77 429 5560
82 212 5560
117 391 5560
233 528 5560
140 298 5560
235 411 5560
78 544 5560
267 338 5560
232 533 5560
183 266 5560
9 552 5560
245 512 5560
50 493 5560
46 108 5560
196 216 5560
221 406 5560
39 373 5560
237 516 5560
119 382 5560
59 466 5560
151 523 5560
165 212 5560
118 264 5560
261 400 5560
209 426 5560
68 263 5560
71 255 5560
35 315 5560
14 119 5560
65 243 5560
249 450 5560
250 266 5560
90 351 5560
85 307 5560
157 432 5560
135 178 5560
114 363 5560
111 257 5560
168 231 5560
210 238 5560
61 151 5560
278 533 5560
276 524 5560
178 213 5560
27 178 5560
115 458 5560
208 428 5560
10 206 5560
210 312 5560
176 478 5560
199 303 5560
107 420 5560
90 282 5560
59 522 5560
172 486 5560
242 512 5560
57 297 5560
161 438 5560
153 426 5560
93 403 5560
223 373 5560
269 432 5560
263 497 5560
2 534 5560
160 315 5560
62 142 5560
39 227 5560
47 171 5560
27 536 5560
120 436 5560
192 308 5560
109 204 5560
17 191 5560
181 227 5560
135 379 5560
31 218 5560
104 393 5560
78 426 5560
232 433 5560
227 524 5560
7 239 5560
42 60 5560
43 231 5560
205 324 5560
226 234 5560
230 548 5560
219 313 5560
90 427 5560
264 477 5560
270 466 5560
191 513 5560
8 261 5560
3 125 5560
201 550 5560
3 267 5560
21 223 5560
103 200 5560
81 216 5560
32 260 5560
112 432 5560
233 419 5560
101 313 5560
220 546 5560
198 311 5560
178 434 5560
55 176 5560
139 255 5560
44 172 5560
243 332 5560
112 552 5560
235 350 5560
237 491 5560
240 522 5560
191 343 5560
64 105 5560
13 336 5560
234 286 5560
78 403 5560
146 202 5560
260 319 5560
105 191 5560
90 364 5560
267 444 5560
56 191 5560
148 198 5560
67 134 5560
132 206 5560
160 343 5560
202 424 5560
28 526 5560
197 336 5560
68 554 5560
170 181 5560
107 189 5560
33 229 5560
108 353 5560
124 444 5560
264 280 5560
257 494 5560
241 513 5560
95 239 5560
232 477 5560
63 452 5560
165 211 5560
31 516 5560
95 380 5560
97 417 5560
61 203 5560
34 108 5560
250 383 5560
73 283 5560
102 497 5560
128 349 5560
158 226 5560
260 480 5560
11 199 5560
177 247 5560
22 252 5560
53 534 5560
139 155 5560
7 328 5560
159 273 5560
238 509 5560
49 84 5560
186 542 5560
130 537 5560
72 302 5560
83 141 5560
66 411 5560
91 104 5560
119 367 5560
188 390 5560
46 123 5560
240 434 5560
209 377 5560
238 369 5560
44 237 5560
22 482 5560
264 555 5560
138 311 5560
0 375 5560
56 300 5560
29 94 5560
174 269 5560
160 191 5560
232 440 5560
77 272 5560
243 298 5560
222 524 5560
170 263 5560
73 230 5560
107 147 5560
149 440 5560
192 322 5560
274 441 5560
247 384 5560
130 213 5560
32 470 5560
10 204 5560
210 337 5560
144 322 5560
58 167 5560
85 318 5560
229 316 5560
160 505 5560
168 346 5560
39 345 5560
135 294 5560
120 366 5560
184 244 5560
178 218 5560
97 346 5560
23 233 5560
210 315 5560
58 516 5560
14 326 5560
76 93 5560
63 514 5560
233 534 5560
182 385 5560
259 440 5560
276 555 5560
111 217 5560
194 279 5560
175 376 5560
57 552 5560
117 239 5560
230 393 5560
169 504 5560
172 369 5560
193 401 5560
91 553 5560
66 512 5560
78 292 5560
235 537 5560
49 496 5560
244 253 5560
148 414 5560
192 494 5560
122 332 5560
231 340 5560
210 505 5560
162 180 5560
131 506 5560
241 261 5560
191 423 5560
208 218 5560
156 401 5560
9 44 5560
273 458 5560
49 363 5560
165 311 5560
44 165 5560
273 486 5560
71 189 5560
228 420 5560
97 538 5560
6 439 5560
183 407 5560
177 254 5560
182 413 5560
90 268 5560
69 271 5560
169 173 5560
125 423 5560
84 424 5560
95 353 5560
57 431 5560
134 257 5560
146 275 5560
198 269 5560
256 279 5560
40 148 5560
140 329 5560
175 252 5560
74 316 5560
77 359 5560
90 118 5560
275 462 5560
139 150 5560
44 510 5560
3 451 5560
87 446 5560
274 425 5560
72 554 5560
192 400 5560
122 416 5560
83 425 5560
126 433 5560
115 490 5560
230 300 5560
229 282 5560
109 192 5560
104 149 5560
214 518 5560
76 445 5560
272 384 5560
94 173 5560
95 554 5560
149 447 5560
120 447 5560
157 392 5560
83 355 5560
18 513 5560
168 460 5560
136 222 5560
195 478 5560
223 493 5560
170 354 5560
278 462 5560
268 485 5560
47 489 5560
79 496 5560
134 548 5560
72 224 5560
114 441 5560
266 525 5560
159 274 5560
29 511 5560
171 436 5560
112 335 5560
248 485 5560
216 544 5560
260 470 5560
88 99 5560
47 306 5560
141 249 5560
115 175 5560
274 440 5560
41 409 5560
234 341 5560
170 486 5560
197 358 5560
155 412 5560
92 206 5560
211 312 5560
30 406 5560
38 170 5560
220 553 5560
2 480 5560
24 159 5560
194 376 5560
215 365 5560
84 123 5560
4 398 5560
213 408 5560
94 365 5560
98 502 5560
240 390 5560
41 192 5560
152 167 5560
56 464 5560
130 500 5560
130 501 5560
171 235 5560
191 308 5560
268 439 5560
43 342 5560
204 295 5560
244 282 5560
11 523 5560
43 390 5560
259 487 5560
101 160 5560
174 463 5560
246 472 5560
218 250 5560
240 395 5560
245 468 5560
261 455 5560
275 301 5560
198 493 5560
265 318 5560
158 225 5560
107 376 5560
