0 1 5600
1 2 5600
2 3 5600
3 4 5600
4 5 5600
5 6 5600
6 7 5600
7 8 5600
8 9 5600
9 10 5600
10 11 5600
11 12 5600
12 13 5600
13 14 5600
14 15 5600
15 16 5600
16 17 5600
17 18 5600
18 19 5600
19 20 5600
20 21 5600
21 22 5600
22 23 5600
23 24 5600
24 25 5600
25 26 5600
26 27 5600
27 28 5600
28 29 5600
29 30 5600
30 31 5600
31 32 5600
32 33 5600
33 34 5600
34 35 5600
35 36 5600
36 37 5600
37 38 5600
38 39 5600
39 40 5600
40 41 5600
41 42 5600
42 43 5600
43 44 5600
44 45 5600
45 46 5600
46 47 5600
47 48 5600
48 49 5600
49 50 5600
50 51 5600
51 52 5600
52 53 5600
53 54 5600
54 55 5600
55 56 5600
56 57 5600
57 58 5600
58 59 5600
59 60 5600
60 61 5600
61 62 5600
62 63 5600
63 64 5600
64 65 5600
65 66 5600
66 67 5600
67 68 5600
68 69 5600
69 70 5600
70 71 5600
71 72 5600
72 73 5600
73 74 5600
74 75 5600
75 76 5600
76 77 5600
77 78 5600
78 79 5600
79 80 5600
80 81 5600
81 82 5600
82 83 5600
83 84 5600
84 85 5600
85 86 5600
86 87 5600
87 88 5600
88 89 5600
89 90 5600
90 91 5600
91 92 5600
92 93 5600
93 94 5600
94 95 5600
95 96 5600
96 97 5600
97 98 5600
98 99 5600
99 100 5600
100 101 5600
101 102 5600
102 103 5600
103 104 5600
104 105 5600
105 106 5600
106 107 5600
107 108 5600
108 109 5600
109 110 5600
110 111 5600
111 112 5600
112 113 5600
113 114 5600
114 115 5600
115 116 5600
116 117 5600
117 118 5600
118 119 5600
119 120 5600
120 121 5600
121 122 5600
122 123 5600
123 124 5600
124 125 5600
125 126 5600
126 127 5600
127 128 5600
128 129 5600
129 130 5600
130 131 5600
131 132 5600
132 133 5600
133 134 5600
134 135 5600
135 136 5600
136 137 5600
137 138 5600
138 139 5600
139 140 5600
140 141 5600
141 142 5600
142 143 5600
143 144 5600
144 145 5600
145 146 5600
146 147 5600
147 148 5600
148 149 5600
149 150 5600
150 151 5600
151 152 5600
152 153 5600
153 154 5600
154 155 5600
155 156 5600
156 157 5600
157 158 5600
158 159 5600
159 160 5600
160 161 5600
161 162 5600
162 163 5600
163 164 5600
164 165 5600
165 166 5600
166 167 5600
167 168 5600
168 169 5600
169 170 5600
170 171 5600
171 172 5600
172 173 5600
173 174 5600
174 175 5600
175 176 5600
176 177 5600
177 178 5600
178 179 5600
179 180 5600
180 181 5600
181 182 5600
182 183 5600
183 184 5600
184 185 5600
185 186 5600
186 187 5600
187 188 5600
188 189 5600
189 190 5600
190 191 5600
191 192 5600
192 193 5600
193 194 5600
194 195 5600
195 196 5600
196 197 5600
197 198 5600
198 199 5600
199 200 5600
200 201 5600
201 202 5600
202 203 5600
203 204 5600
204 205 5600
205 206 5600
206 207 5600
207 208 5600
208 209 5600
209 210 5600
210 211 5600
211 212 5600
212 213 5600
213 214 5600
214 215 5600
215 216 5600
216 217 5600
217 218 5600
218 219 5600
219 220 5600
220 221 5600
221 222 5600
222 223 5600
223 224 5600
224 225 5600
225 226 5600
226 227 5600
227 228 5600
228 229 5600
229 230 5600
230 231 5600
231 232 5600
232 233 5600
233 234 5600
234 235 5600
235 236 5600
236 237 5600
237 238 5600
238 239 5600
239 240 5600
240 241 5600
241 242 5600
242 243 5600
243 244 5600
244 245 5600
245 246 5600
246 247 5600
247 248 5600
248 249 5600
249 250 5600
250 251 5600
251 252 5600
252 253 5600
253 254 5600
254 255 5600
255 256 5600
256 257 5600
257 258 5600
258 259 5600
259 260 5600
260 261 5600
261 262 5600
262 263 5600
263 264 5600
264 265 5600
265 266 5600
266 267 5600
267 268 5600
268 269 5600
269 270 5600
270 271 5600
271 272 5600
272 273 5600
273 274 5600
274 275 5600
275 276 5600
276 277 5600
277 278 5600
278 279 5600
279 280 5600
280 281 5600
281 282 5600
282 283 5600
283 284 5600
284 285 5600
285 286 5600
286 287 5600
287 288 5600
288 289 5600
289 290 5600
290 291 5600
291 292 5600
292 293 5600
293 294 5600
294 295 5600
295 296 5600
296 297 5600
297 298 5600
298 299 5600
299 300 5600
300 301 5600
301 302 5600
302 303 5600
303 304 5600
304 305 5600
305 306 5600
306 307 5600
307 308 5600
308 309 5600
309 310 5600
310 311 5600
311 312 5600
312 313 5600
313 314 5600
314 315 5600
315 316 5600
316 317 5600
317 318 5600
318 319 5600
319 320 5600
320 321 5600
321 322 5600
322 323 5600
323 324 5600
324 325 5600
325 326 5600
326 327 5600
327 328 5600
328 329 5600
329 330 5600
330 331 5600
331 332 5600
332 333 5600
333 334 5600
334 335 5600
335 336 5600
336 337 5600
337 338 5600
338 339 5600
339 340 5600
340 341 5600
341 342 5600
342 343 5600
343 344 5600
344 345 5600
345 346 5600
346 347 5600
347 348 5600
348 349 5600
349 350 5600
350 351 5600
351 352 5600
352 353 5600
353 354 5600
354 355 5600
355 356 5600
356 357 5600
357 358 5600
358 359 5600
359 360 5600
360 361 5600
361 362 5600
362 363 5600
363 364 5600
364 365 5600
365 366 5600
366 367 5600
367 368 5600
368 369 5600
369 370 5600
370 371 5600
371 372 5600
372 373 5600
373 374 5600
374 375 5600
375 376 5600
376 377 5600
377 378 5600
378 379 5600
379 380 5600
380 381 5600
381 382 5600
382 383 5600
383 384 5600
384 385 5600
385 386 5600
386 387 5600
387 388 5600
388 389 5600
389 390 5600
390 391 5600
391 392 5600
392 393 5600
393 394 5600
394 395 5600
395 396 5600
396 397 5600
397 398 5600
398 399 5600
399 400 5600
400 401 5600
401 402 5600
402 403 5600
403 404 5600
404 405 5600
405 406 5600
406 407 5600
407 408 5600
408 409 5600
409 410 5600
410 411 5600
411 412 5600
412 413 5600
413 414 5600
414 415 5600
415 416 5600
416 417 5600
417 418 5600
418 419 5600
419 420 5600
420 421 5600
421 422 5600
422 423 5600
423 424 5600
424 425 5600
425 426 5600
426 427 5600
427 428 5600
428 429 5600
429 430 5600
430 431 5600
431 432 5600
432 433 5600
433 434 5600
434 435 5600
435 436 5600
436 437 5600
437 438 5600
438 439 5600
439 440 5600
440 441 5600
441 442 5600
442 443 5600
443 444 5600
444 445 5600
445 446 5600
446 447 5600
447 448 5600
448 449 5600
449 450 5600
450 451 5600
451 452 5600
452 453 5600
453 454 5600
454 455 5600
455 456 5600
456 457 5600
457 458 5600
458 459 5600
459 460 5600
460 461 5600
461 462 5600
462 463 5600
463 464 5600
464 465 5600
465 466 5600
466 467 5600
467 468 5600
468 469 5600
469 470 5600
470 471 5600
471 472 5600
472 473 5600
473 474 5600
474 475 5600
475 476 5600
476 477 5600
477 478 5600
478 479 5600
479 480 5600
480 481 5600
481 482 5600
482 483 5600
483 484 5600
484 485 5600
485 486 5600
486 487 5600
487 488 5600
488 489 5600
489 490 5600
490 491 5600
491 492 5600
492 493 5600
493 494 5600
494 495 5600
495 496 5600
496 497 5600
497 498 5600
498 499 5600
499 500 5600
500 501 5600
501 502 5600
502 503 5600
503 504 5600
504 505 5600
505 506 5600
506 507 5600
507 508 5600
508 509 5600
509 510 5600
510 511 5600
511 512 5600
512 513 5600
513 514 5600
514 515 5600
515 516 5600
516 517 5600
517 518 5600
518 519 5600
519 520 5600
520 521 5600
521 522 5600
522 523 5600
523 524 5600
524 525 5600
525 526 5600
526 527 5600
527 528 5600
528 529 5600
529 530 5600
530 531 5600
531 532 5600
532 533 5600
533 534 5600
534 535 5600
535 536 5600
536 537 5600
537 538 5600
538 539 5600
539 540 5600
540 541 5600
541 542 5600
542 543 5600
543 544 5600
544 545 5600
545 546 5600
546 547 5600
547 548 5600
548 549 5600
549 550 5600
550 551 5600
551 552 5600
552 553 5600
553 554 5600
554 555 5600
555 556 5600
556 557 5600
557 558 5600
558 559 5600
54 441 5600
122 230 5600
202 391 5600
4 164 5600
197 418 5600
73 249 5600
6 440 5600
269 506 5600
129 342 5600
131 332 5600
63 145 5600
85 249 5600
160 533 5600
30 535 5600
194 200 5600
236 526 5600
60 557 5600
250 291 5600
12 512 5600
155 290 5600
158 198 5600
222 254 5600
134 530 5600
260 393 5600
162 349 5600
22 485 5600
11 331 5600
107 541 5600
27 433 5600
85 339 5600
126 144 5600
236 255 5600
227 293 5600
156 487 5600
247 297 5600
110 534 5600
205 497 5600
206 486 5600
201 269 5600
221 488 5600
33 222 5600
227 248 5600
228 439 5600
240 409 5600
229 241 5600
154 507 5600
245 264 5600
232 489 5600
141 543 5600
88 537 5600
12 437 5600
14 430 5600
78 429 5600
226 540 5600
179 530 5600
7 186 5600
91 154 5600
194 514 5600
28 30 5600
182 284 5600
225 289 5600
213 287 5600
21 227 5600
46 211 5600
206 422 5600
105 224 5600
117 261 5600
125 202 5600
179 222 5600
194 231 5600
20 389 5600
74 247 5600
125 520 5600
56 530 5600
31 383 5600
246 391 5600
234 305 5600
218 485 5600
135 259 5600
43 227 5600
147 309 5600
57 514 5600
243 396 5600
11 513 5600
155 382 5600
250 323 5600
107 410 5600
274 481 5600
210 501 5600
211 484 5600
10 126 5600
74 504 5600
122 313 5600
26 377 5600
251 521 5600
75 165 5600
211 374 5600
39 211 5600
277 320 5600
130 205 5600
202 293 5600
267 299 5600
55 503 5600
16 79 5600
144 509 5600
156 177 5600
133 321 5600
13 363 5600
120 476 5600
229 546 5600
248 261 5600
141 189 5600
247 271 5600
27 63 5600
220 344 5600
245 305 5600
180 309 5600
242 286 5600
172 542 5600
162 212 5600
106 194 5600
135 494 5600
205 348 5600
94 551 5600
24 111 5600
142 469 5600
50 65 5600
78 356 5600
34 300 5600
172 355 5600
146 261 5600
171 282 5600
29 500 5600
36 385 5600
118 356 5600
195 435 5600
252 276 5600
266 293 5600
89 200 5600
169 550 5600
233 286 5600
110 313 5600
36 174 5600
20 226 5600
67 334 5600
7 529 5600
275 354 5600
36 536 5600
152 262 5600
148 411 5600
113 164 5600
234 414 5600
195 319 5600
123 499 5600
276 442 5600
177 188 5600
237 517 5600
241 269 5600
2 55 5600
214 384 5600
266 497 5600
38 356 5600
121 369 5600
42 240 5600
100 322 5600
153 281 5600
113 514 5600
104 182 5600
167 524 5600
149 433 5600
127 155 5600
104 368 5600
162 409 5600
269 470 5600
66 545 5600
156 246 5600
182 323 5600
272 419 5600
170 391 5600
135 447 5600
60 551 5600
82 444 5600
280 449 5600
22 339 5600
224 285 5600
88 264 5600
252 554 5600
3 264 5600
138 444 5600
225 327 5600
91 475 5600
83 231 5600
278 526 5600
52 428 5600
270 325 5600
180 247 5600
242 412 5600
27 297 5600
43 250 5600
13 539 5600
147 389 5600
94 357 5600
144 475 5600
193 496 5600
108 383 5600
150 532 5600
218 381 5600
77 476 5600
56 409 5600
78 345 5600
134 180 5600
210 504 5600
274 389 5600
253 494 5600
90 270 5600
121 416 5600
77 362 5600
220 293 5600
37 206 5600
147 192 5600
244 385 5600
262 535 5600
78 207 5600
182 364 5600
103 302 5600
36 428 5600
7 25 5600
214 471 5600
5 477 5600
194 490 5600
64 167 5600
138 487 5600
239 295 5600
254 521 5600
238 516 5600
151 521 5600
171 307 5600
56 295 5600
32 212 5600
181 472 5600
45 194 5600
122 350 5600
50 366 5600
145 439 5600
140 384 5600
73 170 5600
251 416 5600
99 242 5600
118 539 5600
191 443 5600
68 332 5600
183 509 5600
256 521 5600
100 523 5600
88 156 5600
271 363 5600
90 238 5600
43 46 5600
195 235 5600
170 428 5600
128 252 5600
220 526 5600
75 118 5600
178 238 5600
258 402 5600
120 381 5600
66 231 5600
243 273 5600
15 282 5600
124 440 5600
196 285 5600
96 504 5600
76 119 5600
184 543 5600
109 170 5600
252 355 5600
211 341 5600
125 522 5600
132 214 5600
107 129 5600
61 259 5600
23 551 5600
135 452 5600
187 269 5600
90 247 5600
82 124 5600
106 262 5600
160 493 5600
151 336 5600
126 140 5600
262 284 5600
273 551 5600
25 503 5600
268 350 5600
39 331 5600
145 480 5600
92 131 5600
28 485 5600
216 246 5600
216 237 5600
26 98 5600
163 317 5600
193 275 5600
267 424 5600
169 470 5600
268 495 5600
237 421 5600
261 409 5600
123 217 5600
58 523 5600
90 156 5600
127 392 5600
47 115 5600
249 304 5600
154 532 5600
215 471 5600
171 193 5600
142 278 5600
176 428 5600
64 302 5600
189 234 5600
44 205 5600
11 30 5600
229 378 5600
173 287 5600
221 419 5600
11 346 5600
27 528 5600
104 437 5600
212 390 5600
47 303 5600
123 229 5600
83 300 5600
174 318 5600
123 257 5600
248 316 5600
153 549 5600
109 465 5600
8 82 5600
138 153 5600
105 225 5600
212 331 5600
231 441 5600
50 200 5600
197 311 5600
43 306 5600
74 338 5600
26 280 5600
221 427 5600
145 398 5600
271 384 5600
107 396 5600
32 472 5600
79 301 5600
73 434 5600
222 282 5600
37 259 5600
2 52 5600
28 256 5600
177 412 5600
197 239 5600
14 190 5600
193 416 5600
250 397 5600
51 417 5600
186 300 5600
262 427 5600
276 322 5600
38 416 5600
139 349 5600
49 345 5600
216 411 5600
235 353 5600
77 212 5600
132 403 5600
135 212 5600
39 107 5600
177 369 5600
83 491 5600
28 270 5600
218 501 5600
268 506 5600
252 439 5600
232 501 5600
3 259 5600
159 505 5600
156 369 5600
172 335 5600
88 315 5600
172 321 5600
231 348 5600
180 202 5600
29 347 5600
134 268 5600
227 390 5600
65 318 5600
139 479 5600
135 314 5600
66 221 5600
139 456 5600
180 466 5600
100 547 5600
131 225 5600
266 436 5600
48 456 5600
247 410 5600
263 519 5600
79 98 5600
81 115 5600
7 208 5600
243 368 5600
257 522 5600
139 324 5600
14 75 5600
6 359 5600
192 338 5600
247 340 5600
222 228 5600
34 374 5600
11 29 5600
218 288 5600
108 510 5600
46 142 5600
5 406 5600
105 458 5600
16 445 5600
249 418 5600
205 403 5600
207 477 5600
67 473 5600
90 407 5600
47 182 5600
208 358 5600
198 317 5600
76 230 5600
30 349 5600
156 469 5600
241 284 5600
124 240 5600
17 164 5600
252 372 5600
55 387 5600
168 212 5600
254 535 5600
267 339 5600
157 343 5600
90 359 5600
126 467 5600
14 159 5600
20 180 5600
14 445 5600
38 83 5600
95 273 5600
159 398 5600
268 283 5600
43 78 5600
213 236 5600
175 373 5600
17 534 5600
151 414 5600
119 326 5600
183 284 5600
30 519 5600
92 415 5600
154 312 5600
241 292 5600
224 531 5600
43 170 5600
263 446 5600
97 423 5600
206 412 5600
203 426 5600
105 250 5600
50 238 5600
42 212 5600
5 126 5600
49 268 5600
276 529 5600
23 35 5600
159 516 5600
20 414 5600
75 485 5600
215 311 5600
251 324 5600
141 430 5600
231 505 5600
28 276 5600
252 516 5600
239 254 5600
97 306 5600
9 102 5600
262 471 5600
248 469 5600
258 540 5600
259 473 5600
192 525 5600
41 240 5600
265 318 5600
208 441 5600
155 379 5600
180 374 5600
73 535 5600
194 472 5600
40 178 5600
97 270 5600
111 297 5600
69 366 5600
16 92 5600
162 196 5600
176 538 5600
216 503 5600
134 503 5600
86 319 5600
74 317 5600
109 301 5600
46 260 5600
112 509 5600
127 237 5600
227 321 5600
132 325 5600
76 559 5600
68 229 5600
98 266 5600
103 317 5600
31 118 5600
37 100 5600
84 509 5600
218 307 5600
241 434 5600
115 137 5600
3 466 5600
150 402 5600
55 111 5600
2 260 5600
225 322 5600
56 313 5600
70 341 5600
142 229 5600
251 410 5600
258 315 5600
99 419 5600
218 506 5600
211 443 5600
0 71 5600
274 529 5600
51 544 5600
56 535 5600
89 237 5600
35 150 5600
62 548 5600
167 373 5600
21 166 5600
26 307 5600
242 274 5600
254 495 5600
233 480 5600
62 464 5600
