0 1 5640
1 2 5640
2 3 5640
3 4 5640
4 5 5640
5 6 5640
6 7 5640
7 8 5640
8 9 5640
9 10 5640
10 11 5640
11 12 5640
12 13 5640
13 14 5640
14 15 5640
15 16 5640
16 17 5640
17 18 5640
18 19 5640
19 20 5640
20 21 5640
21 22 5640
22 23 5640
23 24 5640
24 25 5640
25 26 5640
26 27 5640
27 28 5640
28 29 5640
29 30 5640
30 31 5640
31 32 5640
32 33 5640
33 34 5640
34 35 5640
35 36 5640
36 37 5640
37 38 5640
38 39 5640
39 40 5640
40 41 5640
41 42 5640
42 43 5640
43 44 5640
44 45 5640
45 46 5640
46 47 5640
47 48 5640
48 49 5640
49 50 5640
50 51 5640
51 52 5640
52 53 5640
53 54 5640
54 55 5640
55 56 5640
56 57 5640
57 58 5640
58 59 5640
59 60 5640
60 61 5640
61 62 5640
62 63 5640
63 64 5640
64 65 5640
65 66 5640
66 67 5640
67 68 5640
68 69 5640
69 70 5640
70 71 5640
71 72 5640
72 73 5640
73 74 5640
74 75 5640
75 76 5640
76 77 5640
77 78 5640
78 79 5640
79 80 5640
80 81 5640
81 82 5640
82 83 5640
83 84 5640
84 85 5640
85 86 5640
86 87 5640
87 88 5640
88 89 5640
89 90 5640
90 91 5640
91 92 5640
92 93 5640
93 94 5640
94 95 5640
95 96 5640
96 97 5640
97 98 5640
98 99 5640
99 100 5640
100 101 5640
101 102 5640
102 103 5640
103 104 5640
104 105 5640
105 106 5640
106 107 5640
107 108 5640
108 109 5640
109 110 5640
110 111 5640
111 112 5640
112 113 5640
113 114 5640
114 115 5640
115 116 5640
116 117 5640
117 118 5640
118 119 5640
119 120 5640
120 121 5640
121 122 5640
122 123 5640
123 124 5640
124 125 5640
125 126 5640
126 127 5640
127 128 5640
128 129 5640
129 130 5640
130 131 5640
131 132 5640
132 133 5640
133 134 5640
134 135 5640
135 136 5640
136 137 5640
137 138 5640
138 139 5640
139 140 5640
140 141 5640
141 142 5640
142 143 5640
143 144 5640
144 145 5640
145 146 5640
146 147 5640
147 148 5640
148 149 5640
149 150 5640
150 151 5640
151 152 5640
152 153 5640
153 154 5640
154 155 5640
155 156 5640
156 157 5640
157 158 5640
158 159 5640
159 160 5640
160 161 5640
161 162 5640
162 163 5640
163 164 5640
164 165 5640
165 166 5640
166 167 5640
167 168 5640
168 169 5640
169 170 5640
170 171 5640
171 172 5640
172 173 5640
173 174 5640
174 175 5640
175 176 5640
176 177 5640
177 178 5640
178 179 5640
179 180 5640
180 181 5640
181 182 5640
182 183 5640
183 184 5640
184 185 5640
185 186 5640
186 187 5640
187 188 5640
188 189 5640
189 190 5640
190 191 5640
191 192 5640
192 193 5640
193 194 5640
194 195 5640
195 196 5640
196 197 5640
197 198 5640
198 199 5640
199 200 5640
200 201 5640
201 202 5640
202 203 5640
203 204 5640
204 205 5640
205 206 5640
206 207 5640
207 208 5640
208 209 5640
209 210 5640
210 211 5640
211 212 5640
212 213 5640
213 214 5640
214 215 5640
215 216 5640
216 217 5640
217 218 5640
218 219 5640
219 220 5640
220 221 5640
221 222 5640
222 223 5640
223 224 5640
224 225 5640
225 226 5640
226 227 5640
227 228 5640
228 229 5640
229 230 5640
230 231 5640
231 232 5640
232 233 5640
233 234 5640
234 235 5640
235 236 5640
236 237 5640
237 238 5640
238 239 5640
239 240 5640
240 241 5640
241 242 5640
242 243 5640
243 244 5640
244 245 5640
245 246 5640
246 247 5640
247 248 5640
248 249 5640
249 250 5640
250 251 5640
251 252 5640
252 253 5640
253 254 5640
254 255 5640
255 256 5640
256 257 5640
257 258 5640
258 259 5640
259 260 5640
260 261 5640
261 262 5640
262 263 5640
263 264 5640
264 265 5640
265 266 5640
266 267 5640
267 268 5640
268 269 5640
269 270 5640
270 271 5640
271 272 5640
272 273 5640
273 274 5640
274 275 5640
275 276 5640
276 277 5640
277 278 5640
278 279 5640
279 280 5640
280 281 5640
281 282 5640
282 283 5640
283 284 5640
284 285 5640
285 286 5640
286 287 5640
287 288 5640
288 289 5640
289 290 5640
290 291 5640
291 292 5640
292 293 5640
293 294 5640
294 295 5640
295 296 5640
296 297 5640
297 298 5640
298 299 5640
299 300 5640
300 301 5640
301 302 5640
302 303 5640
303 304 5640
304 305 5640
305 306 5640
306 307 5640
307 308 5640
308 309 5640
309 310 5640
310 311 5640
311 312 5640
312 313 5640
313 314 5640
314 315 5640
315 316 5640
316 317 5640
317 318 5640
318 319 5640
319 320 5640
320 321 5640
321 322 5640
322 323 5640
323 324 5640
324 325 5640
325 326 5640
326 327 5640
327 328 5640
328 329 5640
329 330 5640
330 331 5640
331 332 5640
332 333 5640
333 334 5640
334 335 5640
335 336 5640
336 337 5640
337 338 5640
338 339 5640
339 340 5640
340 341 5640
341 342 5640
342 343 5640
343 344 5640
344 345 5640
345 346 5640
346 347 5640
347 348 5640
348 349 5640
349 350 5640
350 351 5640
351 352 5640
352 353 5640
353 354 5640
354 355 5640
355 356 5640
356 357 5640
357 358 5640
358 359 5640
359 360 5640
360 361 5640
361 362 5640
362 363 5640
363 364 5640
364 365 5640
365 366 5640
366 367 5640
367 368 5640
368 369 5640
369 370 5640
370 371 5640
371 372 5640
372 373 5640
373 374 5640
374 375 5640
375 376 5640
376 377 5640
377 378 5640
378 379 5640
379 380 5640
380 381 5640
381 382 5640
382 383 5640
383 384 5640
384 385 5640
385 386 5640
386 387 5640
387 388 5640
388 389 5640
389 390 5640
390 391 5640
391 392 5640
392 393 5640
393 394 5640
394 395 5640
395 396 5640
396 397 5640
397 398 5640
398 399 5640
399 400 5640
400 401 5640
401 402 5640
402 403 5640
403 404 5640
404 405 5640
405 406 5640
406 407 5640
407 408 5640
408 409 5640
409 410 5640
410 411 5640
411 412 5640
412 413 5640
413 414 5640
414 415 5640
415 416 5640
416 417 5640
417 418 5640
418 419 5640
419 420 5640
420 421 5640
421 422 5640
422 423 5640
423 424 5640
424 425 5640
425 426 5640
426 427 5640
427 428 5640
428 429 5640
429 430 5640
430 431 5640
431 432 5640
432 433 5640
433 434 5640
434 435 5640
435 436 5640
436 437 5640
437 438 5640
438 439 5640
439 440 5640
440 441 5640
441 442 5640
442 443 5640
443 444 5640
444 445 5640
445 446 5640
446 447 5640
447 448 5640
448 449 5640
449 450 5640
450 451 5640
451 452 5640
452 453 5640
453 454 5640
454 455 5640
455 456 5640
456 457 5640
457 458 5640
458 459 5640
459 460 5640
460 461 5640
461 462 5640
462 463 5640
463 464 5640
464 465 5640
465 466 5640
466 467 5640
467 468 5640
468 469 5640
469 470 5640
470 471 5640
471 472 5640
472 473 5640
473 474 5640
474 475 5640
475 476 5640
476 477 5640
477 478 5640
478 479 5640
479 480 5640
480 481 5640
481 482 5640
482 483 5640
483 484 5640
484 485 5640
485 486 5640
486 487 5640
487 488 5640
488 489 5640
489 490 5640
490 491 5640
491 492 5640
492 493 5640
493 494 5640
494 495 5640
495 496 5640
496 497 5640
497 498 5640
498 499 5640
499 500 5640
500 501 5640
501 502 5640
502 503 5640
503 504 5640
504 505 5640
505 506 5640
506 507 5640
507 508 5640
508 509 5640
509 510 5640
510 511 5640
511 512 5640
512 513 5640
513 514 5640
514 515 5640
515 516 5640
516 517 5640
517 518 5640
518 519 5640
519 520 5640
520 521 5640
521 522 5640
522 523 5640
523 524 5640
524 525 5640
525 526 5640
526 527 5640
527 528 5640
528 529 5640
529 530 5640
530 531 5640
531 532 5640
532 533 5640
533 534 5640
534 535 5640
535 536 5640
536 537 5640
537 538 5640
538 539 5640
539 540 5640
540 541 5640
541 542 5640
542 543 5640
543 544 5640
544 545 5640
545 546 5640
546 547 5640
547 548 5640
548 549 5640
549 550 5640
550 551 5640
551 552 5640
552 553 5640
553 554 5640
554 555 5640
555 556 5640
556 557 5640
557 558 5640
558 559 5640
559 560 5640
560 561 5640
561 562 5640
562 563 5640
179 189 5640
112 503 5640
239 296 5640
237 486 5640
106 442 5640
272 501 5640
107 263 5640
135 526 5640
51 118 5640
282 555 5640
105 262 5640
249 543 5640
196 514 5640
257 355 5640
162 284 5640
215 544 5640
26 493 5640
1 253 5640
18 102 5640
36 55 5640
258 391 5640
194 242 5640
38 524 5640
177 517 5640
141 413 5640
56 98 5640
104 341 5640
249 348 5640
251 498 5640
229 254 5640
61 542 5640
80 196 5640
67 294 5640
14 495 5640
9 70 5640
13 424 5640
281 544 5640
141 366 5640
206 265 5640
185 234 5640
122 410 5640
97 363 5640
32 181 5640
51 169 5640
69 544 5640
6 71 5640
215 555 5640
177 372 5640
140 285 5640
135 264 5640
189 409 5640
224 306 5640
101 233 5640
163 253 5640
8 224 5640
245 393 5640
226 449 5640
22 547 5640
112 484 5640
182 192 5640
271 545 5640
41 234 5640
98 385 5640
220 234 5640
157 447 5640
136 492 5640
20 563 5640
227 337 5640
180 390 5640
99 302 5640
51 116 5640
27 517 5640
149 515 5640
43 293 5640
211 438 5640
264 348 5640
208 385 5640
152 332 5640
66 507 5640
104 161 5640
247 303 5640
64 444 5640
178 451 5640
4 358 5640
124 348 5640
19 230 5640
204 393 5640
19 356 5640
146 297 5640
106 556 5640
217 450 5640
35 283 5640
21 142 5640
259 419 5640
2 477 5640
99 237 5640
257 409 5640
57 431 5640
228 250 5640
167 404 5640
275 457 5640
242 435 5640
97 282 5640
239 477 5640
198 456 5640
150 219 5640
147 291 5640
73 415 5640
95 515 5640
239 482 5640
261 305 5640
221 253 5640
61 184 5640
231 360 5640
228 249 5640
41 310 5640
72 541 5640
215 505 5640
15 147 5640
88 516 5640
58 323 5640
222 277 5640
257 273 5640
12 544 5640
30 335 5640
47 156 5640
214 267 5640
51 96 5640
272 482 5640
28 167 5640
229 374 5640
30 453 5640
124 161 5640
160 312 5640
32 556 5640
201 492 5640
243 249 5640
236 407 5640
191 462 5640
49 128 5640
181 547 5640
203 296 5640
182 342 5640
24 471 5640
189 299 5640
176 334 5640
6 46 5640
221 325 5640
129 217 5640
172 400 5640
238 321 5640
260 507 5640
220 491 5640
139 212 5640
232 495 5640
37 169 5640
201 443 5640
188 457 5640
70 332 5640
17 542 5640
178 193 5640
12 117 5640
90 217 5640
239 539 5640
68 373 5640
129 345 5640
177 503 5640
105 506 5640
253 256 5640
203 531 5640
210 525 5640
193 558 5640
144 197 5640
231 484 5640
48 141 5640
13 182 5640
241 506 5640
65 101 5640
247 360 5640
174 498 5640
26 556 5640
210 365 5640
143 303 5640
242 442 5640
257 282 5640
21 530 5640
186 231 5640
205 468 5640
151 207 5640
90 535 5640
184 464 5640
269 279 5640
34 139 5640
106 175 5640
192 559 5640
12 111 5640
182 496 5640
88 100 5640
8 173 5640
90 282 5640
237 519 5640
54 77 5640
129 514 5640
67 463 5640
1 193 5640
14 187 5640
214 421 5640
246 389 5640
247 474 5640
164 420 5640
222 283 5640
265 489 5640
125 511 5640
193 498 5640
213 396 5640
102 132 5640
152 439 5640
275 331 5640
247 436 5640
7 242 5640
16 394 5640
201 206 5640
232 280 5640
248 295 5640
235 437 5640
190 444 5640
163 282 5640
213 354 5640
234 469 5640
4 422 5640
64 203 5640
181 277 5640
201 479 5640
73 543 5640
36 486 5640
1 59 5640
139 365 5640
31 237 5640
274 326 5640
8 297 5640
184 336 5640
145 434 5640
30 231 5640
133 498 5640
130 334 5640
221 515 5640
0 200 5640
161 561 5640
83 299 5640
219 408 5640
69 153 5640
67 141 5640
2 55 5640
110 410 5640
79 473 5640
125 428 5640
95 381 5640
249 494 5640
92 455 5640
194 246 5640
112 178 5640
208 507 5640
100 494 5640
9 203 5640
112 395 5640
68 248 5640
239 243 5640
135 399 5640
87 284 5640
43 529 5640
276 423 5640
2 275 5640
75 179 5640
194 344 5640
44 239 5640
258 338 5640
12 416 5640
207 373 5640
10 298 5640
103 189 5640
122 392 5640
41 295 5640
160 282 5640
105 333 5640
121 313 5640
237 272 5640
1 20 5640
230 293 5640
260 332 5640
112 200 5640
138 194 5640
226 449 5640
233 501 5640
110 273 5640
155 289 5640
36 480 5640
32 416 5640
198 389 5640
7 169 5640
162 369 5640
153 353 5640
173 278 5640
277 415 5640
207 440 5640
38 392 5640
180 344 5640
28 96 5640
216 392 5640
62 460 5640
36 56 5640
89 326 5640
113 286 5640
248 459 5640
23 126 5640
155 325 5640
84 529 5640
262 277 5640
262 460 5640
246 339 5640
278 441 5640
34 422 5640
84 262 5640
159 219 5640
127 517 5640
146 184 5640
51 321 5640
220 275 5640
106 310 5640
177 466 5640
58 165 5640
87 349 5640
247 441 5640
148 319 5640
181 222 5640
222 442 5640
56 540 5640
150 413 5640
109 112 5640
177 345 5640
4 343 5640
26 272 5640
196 442 5640
106 440 5640
115 420 5640
8 24 5640
11 30 5640
247 365 5640
32 86 5640
115 375 5640
194 320 5640
226 381 5640
270 460 5640
207 406 5640
83 128 5640
131 149 5640
220 515 5640
25 129 5640
29 482 5640
204 347 5640
255 325 5640
187 403 5640
125 222 5640
30 82 5640
56 225 5640
64 261 5640
243 304 5640
155 271 5640
127 345 5640
261 464 5640
126 358 5640
125 457 5640
68 255 5640
227 539 5640
66 253 5640
251 409 5640
83 492 5640
214 384 5640
149 428 5640
122 126 5640
172 300 5640
121 466 5640
116 377 5640
86 102 5640
42 248 5640
34 232 5640
222 298 5640
147 154 5640
131 293 5640
255 324 5640
252 377 5640
91 406 5640
206 263 5640
156 411 5640
61 139 5640
110 307 5640
136 550 5640
194 494 5640
264 338 5640
125 447 5640
209 377 5640
33 79 5640
262 464 5640
58 437 5640
180 293 5640
175 220 5640
14 494 5640
128 292 5640
274 561 5640
109 465 5640
69 462 5640
161 516 5640
156 502 5640
95 362 5640
102 110 5640
280 432 5640
68 264 5640
90 553 5640
266 468 5640
83 219 5640
245 284 5640
211 500 5640
149 441 5640
50 392 5640
130 319 5640
144 227 5640
100 283 5640
190 384 5640
109 312 5640
131 299 5640
31 437 5640
62 320 5640
47 72 5640
142 303 5640
276 515 5640
162 505 5640
221 250 5640
79 187 5640
99 312 5640
32 327 5640
225 432 5640
276 407 5640
262 439 5640
239 337 5640
265 501 5640
218 322 5640
152 203 5640
180 555 5640
174 386 5640
189 280 5640
163 479 5640
23 317 5640
82 353 5640
45 49 5640
258 502 5640
279 292 5640
38 126 5640
198 468 5640
86 97 5640
104 192 5640
76 202 5640
244 405 5640
35 245 5640
227 554 5640
134 433 5640
48 95 5640
82 125 5640
203 507 5640
41 101 5640
109 317 5640
3 304 5640
262 377 5640
116 140 5640
234 240 5640
130 357 5640
149 456 5640
133 395 5640
68 551 5640
156 556 5640
213 404 5640
223 298 5640
223 302 5640
203 214 5640
1 394 5640
93 350 5640
192 319 5640
111 527 5640
119 339 5640
78 384 5640
136 519 5640
191 515 5640
254 410 5640
235 474 5640
196 411 5640
279 431 5640
99 272 5640
100 498 5640
206 236 5640
116 491 5640
176 298 5640
169 504 5640
206 347 5640
68 322 5640
66 356 5640
136 405 5640
86 170 5640
235 488 5640
105 474 5640
234 344 5640
237 554 5640
222 236 5640
243 258 5640
176 192 5640
192 560 5640
42 369 5640
134 283 5640
245 312 5640
1 561 5640
79 108 5640
18 214 5640
114 206 5640
51 449 5640
228 309 5640
247 521 5640
226 243 5640
101 329 5640
150 390 5640
29 60 5640
238 467 5640
170 404 5640
119 333 5640
179 435 5640
81 154 5640
164 168 5640
226 384 5640
269 486 5640
35 488 5640
161 180 5640
259 276 5640
134 394 5640
214 449 5640
238 402 5640
271 349 5640
6 76 5640
17 24 5640
194 217 5640
176 496 5640
161 279 5640
267 350 5640
96 345 5640
117 170 5640
176 493 5640
36 160 5640
233 275 5640
216 306 5640
212 371 5640
16 123 5640
12 51 5640
98 129 5640
2 107 5640
