0 1 5680
1 2 5680
2 3 5680
3 4 5680
4 5 5680
5 6 5680
6 7 5680
7 8 5680
8 9 5680
9 10 5680
10 11 5680
11 12 5680
12 13 5680
13 14 5680
14 15 5680
15 16 5680
16 17 5680
17 18 5680
18 19 5680
19 20 5680
20 21 5680
21 22 5680
22 23 5680
23 24 5680
24 25 5680
25 26 5680
26 27 5680
27 28 5680
28 29 5680
29 30 5680
30 31 5680
31 32 5680
32 33 5680
33 34 5680
34 35 5680
35 36 5680
36 37 5680
37 38 5680
38 39 5680
39 40 5680
40 41 5680
41 42 5680
42 43 5680
43 44 5680
44 45 5680
45 46 5680
46 47 5680
47 48 5680
48 49 5680
49 50 5680
50 51 5680
51 52 5680
52 53 5680
53 54 5680
54 55 5680
55 56 5680
56 57 5680
57 58 5680
58 59 5680
59 60 5680
60 61 5680
61 62 5680
62 63 5680
63 64 5680
64 65 5680
65 66 5680
66 67 5680
67 68 5680
68 69 5680
69 70 5680
70 71 5680
71 72 5680
72 73 5680
73 74 5680
74 75 5680
75 76 5680
76 77 5680
77 78 5680
78 79 5680
79 80 5680
80 81 5680
81 82 5680
82 83 5680
83 84 5680
84 85 5680
85 86 5680
86 87 5680
87 88 5680
88 89 5680
89 90 5680
90 91 5680
91 92 5680
92 93 5680
93 94 5680
94 95 5680
95 96 5680
96 97 5680
97 98 5680
98 99 5680
99 100 5680
100 101 5680
101 102 5680
102 103 5680
103 104 5680
104 105 5680
105 106 5680
106 107 5680
107 108 5680
108 109 5680
109 110 5680
110 111 5680
111 112 5680
112 113 5680
113 114 5680
114 115 5680
115 116 5680
116 117 5680
117 118 5680
118 119 5680
119 120 5680
120 121 5680
121 122 5680
122 123 5680
123 124 5680
124 125 5680
125 126 5680
126 127 5680
127 128 5680
128 129 5680
129 130 5680
130 131 5680
131 132 5680
132 133 5680
133 134 5680
134 135 5680
135 136 5680
136 137 5680
137 138 5680
138 139 5680
139 140 5680
140 141 5680
141 142 5680
142 143 5680
143 144 5680
144 145 5680
145 146 5680
146 147 5680
147 148 5680
148 149 5680
149 150 5680
150 151 5680
151 152 5680
152 153 5680
153 154 5680
154 155 5680
155 156 5680
156 157 5680
157 158 5680
158 159 5680
159 160 5680
160 161 5680
161 162 5680
162 163 5680
163 164 5680
164 165 5680
165 166 5680
166 167 5680
167 168 5680
168 169 5680
169 170 5680
170 171 5680
171 172 5680
172 173 5680
173 174 5680
174 175 5680
175 176 5680
176 177 5680
177 178 5680
178 179 5680
179 180 5680
180 181 5680
181 182 5680
182 183 5680
183 184 5680
184 185 5680
185 186 5680
186 187 5680
187 188 5680
188 189 5680
189 190 5680
190 191 5680
191 192 5680
192 193 5680
193 194 5680
194 195 5680
195 196 5680
196 197 5680
197 198 5680
198 199 5680
199 200 5680
200 201 5680
201 202 5680
202 203 5680
203 204 5680
204 205 5680
205 206 5680
206 207 5680
207 208 5680
208 209 5680
209 210 5680
210 211 5680
211 212 5680
212 213 5680
213 214 5680
214 215 5680
215 216 5680
216 217 5680
217 218 5680
218 219 5680
219 220 5680
220 221 5680
221 222 5680
222 223 5680
223 224 5680
224 225 5680
225 226 5680
226 227 5680
227 228 5680
228 229 5680
229 230 5680
230 231 5680
231 232 5680
232 233 5680
233 234 5680
234 235 5680
235 236 5680
236 237 5680
237 238 5680
238 239 5680
239 240 5680
240 241 5680
241 242 5680
242 243 5680
243 244 5680
244 245 5680
245 246 5680
246 247 5680
247 248 5680
248 249 5680
249 250 5680
250 251 5680
251 252 5680
252 253 5680
253 254 5680
254 255 5680
255 256 5680
256 257 5680
257 258 5680
258 259 5680
259 260 5680
260 261 5680
261 262 5680
262 263 5680
263 264 5680
264 265 5680
265 266 5680
266 267 5680
267 268 5680
268 269 5680
269 270 5680
270 271 5680
271 272 5680
272 273 5680
273 274 5680
274 275 5680
275 276 5680
276 277 5680
277 278 5680
278 279 5680
279 280 5680
280 281 5680
281 282 5680
282 283 5680
283 284 5680
284 285 5680
285 286 5680
286 287 5680
287 288 5680
288 289 5680
289 290 5680
290 291 5680
291 292 5680
292 293 5680
293 294 5680
294 295 5680
295 296 5680
296 297 5680
297 298 5680
298 299 5680
299 300 5680
300 301 5680
301 302 5680
302 303 5680
303 304 5680
304 305 5680
305 306 5680
306 307 5680
307 308 5680
308 309 5680
309 310 5680
310 311 5680
311 312 5680
312 313 5680
313 314 5680
314 315 5680
315 316 5680
316 317 5680
317 318 5680
318 319 5680
319 320 5680
320 321 5680
321 322 5680
322 323 5680
323 324 5680
324 325 5680
325 326 5680
326 327 5680
327 328 5680
328 329 5680
329 330 5680
330 331 5680
331 332 5680
332 333 5680
333 334 5680
334 335 5680
335 336 5680
336 337 5680
337 338 5680
338 339 5680
339 340 5680
340 341 5680
341 342 5680
342 343 5680
343 344 5680
344 345 5680
345 346 5680
346 347 5680
347 348 5680
348 349 5680
349 350 5680
350 351 5680
351 352 5680
352 353 5680
353 354 5680
354 355 5680
355 356 5680
356 357 5680
357 358 5680
358 359 5680
359 360 5680
360 361 5680
361 362 5680
362 363 5680
363 364 5680
364 365 5680
365 366 5680
366 367 5680
367 368 5680
368 369 5680
369 370 5680
370 371 5680
371 372 5680
372 373 5680
373 374 5680
374 375 5680
375 376 5680
376 377 5680
377 378 5680
378 379 5680
379 380 5680
380 381 5680
381 382 5680
382 383 5680
383 384 5680
384 385 5680
385 386 5680
386 387 5680
387 388 5680
388 389 5680
389 390 5680
390 391 5680
391 392 5680
392 393 5680
393 394 5680
394 395 5680
395 396 5680
396 397 5680
397 398 5680
398 399 5680
399 400 5680
400 401 5680
401 402 5680
402 403 5680
403 404 5680
404 405 5680
405 406 5680
406 407 5680
407 408 5680
408 409 5680
409 410 5680
410 411 5680
411 412 5680
412 413 5680
413 414 5680
414 415 5680
415 416 5680
416 417 5680
417 418 5680
418 419 5680
419 420 5680
420 421 5680
421 422 5680
422 423 5680
423 424 5680
424 425 5680
425 426 5680
426 427 5680
427 428 5680
428 429 5680
429 430 5680
430 431 5680
431 432 5680
432 433 5680
433 434 5680
434 435 5680
435 436 5680
436 437 5680
437 438 5680
438 439 5680
439 440 5680
440 441 5680
441 442 5680
442 443 5680
443 444 5680
444 445 5680
445 446 5680
446 447 5680
447 448 5680
448 449 5680
449 450 5680
450 451 5680
451 452 5680
452 453 5680
453 454 5680
454 455 5680
455 456 5680
456 457 5680
457 458 5680
458 459 5680
459 460 5680
460 461 5680
461 462 5680
462 463 5680
463 464 5680
464 465 5680
465 466 5680
466 467 5680
467 468 5680
468 469 5680
469 470 5680
470 471 5680
471 472 5680
472 473 5680
473 474 5680
474 475 5680
475 476 5680
476 477 5680
477 478 5680
478 479 5680
479 480 5680
480 481 5680
481 482 5680
482 483 5680
483 484 5680
484 485 5680
485 486 5680
486 487 5680
487 488 5680
488 489 5680
489 490 5680
490 491 5680
491 492 5680
492 493 5680
493 494 5680
494 495 5680
495 496 5680
496 497 5680
497 498 5680
498 499 5680
499 500 5680
500 501 5680
501 502 5680
502 503 5680
503 504 5680
504 505 5680
505 506 5680
506 507 5680
507 508 5680
508 509 5680
509 510 5680
510 511 5680
511 512 5680
512 513 5680
513 514 5680
514 515 5680
515 516 5680
516 517 5680
517 518 5680
518 519 5680
519 520 5680
520 521 5680
521 522 5680
522 523 5680
523 524 5680
524 525 5680
525 526 5680
526 527 5680
527 528 5680
528 529 5680
529 530 5680
530 531 5680
531 532 5680
532 533 5680
533 534 5680
534 535 5680
535 536 5680
536 537 5680
537 538 5680
538 539 5680
539 540 5680
540 541 5680
541 542 5680
542 543 5680
543 544 5680
544 545 5680
545 546 5680
546 547 5680
547 548 5680
548 549 5680
549 550 5680
550 551 5680
551 552 5680
552 553 5680
553 554 5680
554 555 5680
555 556 5680
556 557 5680
557 558 5680
558 559 5680
559 560 5680
560 561 5680
561 562 5680
562 563 5680
563 564 5680
564 565 5680
565 566 5680
566 567 5680
82 123 5680
141 306 5680
190 534 5680
34 164 5680
178 288 5680
9 341 5680
238 428 5680
118 289 5680
251 539 5680
63 97 5680
274 462 5680
18 245 5680
220 530 5680
28 67 5680
264 433 5680
245 550 5680
20 328 5680
49 386 5680
181 470 5680
115 190 5680
236 269 5680
213 530 5680
152 482 5680
4 241 5680
163 463 5680
248 352 5680
283 443 5680
187 373 5680
144 259 5680
181 511 5680
100 268 5680
126 363 5680
276 292 5680
253 543 5680
57 97 5680
118 206 5680
79 186 5680
234 327 5680
70 187 5680
168 446 5680
105 443 5680
20 464 5680
267 314 5680
233 364 5680
99 363 5680
284 379 5680
14 116 5680
75 562 5680
115 402 5680
123 566 5680
90 225 5680
120 313 5680
230 527 5680
141 497 5680
247 269 5680
164 395 5680
15 220 5680
238 422 5680
144 228 5680
274 383 5680
76 266 5680
13 369 5680
96 534 5680
270 310 5680
203 279 5680
261 323 5680
106 215 5680
72 517 5680
97 550 5680
172 494 5680
232 267 5680
275 542 5680
210 456 5680
187 435 5680
249 505 5680
73 111 5680
138 186 5680
38 205 5680
230 514 5680
129 309 5680
211 533 5680
138 320 5680
161 212 5680
240 487 5680
186 375 5680
150 373 5680
216 304 5680
181 239 5680
144 410 5680
74 281 5680
282 317 5680
272 522 5680
46 355 5680
137 385 5680
151 391 5680
9 206 5680
80 404 5680
283 410 5680
234 266 5680
219 435 5680
17 488 5680
191 416 5680
41 367 5680
185 275 5680
3 427 5680
189 412 5680
181 329 5680
158 500 5680
277 396 5680
64 565 5680
30 46 5680
242 465 5680
243 420 5680
265 474 5680
215 262 5680
103 150 5680
109 513 5680
205 522 5680
142 344 5680
131 419 5680
233 566 5680
112 395 5680
176 487 5680
77 149 5680
242 362 5680
271 522 5680
30 89 5680
266 334 5680
45 531 5680
71 407 5680
170 404 5680
200 214 5680
108 482 5680
281 524 5680
72 370 5680
70 394 5680
132 567 5680
241 380 5680
135 481 5680
130 489 5680
106 277 5680
166 537 5680
3 208 5680
118 285 5680
191 355 5680
96 544 5680
240 340 5680
34 275 5680
184 281 5680
98 240 5680
100 335 5680
268 397 5680
236 473 5680
48 231 5680
208 237 5680
284 556 5680
95 400 5680
137 505 5680
252 452 5680
77 279 5680
42 481 5680
52 559 5680
268 320 5680
114 277 5680
156 381 5680
282 467 5680
153 255 5680
177 339 5680
184 471 5680
61 546 5680
48 510 5680
270 326 5680
55 360 5680
217 438 5680
172 185 5680
226 376 5680
10 213 5680
152 438 5680
245 317 5680
279 548 5680
115 128 5680
223 454 5680
166 337 5680
181 351 5680
250 540 5680
214 469 5680
77 260 5680
81 242 5680
174 344 5680
233 242 5680
89 384 5680
251 483 5680
131 367 5680
223 384 5680
15 450 5680
57 303 5680
30 513 5680
202 513 5680
235 484 5680
172 238 5680
185 216 5680
206 537 5680
151 168 5680
174 329 5680
110 360 5680
49 231 5680
58 102 5680
243 245 5680
38 233 5680
9 205 5680
130 450 5680
127 498 5680
32 224 5680
198 478 5680
193 545 5680
20 558 5680
92 194 5680
148 488 5680
106 179 5680
213 444 5680
223 447 5680
147 500 5680
59 312 5680
207 235 5680
205 356 5680
14 181 5680
250 290 5680
262 332 5680
271 317 5680
175 540 5680
272 394 5680
14 261 5680
135 466 5680
236 347 5680
96 463 5680
225 327 5680
223 258 5680
213 398 5680
276 544 5680
141 534 5680
210 423 5680
70 256 5680
236 427 5680
255 535 5680
36 481 5680
262 492 5680
3 351 5680
153 311 5680
276 376 5680
256 501 5680
281 531 5680
112 323 5680
16 449 5680
163 276 5680
284 474 5680
154 479 5680
145 244 5680
220 278 5680
94 270 5680
138 319 5680
121 424 5680
282 566 5680
42 529 5680
157 531 5680
156 212 5680
271 343 5680
177 294 5680
157 171 5680
50 140 5680
144 411 5680
274 369 5680
266 277 5680
222 421 5680
205 289 5680
226 296 5680
226 327 5680
146 149 5680
92 520 5680
81 269 5680
90 407 5680
75 314 5680
231 377 5680
27 237 5680
83 153 5680
60 485 5680
212 259 5680
144 224 5680
223 286 5680
47 104 5680
195 399 5680
59 342 5680
121 403 5680
207 389 5680
95 455 5680
227 240 5680
34 133 5680
34 322 5680
159 171 5680
189 405 5680
112 281 5680
190 407 5680
280 377 5680
143 445 5680
205 294 5680
39 397 5680
198 336 5680
64 420 5680
39 171 5680
168 319 5680
94 166 5680
156 408 5680
249 536 5680
68 118 5680
153 528 5680
85 188 5680
211 384 5680
89 557 5680
224 512 5680
281 485 5680
9 116 5680
63 303 5680
43 211 5680
268 329 5680
218 555 5680
201 488 5680
282 298 5680
45 371 5680
115 434 5680
78 519 5680
44 274 5680
190 328 5680
241 557 5680
7 234 5680
216 428 5680
95 423 5680
23 430 5680
214 361 5680
209 251 5680
225 248 5680
280 327 5680
106 181 5680
155 438 5680
226 247 5680
36 438 5680
122 437 5680
187 282 5680
73 537 5680
59 236 5680
209 504 5680
30 491 5680
180 358 5680
254 452 5680
20 193 5680
7 28 5680
103 454 5680
198 556 5680
213 215 5680
182 392 5680
139 360 5680
201 403 5680
9 98 5680
223 355 5680
183 508 5680
195 552 5680
233 279 5680
56 369 5680
230 498 5680
241 288 5680
263 534 5680
232 388 5680
33 421 5680
89 561 5680
96 281 5680
49 273 5680
9 522 5680
12 275 5680
70 498 5680
76 172 5680
38 211 5680
47 346 5680
81 245 5680
11 303 5680
177 448 5680
49 319 5680
167 281 5680
184 506 5680
90 169 5680
127 274 5680
66 471 5680
167 223 5680
116 375 5680
93 536 5680
206 524 5680
5 342 5680
26 554 5680
283 536 5680
199 251 5680
23 459 5680
121 428 5680
252 255 5680
60 138 5680
213 236 5680
16 45 5680
240 545 5680
26 194 5680
70 378 5680
73 369 5680
144 298 5680
67 201 5680
114 276 5680
35 230 5680
241 521 5680
67 151 5680
77 257 5680
117 407 5680
114 433 5680
125 465 5680
270 436 5680
245 344 5680
117 450 5680
49 376 5680
82 566 5680
105 284 5680
165 189 5680
149 341 5680
56 320 5680
270 403 5680
237 398 5680
70 474 5680
85 100 5680
116 414 5680
172 239 5680
135 409 5680
92 567 5680
140 550 5680
14 40 5680
218 462 5680
262 518 5680
131 204 5680
275 346 5680
196 508 5680
122 247 5680
207 486 5680
98 531 5680
212 374 5680
239 255 5680
72 278 5680
166 467 5680
49 319 5680
226 295 5680
111 168 5680
117 435 5680
275 374 5680
39 53 5680
183 474 5680
130 347 5680
30 245 5680
134 253 5680
148 435 5680
163 425 5680
122 210 5680
239 519 5680
276 552 5680
258 437 5680
54 533 5680
11 336 5680
170 431 5680
72 354 5680
52 458 5680
157 261 5680
111 187 5680
95 184 5680
270 303 5680
144 476 5680
233 508 5680
270 418 5680
223 541 5680
58 231 5680
13 531 5680
114 318 5680
89 120 5680
203 445 5680
91 429 5680
75 77 5680
10 461 5680
113 236 5680
124 138 5680
29 503 5680
157 353 5680
155 451 5680
195 548 5680
25 324 5680
38 492 5680
104 438 5680
176 421 5680
282 326 5680
72 295 5680
11 28 5680
213 367 5680
58 477 5680
273 406 5680
251 536 5680
237 553 5680
110 347 5680
12 449 5680
151 341 5680
98 358 5680
160 482 5680
87 381 5680
7 13 5680
276 528 5680
161 564 5680
278 468 5680
104 111 5680
273 475 5680
232 551 5680
161 477 5680
187 308 5680
249 423 5680
220 283 5680
229 323 5680
112 180 5680
96 130 5680
7 69 5680
4 299 5680
101 566 5680
11 141 5680
199 206 5680
74 257 5680
36 201 5680
203 383 5680
54 364 5680
248 329 5680
140 463 5680
271 324 5680
3 139 5680
14 196 5680
109 199 5680
226 246 5680
142 428 5680
103 335 5680
23 318 5680
209 506 5680
103 480 5680
20 109 5680
25 75 5680
64 516 5680
248 491 5680
76 159 5680
87 459 5680
113 428 5680
187 460 5680
276 499 5680
197 414 5680
33 241 5680
205 215 5680
201 345 5680
227 334 5680
111 151 5680
252 523 5680
192 403 5680
98 260 5680
247 341 5680
210 494 5680
250 418 5680
