0 1 560
1 2 560
2 3 560
3 4 560
4 5 560
5 6 560
6 7 560
7 8 560
8 9 560
9 10 560
10 11 560
11 12 560
12 13 560
13 14 560
14 15 560
15 16 560
16 17 560
17 18 560
18 19 560
19 20 560
20 21 560
21 22 560
22 23 560
23 24 560
24 25 560
25 26 560
26 27 560
27 28 560
28 29 560
29 30 560
30 31 560
31 32 560
32 33 560
33 34 560
34 35 560
35 36 560
36 37 560
37 38 560
38 39 560
39 40 560
40 41 560
41 42 560
42 43 560
43 44 560
44 45 560
45 46 560
46 47 560
47 48 560
48 49 560
49 50 560
50 51 560
51 52 560
52 53 560
53 54 560
54 55 560
17 36 560
15 39 560
21 32 560
9 53 560
12 25 560
4 37 560
2 35 560
28 53 560
22 47 560
22 42 560
12 39 560
27 45 560
9 43 560
18 22 560
6 55 560
24 35 560
27 43 560
22 54 560
26 43 560
25 52 560
19 39 560
22 39 560
9 28 560
17 29 560
20 50 560
25 47 560
8 40 560
7 9 560
19 26 560
11 35 560
6 43 560
20 34 560
5 45 560
7 52 560
10 53 560
15 36 560
5 36 560
16 39 560
14 17 560
16 26 560
4 38 560
12 48 560
15 19 560
0 38 560
14 47 560
19 24 560
21 32 560
3 27 560
10 20 560
9 54 560
18 26 560
13 25 560
12 47 560
