0 1 5720
1 2 5720
2 3 5720
3 4 5720
4 5 5720
5 6 5720
6 7 5720
7 8 5720
8 9 5720
9 10 5720
10 11 5720
11 12 5720
12 13 5720
13 14 5720
14 15 5720
15 16 5720
16 17 5720
17 18 5720
18 19 5720
19 20 5720
20 21 5720
21 22 5720
22 23 5720
23 24 5720
24 25 5720
25 26 5720
26 27 5720
27 28 5720
28 29 5720
29 30 5720
30 31 5720
31 32 5720
32 33 5720
33 34 5720
34 35 5720
35 36 5720
36 37 5720
37 38 5720
38 39 5720
39 40 5720
40 41 5720
41 42 5720
42 43 5720
43 44 5720
44 45 5720
45 46 5720
46 47 5720
47 48 5720
48 49 5720
49 50 5720
50 51 5720
51 52 5720
52 53 5720
53 54 5720
54 55 5720
55 56 5720
56 57 5720
57 58 5720
58 59 5720
59 60 5720
60 61 5720
61 62 5720
62 63 5720
63 64 5720
64 65 5720
65 66 5720
66 67 5720
67 68 5720
68 69 5720
69 70 5720
70 71 5720
71 72 5720
72 73 5720
73 74 5720
74 75 5720
75 76 5720
76 77 5720
77 78 5720
78 79 5720
79 80 5720
80 81 5720
81 82 5720
82 83 5720
83 84 5720
84 85 5720
85 86 5720
86 87 5720
87 88 5720
88 89 5720
89 90 5720
90 91 5720
91 92 5720
92 93 5720
93 94 5720
94 95 5720
95 96 5720
96 97 5720
97 98 5720
98 99 5720
99 100 5720
100 101 5720
101 102 5720
102 103 5720
103 104 5720
104 105 5720
105 106 5720
106 107 5720
107 108 5720
108 109 5720
109 110 5720
110 111 5720
111 112 5720
112 113 5720
113 114 5720
114 115 5720
115 116 5720
116 117 5720
117 118 5720
118 119 5720
119 120 5720
120 121 5720
121 122 5720
122 123 5720
123 124 5720
124 125 5720
125 126 5720
126 127 5720
127 128 5720
128 129 5720
129 130 5720
130 131 5720
131 132 5720
132 133 5720
133 134 5720
134 135 5720
135 136 5720
136 137 5720
137 138 5720
138 139 5720
139 140 5720
140 141 5720
141 142 5720
142 143 5720
143 144 5720
144 145 5720
145 146 5720
146 147 5720
147 148 5720
148 149 5720
149 150 5720
150 151 5720
151 152 5720
152 153 5720
153 154 5720
154 155 5720
155 156 5720
156 157 5720
157 158 5720
158 159 5720
159 160 5720
160 161 5720
161 162 5720
162 163 5720
163 164 5720
164 165 5720
165 166 5720
166 167 5720
167 168 5720
168 169 5720
169 170 5720
170 171 5720
171 172 5720
172 173 5720
173 174 5720
174 175 5720
175 176 5720
176 177 5720
177 178 5720
178 179 5720
179 180 5720
180 181 5720
181 182 5720
182 183 5720
183 184 5720
184 185 5720
185 186 5720
186 187 5720
187 188 5720
188 189 5720
189 190 5720
190 191 5720
191 192 5720
192 193 5720
193 194 5720
194 195 5720
195 196 5720
196 197 5720
197 198 5720
198 199 5720
199 200 5720
200 201 5720
201 202 5720
202 203 5720
203 204 5720
204 205 5720
205 206 5720
206 207 5720
207 208 5720
208 209 5720
209 210 5720
210 211 5720
211 212 5720
212 213 5720
213 214 5720
214 215 5720
215 216 5720
216 217 5720
217 218 5720
218 219 5720
219 220 5720
220 221 5720
221 222 5720
222 223 5720
223 224 5720
224 225 5720
225 226 5720
226 227 5720
227 228 5720
228 229 5720
229 230 5720
230 231 5720
231 232 5720
232 233 5720
233 234 5720
234 235 5720
235 236 5720
236 237 5720
237 238 5720
238 239 5720
239 240 5720
240 241 5720
241 242 5720
242 243 5720
243 244 5720
244 245 5720
245 246 5720
246 247 5720
247 248 5720
248 249 5720
249 250 5720
250 251 5720
251 252 5720
252 253 5720
253 254 5720
254 255 5720
255 256 5720
256 257 5720
257 258 5720
258 259 5720
259 260 5720
260 261 5720
261 262 5720
262 263 5720
263 264 5720
264 265 5720
265 266 5720
266 267 5720
267 268 5720
268 269 5720
269 270 5720
270 271 5720
271 272 5720
272 273 5720
273 274 5720
274 275 5720
275 276 5720
276 277 5720
277 278 5720
278 279 5720
279 280 5720
280 281 5720
281 282 5720
282 283 5720
283 284 5720
284 285 5720
285 286 5720
286 287 5720
287 288 5720
288 289 5720
289 290 5720
290 291 5720
291 292 5720
292 293 5720
293 294 5720
294 295 5720
295 296 5720
296 297 5720
297 298 5720
298 299 5720
299 300 5720
300 301 5720
301 302 5720
302 303 5720
303 304 5720
304 305 5720
305 306 5720
306 307 5720
307 308 5720
308 309 5720
309 310 5720
310 311 5720
311 312 5720
312 313 5720
313 314 5720
314 315 5720
315 316 5720
316 317 5720
317 318 5720
318 319 5720
319 320 5720
320 321 5720
321 322 5720
322 323 5720
323 324 5720
324 325 5720
325 326 5720
326 327 5720
327 328 5720
328 329 5720
329 330 5720
330 331 5720
331 332 5720
332 333 5720
333 334 5720
334 335 5720
335 336 5720
336 337 5720
337 338 5720
338 339 5720
339 340 5720
340 341 5720
341 342 5720
342 343 5720
343 344 5720
344 345 5720
345 346 5720
346 347 5720
347 348 5720
348 349 5720
349 350 5720
350 351 5720
351 352 5720
352 353 5720
353 354 5720
354 355 5720
355 356 5720
356 357 5720
357 358 5720
358 359 5720
359 360 5720
360 361 5720
361 362 5720
362 363 5720
363 364 5720
364 365 5720
365 366 5720
366 367 5720
367 368 5720
368 369 5720
369 370 5720
370 371 5720
371 372 5720
372 373 5720
373 374 5720
374 375 5720
375 376 5720
376 377 5720
377 378 5720
378 379 5720
379 380 5720
380 381 5720
381 382 5720
382 383 5720
383 384 5720
384 385 5720
385 386 5720
386 387 5720
387 388 5720
388 389 5720
389 390 5720
390 391 5720
391 392 5720
392 393 5720
393 394 5720
394 395 5720
395 396 5720
396 397 5720
397 398 5720
398 399 5720
399 400 5720
400 401 5720
401 402 5720
402 403 5720
403 404 5720
404 405 5720
405 406 5720
406 407 5720
407 408 5720
408 409 5720
409 410 5720
410 411 5720
411 412 5720
412 413 5720
413 414 5720
414 415 5720
415 416 5720
416 417 5720
417 418 5720
418 419 5720
419 420 5720
420 421 5720
421 422 5720
422 423 5720
423 424 5720
424 425 5720
425 426 5720
426 427 5720
427 428 5720
428 429 5720
429 430 5720
430 431 5720
431 432 5720
432 433 5720
433 434 5720
434 435 5720
435 436 5720
436 437 5720
437 438 5720
438 439 5720
439 440 5720
440 441 5720
441 442 5720
442 443 5720
443 444 5720
444 445 5720
445 446 5720
446 447 5720
447 448 5720
448 449 5720
449 450 5720
450 451 5720
451 452 5720
452 453 5720
453 454 5720
454 455 5720
455 456 5720
456 457 5720
457 458 5720
458 459 5720
459 460 5720
460 461 5720
461 462 5720
462 463 5720
463 464 5720
464 465 5720
465 466 5720
466 467 5720
467 468 5720
468 469 5720
469 470 5720
470 471 5720
471 472 5720
472 473 5720
473 474 5720
474 475 5720
475 476 5720
476 477 5720
477 478 5720
478 479 5720
479 480 5720
480 481 5720
481 482 5720
482 483 5720
483 484 5720
484 485 5720
485 486 5720
486 487 5720
487 488 5720
488 489 5720
489 490 5720
490 491 5720
491 492 5720
492 493 5720
493 494 5720
494 495 5720
495 496 5720
496 497 5720
497 498 5720
498 499 5720
499 500 5720
500 501 5720
501 502 5720
502 503 5720
503 504 5720
504 505 5720
505 506 5720
506 507 5720
507 508 5720
508 509 5720
509 510 5720
510 511 5720
511 512 5720
512 513 5720
513 514 5720
514 515 5720
515 516 5720
516 517 5720
517 518 5720
518 519 5720
519 520 5720
520 521 5720
521 522 5720
522 523 5720
523 524 5720
524 525 5720
525 526 5720
526 527 5720
527 528 5720
528 529 5720
529 530 5720
530 531 5720
531 532 5720
532 533 5720
533 534 5720
534 535 5720
535 536 5720
536 537 5720
537 538 5720
538 539 5720
539 540 5720
540 541 5720
541 542 5720
542 543 5720
543 544 5720
544 545 5720
545 546 5720
546 547 5720
547 548 5720
548 549 5720
549 550 5720
550 551 5720
551 552 5720
552 553 5720
553 554 5720
554 555 5720
555 556 5720
556 557 5720
557 558 5720
558 559 5720
559 560 5720
560 561 5720
561 562 5720
562 563 5720
563 564 5720
564 565 5720
565 566 5720
566 567 5720
567 568 5720
568 569 5720
569 570 5720
570 571 5720
235 535 5720
111 254 5720
274 523 5720
256 489 5720
49 498 5720
237 556 5720
113 407 5720
5 407 5720
279 358 5720
167 533 5720
8 529 5720
171 494 5720
107 472 5720
271 430 5720
195 276 5720
126 566 5720
241 560 5720
134 457 5720
35 505 5720
91 429 5720
274 320 5720
29 91 5720
215 305 5720
225 541 5720
107 350 5720
119 527 5720
283 457 5720
170 231 5720
188 407 5720
38 98 5720
60 138 5720
111 234 5720
96 335 5720
186 362 5720
133 260 5720
198 536 5720
167 362 5720
171 480 5720
146 542 5720
136 285 5720
79 166 5720
177 415 5720
34 293 5720
12 493 5720
86 327 5720
53 473 5720
49 170 5720
221 346 5720
218 396 5720
149 246 5720
24 96 5720
250 364 5720
277 502 5720
251 314 5720
255 279 5720
249 378 5720
201 447 5720
177 501 5720
142 465 5720
229 511 5720
134 401 5720
188 436 5720
202 264 5720
241 324 5720
51 503 5720
47 82 5720
222 268 5720
221 281 5720
36 492 5720
54 319 5720
48 118 5720
196 410 5720
176 314 5720
72 426 5720
93 345 5720
182 343 5720
96 358 5720
63 227 5720
264 556 5720
92 468 5720
150 518 5720
199 279 5720
181 187 5720
227 241 5720
209 547 5720
268 420 5720
149 285 5720
277 320 5720
37 263 5720
55 395 5720
110 391 5720
199 234 5720
230 347 5720
105 218 5720
192 238 5720
56 266 5720
82 539 5720
272 343 5720
25 212 5720
272 349 5720
58 408 5720
271 378 5720
22 470 5720
207 536 5720
255 414 5720
53 458 5720
70 319 5720
285 522 5720
109 266 5720
106 161 5720
244 408 5720
237 476 5720
234 458 5720
121 483 5720
210 468 5720
103 370 5720
239 291 5720
241 259 5720
268 508 5720
28 210 5720
122 309 5720
203 300 5720
187 413 5720
80 91 5720
146 382 5720
167 421 5720
109 228 5720
76 460 5720
212 567 5720
192 313 5720
205 398 5720
74 198 5720
3 327 5720
224 283 5720
156 226 5720
96 543 5720
49 118 5720
237 413 5720
44 351 5720
13 392 5720
217 407 5720
19 405 5720
49 107 5720
147 504 5720
174 246 5720
23 93 5720
63 303 5720
158 412 5720
105 512 5720
37 414 5720
240 436 5720
111 550 5720
195 431 5720
124 552 5720
266 523 5720
76 173 5720
79 468 5720
65 455 5720
103 423 5720
20 306 5720
234 316 5720
258 274 5720
242 387 5720
78 168 5720
211 335 5720
42 432 5720
140 321 5720
92 216 5720
37 377 5720
205 222 5720
6 378 5720
276 303 5720
61 256 5720
26 421 5720
224 392 5720
164 333 5720
244 285 5720
216 494 5720
258 520 5720
77 168 5720
278 312 5720
282 441 5720
77 392 5720
172 416 5720
91 352 5720
0 496 5720
262 278 5720
35 275 5720
178 502 5720
147 220 5720
57 280 5720
209 308 5720
24 520 5720
141 501 5720
87 475 5720
165 492 5720
260 458 5720
99 363 5720
3 481 5720
59 336 5720
203 489 5720
44 469 5720
181 485 5720
177 260 5720
91 469 5720
236 533 5720
180 512 5720
237 432 5720
106 570 5720
49 288 5720
166 188 5720
156 229 5720
265 352 5720
89 523 5720
246 386 5720
257 348 5720
55 524 5720
94 272 5720
103 476 5720
271 364 5720
76 554 5720
276 341 5720
93 536 5720
256 500 5720
267 285 5720
102 232 5720
173 509 5720
93 339 5720
34 219 5720
198 367 5720
50 163 5720
116 439 5720
161 315 5720
283 565 5720
91 296 5720
109 256 5720
121 291 5720
81 292 5720
25 298 5720
285 449 5720
215 397 5720
108 518 5720
172 431 5720
140 420 5720
109 346 5720
111 324 5720
159 564 5720
220 300 5720
90 368 5720
282 392 5720
121 195 5720
8 566 5720
18 506 5720
141 454 5720
105 495 5720
1 220 5720
114 137 5720
177 529 5720
45 231 5720
230 311 5720
66 238 5720
240 305 5720
188 230 5720
45 224 5720
55 427 5720
59 492 5720
234 538 5720
63 476 5720
163 380 5720
151 209 5720
200 303 5720
22 211 5720
111 381 5720
143 542 5720
55 565 5720
248 425 5720
22 169 5720
152 206 5720
205 354 5720
94 202 5720
209 513 5720
177 198 5720
210 331 5720
103 177 5720
49 437 5720
255 547 5720
0 571 5720
151 380 5720
71 509 5720
180 446 5720
92 515 5720
123 146 5720
47 362 5720
226 480 5720
178 489 5720
55 138 5720
253 348 5720
253 313 5720
100 240 5720
104 327 5720
185 565 5720
137 316 5720
119 565 5720
204 517 5720
124 177 5720
11 303 5720
104 262 5720
47 353 5720
7 423 5720
90 354 5720
23 486 5720
34 202 5720
63 142 5720
168 336 5720
75 382 5720
164 251 5720
156 233 5720
283 306 5720
109 508 5720
205 272 5720
78 161 5720
144 324 5720
213 308 5720
156 498 5720
122 468 5720
2 520 5720
56 125 5720
283 512 5720
13 66 5720
277 349 5720
102 425 5720
32 308 5720
97 312 5720
222 537 5720
135 245 5720
159 197 5720
3 45 5720
270 390 5720
85 190 5720
126 317 5720
178 264 5720
139 214 5720
22 443 5720
43 446 5720
46 349 5720
68 291 5720
195 259 5720
247 413 5720
219 309 5720
66 263 5720
85 277 5720
232 464 5720
270 452 5720
177 251 5720
205 336 5720
187 248 5720
256 354 5720
228 512 5720
253 356 5720
149 224 5720
11 484 5720
160 212 5720
78 197 5720
107 172 5720
29 543 5720
173 563 5720
63 531 5720
194 410 5720
172 220 5720
247 434 5720
219 245 5720
4 124 5720
19 267 5720
243 265 5720
3 212 5720
262 412 5720
232 431 5720
47 159 5720
262 417 5720
152 419 5720
246 403 5720
244 549 5720
170 487 5720
73 483 5720
184 214 5720
179 203 5720
262 458 5720
98 413 5720
155 196 5720
200 233 5720
245 306 5720
11 231 5720
245 409 5720
100 517 5720
87 393 5720
102 488 5720
18 393 5720
225 360 5720
68 211 5720
121 447 5720
152 300 5720
62 317 5720
248 271 5720
36 490 5720
183 342 5720
103 209 5720
42 171 5720
65 222 5720
56 158 5720
156 374 5720
133 382 5720
114 217 5720
245 302 5720
264 318 5720
181 445 5720
240 371 5720
275 307 5720
208 460 5720
30 412 5720
282 375 5720
93 560 5720
74 463 5720
134 168 5720
193 478 5720
81 444 5720
46 239 5720
120 212 5720
28 158 5720
68 327 5720
148 265 5720
25 296 5720
267 571 5720
220 465 5720
57 305 5720
56 109 5720
87 106 5720
206 559 5720
196 266 5720
153 549 5720
68 166 5720
258 403 5720
24 103 5720
33 249 5720
253 560 5720
237 353 5720
188 222 5720
181 238 5720
225 312 5720
114 512 5720
265 456 5720
155 442 5720
280 414 5720
235 318 5720
267 426 5720
29 296 5720
85 308 5720
140 271 5720
176 511 5720
126 340 5720
196 263 5720
104 395 5720
198 374 5720
40 401 5720
243 521 5720
172 562 5720
255 434 5720
154 516 5720
116 237 5720
78 397 5720
189 386 5720
144 557 5720
261 345 5720
14 487 5720
114 256 5720
129 289 5720
35 441 5720
123 298 5720
123 406 5720
209 291 5720
169 394 5720
108 503 5720
39 234 5720
197 505 5720
10 112 5720
0 236 5720
213 442 5720
96 421 5720
121 124 5720
233 323 5720
50 566 5720
215 502 5720
70 359 5720
82 159 5720
239 417 5720
234 544 5720
208 348 5720
259 336 5720
267 457 5720
93 289 5720
123 199 5720
173 499 5720
25 233 5720
165 326 5720
125 198 5720
216 236 5720
166 248 5720
174 224 5720
225 452 5720
24 358 5720
200 276 5720
95 127 5720
64 234 5720
59 196 5720
264 536 5720
64 412 5720
190 207 5720
269 569 5720
192 267 5720
23 233 5720
112 237 5720
87 124 5720
83 428 5720
16 342 5720
250 361 5720
144 433 5720
107 278 5720
194 250 5720
63 394 5720
221 499 5720
148 321 5720
32 378 5720
67 244 5720
59 205 5720
124 169 5720
116 501 5720
17 58 5720
91 336 5720
244 310 5720
275 334 5720
52 520 5720
62 356 5720
197 559 5720
149 286 5720
219 345 5720
158 197 5720
38 417 5720
52 142 5720
168 293 5720
156 436 5720
79 393 5720
141 321 5720
250 557 5720
242 508 5720
136 490 5720
242 535 5720
29 410 5720
94 232 5720
6 470 5720
77 558 5720
279 311 5720
77 366 5720
76 282 5720
184 379 5720
237 279 5720
133 296 5720
175 442 5720
66 299 5720
93 316 5720
46 127 5720
197 546 5720
