0 1 5760
1 2 5760
2 3 5760
3 4 5760
4 5 5760
5 6 5760
6 7 5760
7 8 5760
8 9 5760
9 10 5760
10 11 5760
11 12 5760
12 13 5760
13 14 5760
14 15 5760
15 16 5760
16 17 5760
17 18 5760
18 19 5760
19 20 5760
20 21 5760
21 22 5760
22 23 5760
23 24 5760
24 25 5760
25 26 5760
26 27 5760
27 28 5760
28 29 5760
29 30 5760
30 31 5760
31 32 5760
32 33 5760
33 34 5760
34 35 5760
35 36 5760
36 37 5760
37 38 5760
38 39 5760
39 40 5760
40 41 5760
41 42 5760
42 43 5760
43 44 5760
44 45 5760
45 46 5760
46 47 5760
47 48 5760
48 49 5760
49 50 5760
50 51 5760
51 52 5760
52 53 5760
53 54 5760
54 55 5760
55 56 5760
56 57 5760
57 58 5760
58 59 5760
59 60 5760
60 61 5760
61 62 5760
62 63 5760
63 64 5760
64 65 5760
65 66 5760
66 67 5760
67 68 5760
68 69 5760
69 70 5760
70 71 5760
71 72 5760
72 73 5760
73 74 5760
74 75 5760
75 76 5760
76 77 5760
77 78 5760
78 79 5760
79 80 5760
80 81 5760
81 82 5760
82 83 5760
83 84 5760
84 85 5760
85 86 5760
86 87 5760
87 88 5760
88 89 5760
89 90 5760
90 91 5760
91 92 5760
92 93 5760
93 94 5760
94 95 5760
95 96 5760
96 97 5760
97 98 5760
98 99 5760
99 100 5760
100 101 5760
101 102 5760
102 103 5760
103 104 5760
104 105 5760
105 106 5760
106 107 5760
107 108 5760
108 109 5760
109 110 5760
110 111 5760
111 112 5760
112 113 5760
113 114 5760
114 115 5760
115 116 5760
116 117 5760
117 118 5760
118 119 5760
119 120 5760
120 121 5760
121 122 5760
122 123 5760
123 124 5760
124 125 5760
125 126 5760
126 127 5760
127 128 5760
128 129 5760
129 130 5760
130 131 5760
131 132 5760
132 133 5760
133 134 5760
134 135 5760
135 136 5760
136 137 5760
137 138 5760
138 139 5760
139 140 5760
140 141 5760
141 142 5760
142 143 5760
143 144 5760
144 145 5760
145 146 5760
146 147 5760
147 148 5760
148 149 5760
149 150 5760
150 151 5760
151 152 5760
152 153 5760
153 154 5760
154 155 5760
155 156 5760
156 157 5760
157 158 5760
158 159 5760
159 160 5760
160 161 5760
161 162 5760
162 163 5760
163 164 5760
164 165 5760
165 166 5760
166 167 5760
167 168 5760
168 169 5760
169 170 5760
170 171 5760
171 172 5760
172 173 5760
173 174 5760
174 175 5760
175 176 5760
176 177 5760
177 178 5760
178 179 5760
179 180 5760
180 181 5760
181 182 5760
182 183 5760
183 184 5760
184 185 5760
185 186 5760
186 187 5760
187 188 5760
188 189 5760
189 190 5760
190 191 5760
191 192 5760
192 193 5760
193 194 5760
194 195 5760
195 196 5760
196 197 5760
197 198 5760
198 199 5760
199 200 5760
200 201 5760
201 202 5760
202 203 5760
203 204 5760
204 205 5760
205 206 5760
206 207 5760
207 208 5760
208 209 5760
209 210 5760
210 211 5760
211 212 5760
212 213 5760
213 214 5760
214 215 5760
215 216 5760
216 217 5760
217 218 5760
218 219 5760
219 220 5760
220 221 5760
221 222 5760
222 223 5760
223 224 5760
224 225 5760
225 226 5760
226 227 5760
227 228 5760
228 229 5760
229 230 5760
230 231 5760
231 232 5760
232 233 5760
233 234 5760
234 235 5760
235 236 5760
236 237 5760
237 238 5760
238 239 5760
239 240 5760
240 241 5760
241 242 5760
242 243 5760
243 244 5760
244 245 5760
245 246 5760
246 247 5760
247 248 5760
248 249 5760
249 250 5760
250 251 5760
251 252 5760
252 253 5760
253 254 5760
254 255 5760
255 256 5760
256 257 5760
257 258 5760
258 259 5760
259 260 5760
260 261 5760
261 262 5760
262 263 5760
263 264 5760
264 265 5760
265 266 5760
266 267 5760
267 268 5760
268 269 5760
269 270 5760
270 271 5760
271 272 5760
272 273 5760
273 274 5760
274 275 5760
275 276 5760
276 277 5760
277 278 5760
278 279 5760
279 280 5760
280 281 5760
281 282 5760
282 283 5760
283 284 5760
284 285 5760
285 286 5760
286 287 5760
287 288 5760
288 289 5760
289 290 5760
290 291 5760
291 292 5760
292 293 5760
293 294 5760
294 295 5760
295 296 5760
296 297 5760
297 298 5760
298 299 5760
299 300 5760
300 301 5760
301 302 5760
302 303 5760
303 304 5760
304 305 5760
305 306 5760
306 307 5760
307 308 5760
308 309 5760
309 310 5760
310 311 5760
311 312 5760
312 313 5760
313 314 5760
314 315 5760
315 316 5760
316 317 5760
317 318 5760
318 319 5760
319 320 5760
320 321 5760
321 322 5760
322 323 5760
323 324 5760
324 325 5760
325 326 5760
326 327 5760
327 328 5760
328 329 5760
329 330 5760
330 331 5760
331 332 5760
332 333 5760
333 334 5760
334 335 5760
335 336 5760
336 337 5760
337 338 5760
338 339 5760
339 340 5760
340 341 5760
341 342 5760
342 343 5760
343 344 5760
344 345 5760
345 346 5760
346 347 5760
347 348 5760
348 349 5760
349 350 5760
350 351 5760
351 352 5760
352 353 5760
353 354 5760
354 355 5760
355 356 5760
356 357 5760
357 358 5760
358 359 5760
359 360 5760
360 361 5760
361 362 5760
362 363 5760
363 364 5760
364 365 5760
365 366 5760
366 367 5760
367 368 5760
368 369 5760
369 370 5760
370 371 5760
371 372 5760
372 373 5760
373 374 5760
374 375 5760
375 376 5760
376 377 5760
377 378 5760
378 379 5760
379 380 5760
380 381 5760
381 382 5760
382 383 5760
383 384 5760
384 385 5760
385 386 5760
386 387 5760
387 388 5760
388 389 5760
389 390 5760
390 391 5760
391 392 5760
392 393 5760
393 394 5760
394 395 5760
395 396 5760
396 397 5760
397 398 5760
398 399 5760
399 400 5760
400 401 5760
401 402 5760
402 403 5760
403 404 5760
404 405 5760
405 406 5760
406 407 5760
407 408 5760
408 409 5760
409 410 5760
410 411 5760
411 412 5760
412 413 5760
413 414 5760
414 415 5760
415 416 5760
416 417 5760
417 418 5760
418 419 5760
419 420 5760
420 421 5760
421 422 5760
422 423 5760
423 424 5760
424 425 5760
425 426 5760
426 427 5760
427 428 5760
428 429 5760
429 430 5760
430 431 5760
431 432 5760
432 433 5760
433 434 5760
434 435 5760
435 436 5760
436 437 5760
437 438 5760
438 439 5760
439 440 5760
440 441 5760
441 442 5760
442 443 5760
443 444 5760
444 445 5760
445 446 5760
446 447 5760
447 448 5760
448 449 5760
449 450 5760
450 451 5760
451 452 5760
452 453 5760
453 454 5760
454 455 5760
455 456 5760
456 457 5760
457 458 5760
458 459 5760
459 460 5760
460 461 5760
461 462 5760
462 463 5760
463 464 5760
464 465 5760
465 466 5760
466 467 5760
467 468 5760
468 469 5760
469 470 5760
470 471 5760
471 472 5760
472 473 5760
473 474 5760
474 475 5760
475 476 5760
476 477 5760
477 478 5760
478 479 5760
479 480 5760
480 481 5760
481 482 5760
482 483 5760
483 484 5760
484 485 5760
485 486 5760
486 487 5760
487 488 5760
488 489 5760
489 490 5760
490 491 5760
491 492 5760
492 493 5760
493 494 5760
494 495 5760
495 496 5760
496 497 5760
497 498 5760
498 499 5760
499 500 5760
500 501 5760
501 502 5760
502 503 5760
503 504 5760
504 505 5760
505 506 5760
506 507 5760
507 508 5760
508 509 5760
509 510 5760
510 511 5760
511 512 5760
512 513 5760
513 514 5760
514 515 5760
515 516 5760
516 517 5760
517 518 5760
518 519 5760
519 520 5760
520 521 5760
521 522 5760
522 523 5760
523 524 5760
524 525 5760
525 526 5760
526 527 5760
527 528 5760
528 529 5760
529 530 5760
530 531 5760
531 532 5760
532 533 5760
533 534 5760
534 535 5760
535 536 5760
536 537 5760
537 538 5760
538 539 5760
539 540 5760
540 541 5760
541 542 5760
542 543 5760
543 544 5760
544 545 5760
545 546 5760
546 547 5760
547 548 5760
548 549 5760
549 550 5760
550 551 5760
551 552 5760
552 553 5760
553 554 5760
554 555 5760
555 556 5760
556 557 5760
557 558 5760
558 559 5760
559 560 5760
560 561 5760
561 562 5760
562 563 5760
563 564 5760
564 565 5760
565 566 5760
566 567 5760
567 568 5760
568 569 5760
569 570 5760
570 571 5760
571 572 5760
572 573 5760
573 574 5760
574 575 5760
95 246 5760
241 452 5760
114 415 5760
113 276 5760
27 488 5760
285 340 5760
192 233 5760
134 528 5760
216 501 5760
174 369 5760
142 334 5760
86 111 5760
170 574 5760
50 308 5760
193 508 5760
110 329 5760
170 473 5760
47 153 5760
34 268 5760
163 512 5760
182 376 5760
110 401 5760
38 419 5760
13 57 5760
207 507 5760
51 268 5760
220 311 5760
221 471 5760
247 526 5760
262 530 5760
265 497 5760
162 208 5760
188 547 5760
281 468 5760
257 533 5760
174 262 5760
130 162 5760
131 210 5760
39 74 5760
106 283 5760
145 262 5760
212 561 5760
50 463 5760
145 232 5760
205 379 5760
112 467 5760
25 422 5760
154 345 5760
34 133 5760
236 447 5760
224 454 5760
56 571 5760
182 265 5760
229 544 5760
132 571 5760
98 438 5760
24 471 5760
83 237 5760
215 387 5760
227 552 5760
44 481 5760
6 566 5760
79 464 5760
9 38 5760
280 519 5760
158 430 5760
209 354 5760
154 479 5760
208 325 5760
106 365 5760
251 564 5760
3 505 5760
108 321 5760
203 268 5760
195 296 5760
117 492 5760
72 248 5760
160 300 5760
154 214 5760
258 460 5760
145 493 5760
275 523 5760
101 304 5760
156 552 5760
277 333 5760
19 322 5760
67 438 5760
273 282 5760
36 401 5760
194 196 5760
45 272 5760
162 415 5760
263 299 5760
140 396 5760
282 547 5760
204 209 5760
20 535 5760
246 333 5760
43 528 5760
161 255 5760
122 441 5760
54 465 5760
84 388 5760
239 345 5760
68 391 5760
115 293 5760
158 185 5760
284 326 5760
105 293 5760
222 378 5760
204 571 5760
260 372 5760
68 190 5760
223 395 5760
188 566 5760
218 521 5760
80 235 5760
185 430 5760
283 290 5760
267 495 5760
133 301 5760
113 462 5760
239 568 5760
185 573 5760
17 166 5760
20 298 5760
99 358 5760
18 355 5760
97 240 5760
235 424 5760
25 203 5760
164 177 5760
262 470 5760
24 201 5760
252 300 5760
147 285 5760
98 565 5760
9 473 5760
265 313 5760
250 342 5760
65 353 5760
249 548 5760
121 406 5760
254 265 5760
247 570 5760
35 265 5760
275 506 5760
227 397 5760
136 444 5760
122 402 5760
81 478 5760
201 307 5760
287 458 5760
148 193 5760
207 537 5760
38 249 5760
177 316 5760
153 216 5760
203 266 5760
54 90 5760
37 440 5760
233 279 5760
24 304 5760
154 334 5760
31 201 5760
146 515 5760
137 490 5760
28 300 5760
171 481 5760
181 423 5760
202 571 5760
204 226 5760
70 105 5760
125 566 5760
75 480 5760
175 402 5760
275 432 5760
66 408 5760
225 443 5760
158 574 5760
189 246 5760
189 529 5760
80 274 5760
78 550 5760
236 397 5760
25 171 5760
12 263 5760
180 427 5760
271 340 5760
160 568 5760
81 308 5760
186 350 5760
203 423 5760
132 433 5760
185 412 5760
264 337 5760
40 221 5760
179 209 5760
41 153 5760
202 519 5760
39 519 5760
123 125 5760
110 399 5760
180 225 5760
203 320 5760
118 194 5760
28 51 5760
257 488 5760
25 532 5760
167 445 5760
215 365 5760
169 394 5760
258 393 5760
120 400 5760
192 385 5760
18 168 5760
162 202 5760
185 571 5760
270 315 5760
259 325 5760
92 303 5760
154 443 5760
55 175 5760
57 304 5760
157 421 5760
269 490 5760
37 397 5760
282 337 5760
234 357 5760
20 574 5760
185 552 5760
58 249 5760
115 484 5760
127 274 5760
83 179 5760
243 291 5760
253 324 5760
124 236 5760
114 331 5760
129 479 5760
286 496 5760
241 349 5760
95 188 5760
278 287 5760
137 449 5760
114 288 5760
90 571 5760
167 188 5760
232 373 5760
91 278 5760
281 521 5760
15 312 5760
214 368 5760
75 511 5760
51 367 5760
151 542 5760
4 118 5760
22 134 5760
214 529 5760
286 476 5760
74 190 5760
268 321 5760
184 360 5760
178 513 5760
4 263 5760
14 456 5760
204 227 5760
278 457 5760
175 198 5760
202 314 5760
207 220 5760
219 512 5760
128 440 5760
264 407 5760
76 288 5760
275 336 5760
277 521 5760
34 314 5760
118 556 5760
66 464 5760
146 269 5760
153 412 5760
287 570 5760
36 413 5760
227 463 5760
170 553 5760
271 339 5760
141 171 5760
110 334 5760
187 386 5760
28 511 5760
78 286 5760
157 369 5760
270 516 5760
101 311 5760
118 158 5760
139 326 5760
248 463 5760
70 260 5760
131 214 5760
38 518 5760
197 535 5760
217 426 5760
220 548 5760
286 340 5760
50 212 5760
147 487 5760
99 324 5760
287 539 5760
78 491 5760
196 235 5760
120 155 5760
99 257 5760
103 242 5760
74 123 5760
182 221 5760
38 61 5760
154 178 5760
94 193 5760
19 21 5760
259 372 5760
39 294 5760
103 281 5760
118 570 5760
227 562 5760
194 400 5760
185 371 5760
199 525 5760
177 533 5760
36 118 5760
247 352 5760
198 420 5760
191 230 5760
216 369 5760
205 545 5760
216 407 5760
107 540 5760
9 205 5760
31 279 5760
261 512 5760
211 504 5760
86 540 5760
277 284 5760
214 408 5760
214 320 5760
62 216 5760
148 213 5760
50 163 5760
156 396 5760
84 565 5760
266 502 5760
89 305 5760
72 182 5760
77 451 5760
143 281 5760
104 245 5760
81 204 5760
13 237 5760
166 259 5760
215 243 5760
191 492 5760
250 333 5760
239 245 5760
233 435 5760
209 529 5760
236 274 5760
167 180 5760
146 374 5760
169 448 5760
82 169 5760
143 150 5760
184 307 5760
121 173 5760
115 389 5760
100 483 5760
282 540 5760
238 332 5760
196 373 5760
218 401 5760
64 379 5760
268 355 5760
65 87 5760
172 182 5760
224 456 5760
225 272 5760
176 426 5760
277 544 5760
83 262 5760
146 182 5760
142 394 5760
81 302 5760
179 396 5760
66 99 5760
117 197 5760
95 562 5760
89 406 5760
41 484 5760
74 129 5760
248 535 5760
143 442 5760
256 456 5760
184 394 5760
160 459 5760
158 553 5760
170 207 5760
50 407 5760
263 533 5760
152 287 5760
85 146 5760
77 496 5760
277 381 5760
44 259 5760
4 110 5760
108 427 5760
225 470 5760
206 226 5760
98 474 5760
241 538 5760
48 572 5760
233 464 5760
58 536 5760
49 235 5760
181 360 5760
219 507 5760
41 483 5760
167 253 5760
49 110 5760
255 353 5760
226 510 5760
82 321 5760
71 187 5760
87 557 5760
219 363 5760
125 284 5760
93 100 5760
18 100 5760
32 482 5760
13 69 5760
0 108 5760
277 533 5760
149 481 5760
123 482 5760
230 316 5760
172 460 5760
251 257 5760
2 48 5760
173 370 5760
99 262 5760
192 253 5760
150 534 5760
263 357 5760
285 298 5760
206 261 5760
137 476 5760
71 94 5760
183 371 5760
117 460 5760
181 567 5760
278 552 5760
180 356 5760
267 463 5760
164 518 5760
41 298 5760
83 190 5760
182 296 5760
155 516 5760
260 437 5760
29 423 5760
237 290 5760
252 337 5760
277 296 5760
283 295 5760
256 344 5760
104 155 5760
259 421 5760
58 401 5760
236 327 5760
19 203 5760
59 548 5760
124 425 5760
95 289 5760
217 439 5760
30 374 5760
25 319 5760
157 522 5760
254 446 5760
133 316 5760
287 492 5760
93 413 5760
221 495 5760
99 218 5760
266 387 5760
208 533 5760
277 573 5760
61 524 5760
267 332 5760
41 66 5760
174 255 5760
173 435 5760
14 430 5760
193 425 5760
167 409 5760
82 462 5760
15 565 5760
234 381 5760
236 287 5760
204 381 5760
199 424 5760
230 387 5760
85 461 5760
98 512 5760
190 202 5760
142 206 5760
221 566 5760
243 357 5760
152 379 5760
120 418 5760
103 223 5760
134 459 5760
84 529 5760
22 169 5760
144 358 5760
162 376 5760
20 137 5760
250 456 5760
255 373 5760
119 284 5760
188 549 5760
79 113 5760
183 507 5760
285 450 5760
125 539 5760
267 410 5760
197 420 5760
225 365 5760
124 356 5760
19 269 5760
287 308 5760
26 564 5760
282 408 5760
211 446 5760
25 540 5760
194 420 5760
80 541 5760
43 522 5760
29 177 5760
77 204 5760
163 235 5760
254 418 5760
77 422 5760
161 541 5760
131 255 5760
266 276 5760
198 445 5760
15 324 5760
75 295 5760
111 356 5760
194 522 5760
272 508 5760
178 256 5760
181 337 5760
65 553 5760
80 513 5760
182 210 5760
13 21 5760
48 149 5760
255 522 5760
17 501 5760
143 564 5760
258 500 5760
93 319 5760
283 548 5760
0 476 5760
248 436 5760
