0 1 5800
1 2 5800
2 3 5800
3 4 5800
4 5 5800
5 6 5800
6 7 5800
7 8 5800
8 9 5800
9 10 5800
10 11 5800
11 12 5800
12 13 5800
13 14 5800
14 15 5800
15 16 5800
16 17 5800
17 18 5800
18 19 5800
19 20 5800
20 21 5800
21 22 5800
22 23 5800
23 24 5800
24 25 5800
25 26 5800
26 27 5800
27 28 5800
28 29 5800
29 30 5800
30 31 5800
31 32 5800
32 33 5800
33 34 5800
34 35 5800
35 36 5800
36 37 5800
37 38 5800
38 39 5800
39 40 5800
40 41 5800
41 42 5800
42 43 5800
43 44 5800
44 45 5800
45 46 5800
46 47 5800
47 48 5800
48 49 5800
49 50 5800
50 51 5800
51 52 5800
52 53 5800
53 54 5800
54 55 5800
55 56 5800
56 57 5800
57 58 5800
58 59 5800
59 60 5800
60 61 5800
61 62 5800
62 63 5800
63 64 5800
64 65 5800
65 66 5800
66 67 5800
67 68 5800
68 69 5800
69 70 5800
70 71 5800
71 72 5800
72 73 5800
73 74 5800
74 75 5800
75 76 5800
76 77 5800
77 78 5800
78 79 5800
79 80 5800
80 81 5800
81 82 5800
82 83 5800
83 84 5800
84 85 5800
85 86 5800
86 87 5800
87 88 5800
88 89 5800
89 90 5800
90 91 5800
91 92 5800
92 93 5800
93 94 5800
94 95 5800
95 96 5800
96 97 5800
97 98 5800
98 99 5800
99 100 5800
100 101 5800
101 102 5800
102 103 5800
103 104 5800
104 105 5800
105 106 5800
106 107 5800
107 108 5800
108 109 5800
109 110 5800
110 111 5800
111 112 5800
112 113 5800
113 114 5800
114 115 5800
115 116 5800
116 117 5800
117 118 5800
118 119 5800
119 120 5800
120 121 5800
121 122 5800
122 123 5800
123 124 5800
124 125 5800
125 126 5800
126 127 5800
127 128 5800
128 129 5800
129 130 5800
130 131 5800
131 132 5800
132 133 5800
133 134 5800
134 135 5800
135 136 5800
136 137 5800
137 138 5800
138 139 5800
139 140 5800
140 141 5800
141 142 5800
142 143 5800
143 144 5800
144 145 5800
145 146 5800
146 147 5800
147 148 5800
148 149 5800
149 150 5800
150 151 5800
151 152 5800
152 153 5800
153 154 5800
154 155 5800
155 156 5800
156 157 5800
157 158 5800
158 159 5800
159 160 5800
160 161 5800
161 162 5800
162 163 5800
163 164 5800
164 165 5800
165 166 5800
166 167 5800
167 168 5800
168 169 5800
169 170 5800
170 171 5800
171 172 5800
172 173 5800
173 174 5800
174 175 5800
175 176 5800
176 177 5800
177 178 5800
178 179 5800
179 180 5800
180 181 5800
181 182 5800
182 183 5800
183 184 5800
184 185 5800
185 186 5800
186 187 5800
187 188 5800
188 189 5800
189 190 5800
190 191 5800
191 192 5800
192 193 5800
193 194 5800
194 195 5800
195 196 5800
196 197 5800
197 198 5800
198 199 5800
199 200 5800
200 201 5800
201 202 5800
202 203 5800
203 204 5800
204 205 5800
205 206 5800
206 207 5800
207 208 5800
208 209 5800
209 210 5800
210 211 5800
211 212 5800
212 213 5800
213 214 5800
214 215 5800
215 216 5800
216 217 5800
217 218 5800
218 219 5800
219 220 5800
220 221 5800
221 222 5800
222 223 5800
223 224 5800
224 225 5800
225 226 5800
226 227 5800
227 228 5800
228 229 5800
229 230 5800
230 231 5800
231 232 5800
232 233 5800
233 234 5800
234 235 5800
235 236 5800
236 237 5800
237 238 5800
238 239 5800
239 240 5800
240 241 5800
241 242 5800
242 243 5800
243 244 5800
244 245 5800
245 246 5800
246 247 5800
247 248 5800
248 249 5800
249 250 5800
250 251 5800
251 252 5800
252 253 5800
253 254 5800
254 255 5800
255 256 5800
256 257 5800
257 258 5800
258 259 5800
259 260 5800
260 261 5800
261 262 5800
262 263 5800
263 264 5800
264 265 5800
265 266 5800
266 267 5800
267 268 5800
268 269 5800
269 270 5800
270 271 5800
271 272 5800
272 273 5800
273 274 5800
274 275 5800
275 276 5800
276 277 5800
277 278 5800
278 279 5800
279 280 5800
280 281 5800
281 282 5800
282 283 5800
283 284 5800
284 285 5800
285 286 5800
286 287 5800
287 288 5800
288 289 5800
289 290 5800
290 291 5800
291 292 5800
292 293 5800
293 294 5800
294 295 5800
295 296 5800
296 297 5800
297 298 5800
298 299 5800
299 300 5800
300 301 5800
301 302 5800
302 303 5800
303 304 5800
304 305 5800
305 306 5800
306 307 5800
307 308 5800
308 309 5800
309 310 5800
310 311 5800
311 312 5800
312 313 5800
313 314 5800
314 315 5800
315 316 5800
316 317 5800
317 318 5800
318 319 5800
319 320 5800
320 321 5800
321 322 5800
322 323 5800
323 324 5800
324 325 5800
325 326 5800
326 327 5800
327 328 5800
328 329 5800
329 330 5800
330 331 5800
331 332 5800
332 333 5800
333 334 5800
334 335 5800
335 336 5800
336 337 5800
337 338 5800
338 339 5800
339 340 5800
340 341 5800
341 342 5800
342 343 5800
343 344 5800
344 345 5800
345 346 5800
346 347 5800
347 348 5800
348 349 5800
349 350 5800
350 351 5800
351 352 5800
352 353 5800
353 354 5800
354 355 5800
355 356 5800
356 357 5800
357 358 5800
358 359 5800
359 360 5800
360 361 5800
361 362 5800
362 363 5800
363 364 5800
364 365 5800
365 366 5800
366 367 5800
367 368 5800
368 369 5800
369 370 5800
370 371 5800
371 372 5800
372 373 5800
373 374 5800
374 375 5800
375 376 5800
376 377 5800
377 378 5800
378 379 5800
379 380 5800
380 381 5800
381 382 5800
382 383 5800
383 384 5800
384 385 5800
385 386 5800
386 387 5800
387 388 5800
388 389 5800
389 390 5800
390 391 5800
391 392 5800
392 393 5800
393 394 5800
394 395 5800
395 396 5800
396 397 5800
397 398 5800
398 399 5800
399 400 5800
400 401 5800
401 402 5800
402 403 5800
403 404 5800
404 405 5800
405 406 5800
406 407 5800
407 408 5800
408 409 5800
409 410 5800
410 411 5800
411 412 5800
412 413 5800
413 414 5800
414 415 5800
415 416 5800
416 417 5800
417 418 5800
418 419 5800
419 420 5800
420 421 5800
421 422 5800
422 423 5800
423 424 5800
424 425 5800
425 426 5800
426 427 5800
427 428 5800
428 429 5800
429 430 5800
430 431 5800
431 432 5800
432 433 5800
433 434 5800
434 435 5800
435 436 5800
436 437 5800
437 438 5800
438 439 5800
439 440 5800
440 441 5800
441 442 5800
442 443 5800
443 444 5800
444 445 5800
445 446 5800
446 447 5800
447 448 5800
448 449 5800
449 450 5800
450 451 5800
451 452 5800
452 453 5800
453 454 5800
454 455 5800
455 456 5800
456 457 5800
457 458 5800
458 459 5800
459 460 5800
460 461 5800
461 462 5800
462 463 5800
463 464 5800
464 465 5800
465 466 5800
466 467 5800
467 468 5800
468 469 5800
469 470 5800
470 471 5800
471 472 5800
472 473 5800
473 474 5800
474 475 5800
475 476 5800
476 477 5800
477 478 5800
478 479 5800
479 480 5800
480 481 5800
481 482 5800
482 483 5800
483 484 5800
484 485 5800
485 486 5800
486 487 5800
487 488 5800
488 489 5800
489 490 5800
490 491 5800
491 492 5800
492 493 5800
493 494 5800
494 495 5800
495 496 5800
496 497 5800
497 498 5800
498 499 5800
499 500 5800
500 501 5800
501 502 5800
502 503 5800
503 504 5800
504 505 5800
505 506 5800
506 507 5800
507 508 5800
508 509 5800
509 510 5800
510 511 5800
511 512 5800
512 513 5800
513 514 5800
514 515 5800
515 516 5800
516 517 5800
517 518 5800
518 519 5800
519 520 5800
520 521 5800
521 522 5800
522 523 5800
523 524 5800
524 525 5800
525 526 5800
526 527 5800
527 528 5800
528 529 5800
529 530 5800
530 531 5800
531 532 5800
532 533 5800
533 534 5800
534 535 5800
535 536 5800
536 537 5800
537 538 5800
538 539 5800
539 540 5800
540 541 5800
541 542 5800
542 543 5800
543 544 5800
544 545 5800
545 546 5800
546 547 5800
547 548 5800
548 549 5800
549 550 5800
550 551 5800
551 552 5800
552 553 5800
553 554 5800
554 555 5800
555 556 5800
556 557 5800
557 558 5800
558 559 5800
559 560 5800
560 561 5800
561 562 5800
562 563 5800
563 564 5800
564 565 5800
565 566 5800
566 567 5800
567 568 5800
568 569 5800
569 570 5800
570 571 5800
571 572 5800
572 573 5800
573 574 5800
574 575 5800
575 576 5800
576 577 5800
577 578 5800
578 579 5800
172 415 5800
249 435 5800
243 515 5800
142 457 5800
270 485 5800
37 342 5800
190 239 5800
237 349 5800
153 349 5800
140 227 5800
253 455 5800
177 206 5800
187 450 5800
38 182 5800
265 409 5800
161 201 5800
100 106 5800
23 467 5800
232 267 5800
177 579 5800
101 448 5800
148 477 5800
151 302 5800
225 380 5800
63 394 5800
27 348 5800
108 201 5800
262 497 5800
287 377 5800
166 327 5800
278 426 5800
285 311 5800
58 284 5800
194 426 5800
153 228 5800
227 479 5800
67 392 5800
53 152 5800
196 515 5800
240 456 5800
230 568 5800
15 362 5800
169 249 5800
280 448 5800
153 328 5800
94 209 5800
190 560 5800
171 335 5800
210 286 5800
98 400 5800
284 319 5800
261 322 5800
221 571 5800
99 262 5800
189 412 5800
134 249 5800
162 557 5800
104 324 5800
125 296 5800
34 492 5800
184 359 5800
95 522 5800
276 380 5800
247 275 5800
104 250 5800
244 342 5800
194 568 5800
22 257 5800
24 83 5800
227 267 5800
56 361 5800
215 352 5800
3 190 5800
195 336 5800
77 576 5800
179 487 5800
230 323 5800
21 125 5800
200 210 5800
78 445 5800
59 211 5800
275 325 5800
164 494 5800
240 532 5800
224 386 5800
45 540 5800
4 135 5800
222 444 5800
59 237 5800
178 537 5800
213 234 5800
106 141 5800
12 427 5800
100 120 5800
162 478 5800
74 174 5800
126 496 5800
72 117 5800
284 509 5800
196 311 5800
37 298 5800
200 436 5800
189 270 5800
140 439 5800
76 253 5800
33 283 5800
47 308 5800
155 308 5800
39 201 5800
180 187 5800
50 548 5800
28 74 5800
91 498 5800
141 349 5800
190 505 5800
172 325 5800
111 455 5800
64 256 5800
261 313 5800
118 186 5800
3 283 5800
110 336 5800
233 391 5800
275 508 5800
125 308 5800
106 400 5800
125 154 5800
207 425 5800
24 412 5800
80 194 5800
195 573 5800
29 392 5800
27 113 5800
176 224 5800
131 314 5800
54 244 5800
255 390 5800
95 246 5800
69 77 5800
278 474 5800
185 344 5800
168 416 5800
267 393 5800
256 357 5800
120 483 5800
167 380 5800
182 296 5800
73 94 5800
66 323 5800
200 258 5800
42 218 5800
198 231 5800
143 336 5800
31 124 5800
188 483 5800
41 65 5800
123 432 5800
244 427 5800
228 355 5800
148 278 5800
207 266 5800
176 348 5800
130 244 5800
248 312 5800
151 244 5800
200 239 5800
160 207 5800
68 323 5800
227 414 5800
179 378 5800
225 569 5800
54 430 5800
163 285 5800
35 425 5800
32 248 5800
62 98 5800
288 522 5800
254 434 5800
155 383 5800
280 455 5800
258 264 5800
146 521 5800
169 478 5800
263 356 5800
178 320 5800
90 568 5800
169 272 5800
260 308 5800
169 443 5800
20 173 5800
14 481 5800
236 402 5800
82 423 5800
0 212 5800
190 435 5800
108 294 5800
287 358 5800
112 388 5800
245 352 5800
52 439 5800
205 419 5800
221 517 5800
51 520 5800
119 344 5800
76 507 5800
153 421 5800
142 249 5800
162 229 5800
8 490 5800
142 296 5800
265 507 5800
75 335 5800
138 238 5800
101 203 5800
49 78 5800
45 196 5800
207 394 5800
128 547 5800
236 329 5800
7 465 5800
126 350 5800
91 520 5800
195 347 5800
153 273 5800
281 464 5800
259 576 5800
78 566 5800
210 246 5800
193 205 5800
283 518 5800
169 268 5800
14 281 5800
280 575 5800
219 251 5800
193 292 5800
86 245 5800
247 402 5800
270 307 5800
52 415 5800
242 407 5800
31 533 5800
217 434 5800
129 443 5800
61 224 5800
163 179 5800
212 377 5800
212 214 5800
40 78 5800
37 208 5800
11 188 5800
163 439 5800
170 534 5800
165 423 5800
132 400 5800
112 470 5800
189 543 5800
57 234 5800
135 570 5800
204 329 5800
9 347 5800
123 411 5800
151 209 5800
238 285 5800
264 313 5800
40 353 5800
220 458 5800
232 445 5800
200 379 5800
24 472 5800
174 250 5800
80 140 5800
15 406 5800
230 504 5800
157 264 5800
194 289 5800
1 293 5800
87 246 5800
19 315 5800
119 542 5800
144 443 5800
137 413 5800
15 570 5800
69 501 5800
224 325 5800
63 534 5800
266 413 5800
204 228 5800
86 115 5800
107 388 5800
263 279 5800
10 101 5800
118 204 5800
16 406 5800
17 162 5800
142 367 5800
191 476 5800
169 368 5800
26 146 5800
290 472 5800
36 394 5800
104 162 5800
190 562 5800
181 443 5800
260 295 5800
124 403 5800
222 440 5800
51 205 5800
29 486 5800
108 341 5800
62 485 5800
263 535 5800
204 550 5800
146 472 5800
273 550 5800
153 413 5800
228 479 5800
67 423 5800
36 180 5800
25 454 5800
30 474 5800
215 555 5800
0 433 5800
145 445 5800
63 209 5800
170 175 5800
10 361 5800
2 521 5800
18 569 5800
207 552 5800
59 347 5800
18 121 5800
227 436 5800
198 421 5800
173 475 5800
170 474 5800
153 352 5800
167 565 5800
76 506 5800
60 122 5800
32 65 5800
19 371 5800
36 83 5800
213 389 5800
194 520 5800
238 397 5800
281 382 5800
219 321 5800
242 300 5800
127 519 5800
281 415 5800
159 344 5800
136 441 5800
6 53 5800
194 242 5800
192 274 5800
96 329 5800
275 465 5800
183 191 5800
14 64 5800
133 435 5800
40 102 5800
18 494 5800
269 306 5800
177 336 5800
19 554 5800
182 461 5800
63 292 5800
132 380 5800
138 478 5800
191 251 5800
12 249 5800
249 495 5800
102 456 5800
187 199 5800
119 336 5800
124 455 5800
177 497 5800
126 564 5800
137 143 5800
156 425 5800
52 447 5800
43 439 5800
276 529 5800
266 537 5800
259 460 5800
80 157 5800
109 473 5800
290 538 5800
132 333 5800
202 477 5800
46 484 5800
250 273 5800
286 465 5800
127 544 5800
272 331 5800
17 448 5800
111 578 5800
10 518 5800
105 396 5800
154 554 5800
242 570 5800
34 396 5800
167 397 5800
224 552 5800
134 391 5800
55 303 5800
256 480 5800
52 464 5800
290 554 5800
149 393 5800
260 510 5800
15 351 5800
262 530 5800
73 160 5800
57 463 5800
204 402 5800
188 454 5800
115 224 5800
276 337 5800
0 93 5800
54 573 5800
82 360 5800
240 435 5800
55 191 5800
31 462 5800
171 233 5800
191 396 5800
199 436 5800
279 358 5800
80 411 5800
277 541 5800
38 544 5800
263 558 5800
123 424 5800
150 495 5800
87 509 5800
74 214 5800
199 309 5800
82 374 5800
154 508 5800
205 381 5800
86 431 5800
265 532 5800
43 64 5800
90 183 5800
49 486 5800
216 404 5800
192 406 5800
184 426 5800
131 449 5800
37 347 5800
266 458 5800
213 270 5800
259 407 5800
70 550 5800
72 105 5800
5 86 5800
226 472 5800
244 560 5800
233 578 5800
155 351 5800
187 203 5800
289 552 5800
5 54 5800
155 346 5800
58 187 5800
216 441 5800
162 414 5800
272 336 5800
237 447 5800
132 193 5800
233 318 5800
237 386 5800
207 445 5800
226 284 5800
163 242 5800
49 177 5800
18 341 5800
261 466 5800
121 413 5800
245 388 5800
115 374 5800
244 379 5800
280 495 5800
269 406 5800
269 495 5800
146 438 5800
251 543 5800
218 363 5800
68 533 5800
231 412 5800
79 390 5800
99 254 5800
174 353 5800
72 237 5800
2 265 5800
115 347 5800
103 377 5800
220 372 5800
172 400 5800
139 464 5800
250 308 5800
74 256 5800
64 118 5800
155 158 5800
235 578 5800
128 562 5800
51 313 5800
74 578 5800
141 346 5800
0 532 5800
101 472 5800
190 205 5800
170 185 5800
84 309 5800
64 403 5800
237 415 5800
244 303 5800
70 332 5800
108 412 5800
265 483 5800
165 175 5800
233 314 5800
129 233 5800
42 459 5800
248 513 5800
175 239 5800
205 381 5800
113 486 5800
234 524 5800
246 409 5800
246 545 5800
151 245 5800
246 438 5800
175 513 5800
183 197 5800
201 391 5800
55 548 5800
255 548 5800
171 263 5800
277 327 5800
155 213 5800
232 448 5800
20 286 5800
162 467 5800
107 491 5800
253 490 5800
267 300 5800
271 329 5800
279 508 5800
162 558 5800
220 252 5800
251 503 5800
76 478 5800
146 234 5800
107 212 5800
1 114 5800
290 501 5800
243 438 5800
139 194 5800
106 199 5800
250 450 5800
135 435 5800
91 506 5800
90 125 5800
1 185 5800
247 254 5800
104 238 5800
195 352 5800
183 476 5800
125 209 5800
73 113 5800
194 323 5800
86 120 5800
232 405 5800
159 497 5800
