0 1 5840
1 2 5840
2 3 5840
3 4 5840
4 5 5840
5 6 5840
6 7 5840
7 8 5840
8 9 5840
9 10 5840
10 11 5840
11 12 5840
12 13 5840
13 14 5840
14 15 5840
15 16 5840
16 17 5840
17 18 5840
18 19 5840
19 20 5840
20 21 5840
21 22 5840
22 23 5840
23 24 5840
24 25 5840
25 26 5840
26 27 5840
27 28 5840
28 29 5840
29 30 5840
30 31 5840
31 32 5840
32 33 5840
33 34 5840
34 35 5840
35 36 5840
36 37 5840
37 38 5840
38 39 5840
39 40 5840
40 41 5840
41 42 5840
42 43 5840
43 44 5840
44 45 5840
45 46 5840
46 47 5840
47 48 5840
48 49 5840
49 50 5840
50 51 5840
51 52 5840
52 53 5840
53 54 5840
54 55 5840
55 56 5840
56 57 5840
57 58 5840
58 59 5840
59 60 5840
60 61 5840
61 62 5840
62 63 5840
63 64 5840
64 65 5840
65 66 5840
66 67 5840
67 68 5840
68 69 5840
69 70 5840
70 71 5840
71 72 5840
72 73 5840
73 74 5840
74 75 5840
75 76 5840
76 77 5840
77 78 5840
78 79 5840
79 80 5840
80 81 5840
81 82 5840
82 83 5840
83 84 5840
84 85 5840
85 86 5840
86 87 5840
87 88 5840
88 89 5840
89 90 5840
90 91 5840
91 92 5840
92 93 5840
93 94 5840
94 95 5840
95 96 5840
96 97 5840
97 98 5840
98 99 5840
99 100 5840
100 101 5840
101 102 5840
102 103 5840
103 104 5840
104 105 5840
105 106 5840
106 107 5840
107 108 5840
108 109 5840
109 110 5840
110 111 5840
111 112 5840
112 113 5840
113 114 5840
114 115 5840
115 116 5840
116 117 5840
117 118 5840
118 119 5840
119 120 5840
120 121 5840
121 122 5840
122 123 5840
123 124 5840
124 125 5840
125 126 5840
126 127 5840
127 128 5840
128 129 5840
129 130 5840
130 131 5840
131 132 5840
132 133 5840
133 134 5840
134 135 5840
135 136 5840
136 137 5840
137 138 5840
138 139 5840
139 140 5840
140 141 5840
141 142 5840
142 143 5840
143 144 5840
144 145 5840
145 146 5840
146 147 5840
147 148 5840
148 149 5840
149 150 5840
150 151 5840
151 152 5840
152 153 5840
153 154 5840
154 155 5840
155 156 5840
156 157 5840
157 158 5840
158 159 5840
159 160 5840
160 161 5840
161 162 5840
162 163 5840
163 164 5840
164 165 5840
165 166 5840
166 167 5840
167 168 5840
168 169 5840
169 170 5840
170 171 5840
171 172 5840
172 173 5840
173 174 5840
174 175 5840
175 176 5840
176 177 5840
177 178 5840
178 179 5840
179 180 5840
180 181 5840
181 182 5840
182 183 5840
183 184 5840
184 185 5840
185 186 5840
186 187 5840
187 188 5840
188 189 5840
189 190 5840
190 191 5840
191 192 5840
192 193 5840
193 194 5840
194 195 5840
195 196 5840
196 197 5840
197 198 5840
198 199 5840
199 200 5840
200 201 5840
201 202 5840
202 203 5840
203 204 5840
204 205 5840
205 206 5840
206 207 5840
207 208 5840
208 209 5840
209 210 5840
210 211 5840
211 212 5840
212 213 5840
213 214 5840
214 215 5840
215 216 5840
216 217 5840
217 218 5840
218 219 5840
219 220 5840
220 221 5840
221 222 5840
222 223 5840
223 224 5840
224 225 5840
225 226 5840
226 227 5840
227 228 5840
228 229 5840
229 230 5840
230 231 5840
231 232 5840
232 233 5840
233 234 5840
234 235 5840
235 236 5840
236 237 5840
237 238 5840
238 239 5840
239 240 5840
240 241 5840
241 242 5840
242 243 5840
243 244 5840
244 245 5840
245 246 5840
246 247 5840
247 248 5840
248 249 5840
249 250 5840
250 251 5840
251 252 5840
252 253 5840
253 254 5840
254 255 5840
255 256 5840
256 257 5840
257 258 5840
258 259 5840
259 260 5840
260 261 5840
261 262 5840
262 263 5840
263 264 5840
264 265 5840
265 266 5840
266 267 5840
267 268 5840
268 269 5840
269 270 5840
270 271 5840
271 272 5840
272 273 5840
273 274 5840
274 275 5840
275 276 5840
276 277 5840
277 278 5840
278 279 5840
279 280 5840
280 281 5840
281 282 5840
282 283 5840
283 284 5840
284 285 5840
285 286 5840
286 287 5840
287 288 5840
288 289 5840
289 290 5840
290 291 5840
291 292 5840
292 293 5840
293 294 5840
294 295 5840
295 296 5840
296 297 5840
297 298 5840
298 299 5840
299 300 5840
300 301 5840
301 302 5840
302 303 5840
303 304 5840
304 305 5840
305 306 5840
306 307 5840
307 308 5840
308 309 5840
309 310 5840
310 311 5840
311 312 5840
312 313 5840
313 314 5840
314 315 5840
315 316 5840
316 317 5840
317 318 5840
318 319 5840
319 320 5840
320 321 5840
321 322 5840
322 323 5840
323 324 5840
324 325 5840
325 326 5840
326 327 5840
327 328 5840
328 329 5840
329 330 5840
330 331 5840
331 332 5840
332 333 5840
333 334 5840
334 335 5840
335 336 5840
336 337 5840
337 338 5840
338 339 5840
339 340 5840
340 341 5840
341 342 5840
342 343 5840
343 344 5840
344 345 5840
345 346 5840
346 347 5840
347 348 5840
348 349 5840
349 350 5840
350 351 5840
351 352 5840
352 353 5840
353 354 5840
354 355 5840
355 356 5840
356 357 5840
357 358 5840
358 359 5840
359 360 5840
360 361 5840
361 362 5840
362 363 5840
363 364 5840
364 365 5840
365 366 5840
366 367 5840
367 368 5840
368 369 5840
369 370 5840
370 371 5840
371 372 5840
372 373 5840
373 374 5840
374 375 5840
375 376 5840
376 377 5840
377 378 5840
378 379 5840
379 380 5840
380 381 5840
381 382 5840
382 383 5840
383 384 5840
384 385 5840
385 386 5840
386 387 5840
387 388 5840
388 389 5840
389 390 5840
390 391 5840
391 392 5840
392 393 5840
393 394 5840
394 395 5840
395 396 5840
396 397 5840
397 398 5840
398 399 5840
399 400 5840
400 401 5840
401 402 5840
402 403 5840
403 404 5840
404 405 5840
405 406 5840
406 407 5840
407 408 5840
408 409 5840
409 410 5840
410 411 5840
411 412 5840
412 413 5840
413 414 5840
414 415 5840
415 416 5840
416 417 5840
417 418 5840
418 419 5840
419 420 5840
420 421 5840
421 422 5840
422 423 5840
423 424 5840
424 425 5840
425 426 5840
426 427 5840
427 428 5840
428 429 5840
429 430 5840
430 431 5840
431 432 5840
432 433 5840
433 434 5840
434 435 5840
435 436 5840
436 437 5840
437 438 5840
438 439 5840
439 440 5840
440 441 5840
441 442 5840
442 443 5840
443 444 5840
444 445 5840
445 446 5840
446 447 5840
447 448 5840
448 449 5840
449 450 5840
450 451 5840
451 452 5840
452 453 5840
453 454 5840
454 455 5840
455 456 5840
456 457 5840
457 458 5840
458 459 5840
459 460 5840
460 461 5840
461 462 5840
462 463 5840
463 464 5840
464 465 5840
465 466 5840
466 467 5840
467 468 5840
468 469 5840
469 470 5840
470 471 5840
471 472 5840
472 473 5840
473 474 5840
474 475 5840
475 476 5840
476 477 5840
477 478 5840
478 479 5840
479 480 5840
480 481 5840
481 482 5840
482 483 5840
483 484 5840
484 485 5840
485 486 5840
486 487 5840
487 488 5840
488 489 5840
489 490 5840
490 491 5840
491 492 5840
492 493 5840
493 494 5840
494 495 5840
495 496 5840
496 497 5840
497 498 5840
498 499 5840
499 500 5840
500 501 5840
501 502 5840
502 503 5840
503 504 5840
504 505 5840
505 506 5840
506 507 5840
507 508 5840
508 509 5840
509 510 5840
510 511 5840
511 512 5840
512 513 5840
513 514 5840
514 515 5840
515 516 5840
516 517 5840
517 518 5840
518 519 5840
519 520 5840
520 521 5840
521 522 5840
522 523 5840
523 524 5840
524 525 5840
525 526 5840
526 527 5840
527 528 5840
528 529 5840
529 530 5840
530 531 5840
531 532 5840
532 533 5840
533 534 5840
534 535 5840
535 536 5840
536 537 5840
537 538 5840
538 539 5840
539 540 5840
540 541 5840
541 542 5840
542 543 5840
543 544 5840
544 545 5840
545 546 5840
546 547 5840
547 548 5840
548 549 5840
549 550 5840
550 551 5840
551 552 5840
552 553 5840
553 554 5840
554 555 5840
555 556 5840
556 557 5840
557 558 5840
558 559 5840
559 560 5840
560 561 5840
561 562 5840
562 563 5840
563 564 5840
564 565 5840
565 566 5840
566 567 5840
567 568 5840
568 569 5840
569 570 5840
570 571 5840
571 572 5840
572 573 5840
573 574 5840
574 575 5840
575 576 5840
576 577 5840
577 578 5840
578 579 5840
579 580 5840
580 581 5840
581 582 5840
582 583 5840
253 280 5840
274 457 5840
110 527 5840
177 297 5840
9 384 5840
233 369 5840
232 313 5840
54 391 5840
259 420 5840
61 366 5840
33 547 5840
277 438 5840
269 302 5840
178 287 5840
292 450 5840
38 451 5840
59 505 5840
180 302 5840
93 538 5840
291 434 5840
29 80 5840
150 488 5840
269 469 5840
28 106 5840
120 397 5840
282 536 5840
7 185 5840
47 349 5840
213 295 5840
226 427 5840
171 307 5840
209 287 5840
104 264 5840
72 396 5840
136 368 5840
176 422 5840
248 472 5840
207 351 5840
111 219 5840
84 143 5840
275 329 5840
137 316 5840
57 236 5840
91 446 5840
169 409 5840
250 307 5840
74 114 5840
178 272 5840
95 239 5840
88 315 5840
91 499 5840
82 517 5840
186 507 5840
62 513 5840
153 238 5840
291 447 5840
29 512 5840
205 220 5840
254 349 5840
78 462 5840
22 218 5840
256 568 5840
288 529 5840
270 422 5840
177 183 5840
65 334 5840
136 328 5840
116 305 5840
186 256 5840
158 502 5840
209 382 5840
238 325 5840
53 355 5840
137 394 5840
213 461 5840
102 161 5840
229 360 5840
69 434 5840
123 147 5840
13 35 5840
171 336 5840
24 354 5840
89 566 5840
132 574 5840
90 121 5840
281 476 5840
97 510 5840
230 470 5840
5 233 5840
89 193 5840
219 399 5840
44 223 5840
24 512 5840
37 483 5840
214 320 5840
39 279 5840
53 496 5840
128 378 5840
292 542 5840
51 69 5840
184 246 5840
100 334 5840
149 261 5840
52 111 5840
279 544 5840
81 228 5840
190 311 5840
50 274 5840
160 347 5840
288 344 5840
22 165 5840
207 355 5840
176 375 5840
180 330 5840
222 360 5840
79 320 5840
112 260 5840
0 156 5840
192 543 5840
104 551 5840
200 427 5840
205 240 5840
170 342 5840
30 578 5840
130 345 5840
90 309 5840
114 583 5840
91 275 5840
140 461 5840
159 189 5840
177 202 5840
119 419 5840
273 443 5840
61 132 5840
113 501 5840
1 580 5840
249 414 5840
240 316 5840
155 361 5840
183 550 5840
177 207 5840
270 364 5840
144 499 5840
145 271 5840
178 430 5840
286 435 5840
255 474 5840
117 406 5840
187 420 5840
172 504 5840
223 512 5840
19 510 5840
136 399 5840
269 526 5840
102 155 5840
219 275 5840
183 522 5840
14 73 5840
189 249 5840
273 565 5840
262 424 5840
262 371 5840
63 190 5840
151 514 5840
140 223 5840
168 256 5840
212 394 5840
258 539 5840
280 580 5840
81 434 5840
72 524 5840
180 346 5840
130 347 5840
19 374 5840
204 313 5840
66 419 5840
50 220 5840
152 355 5840
266 533 5840
157 305 5840
197 261 5840
283 302 5840
245 266 5840
263 575 5840
27 67 5840
134 508 5840
210 371 5840
104 554 5840
11 553 5840
262 320 5840
220 465 5840
111 130 5840
236 411 5840
213 383 5840
4 500 5840
229 498 5840
144 579 5840
86 579 5840
46 518 5840
98 495 5840
129 297 5840
139 509 5840
288 478 5840
135 383 5840
267 368 5840
285 396 5840
18 161 5840
95 187 5840
172 342 5840
217 348 5840
122 421 5840
35 302 5840
99 504 5840
105 278 5840
113 569 5840
34 521 5840
291 412 5840
74 106 5840
22 304 5840
291 392 5840
273 578 5840
260 401 5840
192 212 5840
186 268 5840
242 246 5840
6 110 5840
224 422 5840
170 212 5840
192 465 5840
2 379 5840
127 150 5840
153 216 5840
120 420 5840
161 501 5840
233 533 5840
266 385 5840
233 451 5840
30 122 5840
139 445 5840
192 294 5840
183 457 5840
27 247 5840
24 113 5840
62 134 5840
290 378 5840
104 441 5840
229 502 5840
140 249 5840
105 377 5840
134 580 5840
95 143 5840
91 188 5840
279 302 5840
272 297 5840
239 341 5840
30 285 5840
26 135 5840
18 365 5840
284 370 5840
180 396 5840
45 239 5840
268 283 5840
12 468 5840
195 271 5840
232 418 5840
224 531 5840
80 248 5840
240 318 5840
113 578 5840
106 172 5840
189 259 5840
59 385 5840
277 477 5840
203 354 5840
255 497 5840
234 287 5840
191 197 5840
103 396 5840
78 249 5840
234 501 5840
166 542 5840
98 276 5840
283 517 5840
14 85 5840
151 455 5840
99 160 5840
141 172 5840
15 175 5840
50 171 5840
234 565 5840
226 528 5840
292 505 5840
17 392 5840
162 458 5840
244 483 5840
151 231 5840
41 379 5840
141 540 5840
240 381 5840
154 245 5840
111 194 5840
203 499 5840
10 436 5840
249 581 5840
54 422 5840
63 131 5840
39 489 5840
123 174 5840
223 317 5840
20 172 5840
264 555 5840
16 430 5840
50 498 5840
267 411 5840
167 571 5840
64 77 5840
147 415 5840
54 303 5840
48 388 5840
261 305 5840
243 562 5840
65 570 5840
49 417 5840
147 204 5840
247 368 5840
186 236 5840
90 292 5840
124 456 5840
146 212 5840
65 193 5840
111 512 5840
11 483 5840
84 256 5840
124 148 5840
2 11 5840
15 239 5840
97 414 5840
186 455 5840
34 265 5840
290 314 5840
62 158 5840
44 259 5840
14 367 5840
273 506 5840
172 382 5840
276 328 5840
148 449 5840
22 56 5840
91 428 5840
154 256 5840
221 437 5840
91 366 5840
189 236 5840
189 211 5840
8 406 5840
81 410 5840
241 393 5840
107 417 5840
291 423 5840
93 313 5840
221 514 5840
2 259 5840
276 299 5840
216 383 5840
74 305 5840
78 385 5840
246 381 5840
115 510 5840
73 118 5840
253 439 5840
67 367 5840
220 472 5840
290 321 5840
229 237 5840
291 509 5840
147 305 5840
95 237 5840
177 288 5840
128 245 5840
212 560 5840
274 538 5840
21 320 5840
133 237 5840
101 296 5840
113 418 5840
36 401 5840
263 365 5840
244 409 5840
101 268 5840
1 316 5840
280 508 5840
124 440 5840
11 281 5840
177 255 5840
89 96 5840
159 490 5840
92 135 5840
221 268 5840
143 582 5840
45 419 5840
195 204 5840
122 303 5840
119 215 5840
100 371 5840
251 558 5840
72 206 5840
14 139 5840
179 453 5840
201 523 5840
86 121 5840
190 296 5840
250 567 5840
26 142 5840
75 258 5840
142 512 5840
53 146 5840
86 344 5840
176 208 5840
257 478 5840
148 567 5840
251 265 5840
290 407 5840
264 386 5840
0 42 5840
253 440 5840
133 454 5840
152 410 5840
279 354 5840
151 490 5840
242 565 5840
231 420 5840
56 171 5840
116 227 5840
288 303 5840
92 419 5840
142 324 5840
47 410 5840
241 401 5840
231 413 5840
37 416 5840
122 491 5840
48 198 5840
2 523 5840
197 337 5840
9 292 5840
286 503 5840
67 186 5840
251 279 5840
2 463 5840
27 161 5840
222 418 5840
275 469 5840
102 233 5840
126 306 5840
13 54 5840
96 495 5840
283 368 5840
203 435 5840
0 48 5840
63 138 5840
282 382 5840
177 562 5840
146 201 5840
135 564 5840
11 143 5840
208 323 5840
267 390 5840
262 562 5840
205 499 5840
141 487 5840
106 334 5840
278 466 5840
72 138 5840
281 407 5840
83 533 5840
73 484 5840
269 514 5840
254 308 5840
18 67 5840
82 506 5840
17 320 5840
226 239 5840
221 351 5840
207 398 5840
33 327 5840
11 380 5840
5 194 5840
274 304 5840
151 324 5840
205 520 5840
68 385 5840
178 186 5840
58 119 5840
11 540 5840
232 359 5840
193 319 5840
228 378 5840
82 518 5840
133 398 5840
269 395 5840
72 103 5840
285 326 5840
262 482 5840
49 72 5840
35 83 5840
89 545 5840
146 535 5840
97 318 5840
61 440 5840
157 447 5840
228 281 5840
170 298 5840
202 476 5840
188 263 5840
68 323 5840
71 142 5840
69 576 5840
223 391 5840
93 106 5840
275 450 5840
74 154 5840
23 156 5840
29 211 5840
158 450 5840
290 359 5840
237 276 5840
225 461 5840
76 360 5840
41 347 5840
270 330 5840
189 490 5840
63 363 5840
159 529 5840
254 577 5840
274 467 5840
129 399 5840
235 465 5840
31 281 5840
15 360 5840
21 409 5840
187 491 5840
270 519 5840
161 180 5840
73 331 5840
108 375 5840
69 229 5840
37 377 5840
7 576 5840
31 410 5840
183 263 5840
274 451 5840
88 406 5840
48 391 5840
2 69 5840
237 337 5840
46 175 5840
268 439 5840
103 379 5840
142 180 5840
161 173 5840
244 255 5840
187 525 5840
275 398 5840
218 281 5840
4 288 5840
135 367 5840
241 384 5840
171 239 5840
239 490 5840
224 582 5840
246 492 5840
178 222 5840
6 462 5840
70 522 5840
231 358 5840
259 437 5840
7 283 5840
