0 1 5880
1 2 5880
2 3 5880
3 4 5880
4 5 5880
5 6 5880
6 7 5880
7 8 5880
8 9 5880
9 10 5880
10 11 5880
11 12 5880
12 13 5880
13 14 5880
14 15 5880
15 16 5880
16 17 5880
17 18 5880
18 19 5880
19 20 5880
20 21 5880
21 22 5880
22 23 5880
23 24 5880
24 25 5880
25 26 5880
26 27 5880
27 28 5880
28 29 5880
29 30 5880
30 31 5880
31 32 5880
32 33 5880
33 34 5880
34 35 5880
35 36 5880
36 37 5880
37 38 5880
38 39 5880
39 40 5880
40 41 5880
41 42 5880
42 43 5880
43 44 5880
44 45 5880
45 46 5880
46 47 5880
47 48 5880
48 49 5880
49 50 5880
50 51 5880
51 52 5880
52 53 5880
53 54 5880
54 55 5880
55 56 5880
56 57 5880
57 58 5880
58 59 5880
59 60 5880
60 61 5880
61 62 5880
62 63 5880
63 64 5880
64 65 5880
65 66 5880
66 67 5880
67 68 5880
68 69 5880
69 70 5880
70 71 5880
71 72 5880
72 73 5880
73 74 5880
74 75 5880
75 76 5880
76 77 5880
77 78 5880
78 79 5880
79 80 5880
80 81 5880
81 82 5880
82 83 5880
83 84 5880
84 85 5880
85 86 5880
86 87 5880
87 88 5880
88 89 5880
89 90 5880
90 91 5880
91 92 5880
92 93 5880
93 94 5880
94 95 5880
95 96 5880
96 97 5880
97 98 5880
98 99 5880
99 100 5880
100 101 5880
101 102 5880
102 103 5880
103 104 5880
104 105 5880
105 106 5880
106 107 5880
107 108 5880
108 109 5880
109 110 5880
110 111 5880
111 112 5880
112 113 5880
113 114 5880
114 115 5880
115 116 5880
116 117 5880
117 118 5880
118 119 5880
119 120 5880
120 121 5880
121 122 5880
122 123 5880
123 124 5880
124 125 5880
125 126 5880
126 127 5880
127 128 5880
128 129 5880
129 130 5880
130 131 5880
131 132 5880
132 133 5880
133 134 5880
134 135 5880
135 136 5880
136 137 5880
137 138 5880
138 139 5880
139 140 5880
140 141 5880
141 142 5880
142 143 5880
143 144 5880
144 145 5880
145 146 5880
146 147 5880
147 148 5880
148 149 5880
149 150 5880
150 151 5880
151 152 5880
152 153 5880
153 154 5880
154 155 5880
155 156 5880
156 157 5880
157 158 5880
158 159 5880
159 160 5880
160 161 5880
161 162 5880
162 163 5880
163 164 5880
164 165 5880
165 166 5880
166 167 5880
167 168 5880
168 169 5880
169 170 5880
170 171 5880
171 172 5880
172 173 5880
173 174 5880
174 175 5880
175 176 5880
176 177 5880
177 178 5880
178 179 5880
179 180 5880
180 181 5880
181 182 5880
182 183 5880
183 184 5880
184 185 5880
185 186 5880
186 187 5880
187 188 5880
188 189 5880
189 190 5880
190 191 5880
191 192 5880
192 193 5880
193 194 5880
194 195 5880
195 196 5880
196 197 5880
197 198 5880
198 199 5880
199 200 5880
200 201 5880
201 202 5880
202 203 5880
203 204 5880
204 205 5880
205 206 5880
206 207 5880
207 208 5880
208 209 5880
209 210 5880
210 211 5880
211 212 5880
212 213 5880
213 214 5880
214 215 5880
215 216 5880
216 217 5880
217 218 5880
218 219 5880
219 220 5880
220 221 5880
221 222 5880
222 223 5880
223 224 5880
224 225 5880
225 226 5880
226 227 5880
227 228 5880
228 229 5880
229 230 5880
230 231 5880
231 232 5880
232 233 5880
233 234 5880
234 235 5880
235 236 5880
236 237 5880
237 238 5880
238 239 5880
239 240 5880
240 241 5880
241 242 5880
242 243 5880
243 244 5880
244 245 5880
245 246 5880
246 247 5880
247 248 5880
248 249 5880
249 250 5880
250 251 5880
251 252 5880
252 253 5880
253 254 5880
254 255 5880
255 256 5880
256 257 5880
257 258 5880
258 259 5880
259 260 5880
260 261 5880
261 262 5880
262 263 5880
263 264 5880
264 265 5880
265 266 5880
266 267 5880
267 268 5880
268 269 5880
269 270 5880
270 271 5880
271 272 5880
272 273 5880
273 274 5880
274 275 5880
275 276 5880
276 277 5880
277 278 5880
278 279 5880
279 280 5880
280 281 5880
281 282 5880
282 283 5880
283 284 5880
284 285 5880
285 286 5880
286 287 5880
287 288 5880
288 289 5880
289 290 5880
290 291 5880
291 292 5880
292 293 5880
293 294 5880
294 295 5880
295 296 5880
296 297 5880
297 298 5880
298 299 5880
299 300 5880
300 301 5880
301 302 5880
302 303 5880
303 304 5880
304 305 5880
305 306 5880
306 307 5880
307 308 5880
308 309 5880
309 310 5880
310 311 5880
311 312 5880
312 313 5880
313 314 5880
314 315 5880
315 316 5880
316 317 5880
317 318 5880
318 319 5880
319 320 5880
320 321 5880
321 322 5880
322 323 5880
323 324 5880
324 325 5880
325 326 5880
326 327 5880
327 328 5880
328 329 5880
329 330 5880
330 331 5880
331 332 5880
332 333 5880
333 334 5880
334 335 5880
335 336 5880
336 337 5880
337 338 5880
338 339 5880
339 340 5880
340 341 5880
341 342 5880
342 343 5880
343 344 5880
344 345 5880
345 346 5880
346 347 5880
347 348 5880
348 349 5880
349 350 5880
350 351 5880
351 352 5880
352 353 5880
353 354 5880
354 355 5880
355 356 5880
356 357 5880
357 358 5880
358 359 5880
359 360 5880
360 361 5880
361 362 5880
362 363 5880
363 364 5880
364 365 5880
365 366 5880
366 367 5880
367 368 5880
368 369 5880
369 370 5880
370 371 5880
371 372 5880
372 373 5880
373 374 5880
374 375 5880
375 376 5880
376 377 5880
377 378 5880
378 379 5880
379 380 5880
380 381 5880
381 382 5880
382 383 5880
383 384 5880
384 385 5880
385 386 5880
386 387 5880
387 388 5880
388 389 5880
389 390 5880
390 391 5880
391 392 5880
392 393 5880
393 394 5880
394 395 5880
395 396 5880
396 397 5880
397 398 5880
398 399 5880
399 400 5880
400 401 5880
401 402 5880
402 403 5880
403 404 5880
404 405 5880
405 406 5880
406 407 5880
407 408 5880
408 409 5880
409 410 5880
410 411 5880
411 412 5880
412 413 5880
413 414 5880
414 415 5880
415 416 5880
416 417 5880
417 418 5880
418 419 5880
419 420 5880
420 421 5880
421 422 5880
422 423 5880
423 424 5880
424 425 5880
425 426 5880
426 427 5880
427 428 5880
428 429 5880
429 430 5880
430 431 5880
431 432 5880
432 433 5880
433 434 5880
434 435 5880
435 436 5880
436 437 5880
437 438 5880
438 439 5880
439 440 5880
440 441 5880
441 442 5880
442 443 5880
443 444 5880
444 445 5880
445 446 5880
446 447 5880
447 448 5880
448 449 5880
449 450 5880
450 451 5880
451 452 5880
452 453 5880
453 454 5880
454 455 5880
455 456 5880
456 457 5880
457 458 5880
458 459 5880
459 460 5880
460 461 5880
461 462 5880
462 463 5880
463 464 5880
464 465 5880
465 466 5880
466 467 5880
467 468 5880
468 469 5880
469 470 5880
470 471 5880
471 472 5880
472 473 5880
473 474 5880
474 475 5880
475 476 5880
476 477 5880
477 478 5880
478 479 5880
479 480 5880
480 481 5880
481 482 5880
482 483 5880
483 484 5880
484 485 5880
485 486 5880
486 487 5880
487 488 5880
488 489 5880
489 490 5880
490 491 5880
491 492 5880
492 493 5880
493 494 5880
494 495 5880
495 496 5880
496 497 5880
497 498 5880
498 499 5880
499 500 5880
500 501 5880
501 502 5880
502 503 5880
503 504 5880
504 505 5880
505 506 5880
506 507 5880
507 508 5880
508 509 5880
509 510 5880
510 511 5880
511 512 5880
512 513 5880
513 514 5880
514 515 5880
515 516 5880
516 517 5880
517 518 5880
518 519 5880
519 520 5880
520 521 5880
521 522 5880
522 523 5880
523 524 5880
524 525 5880
525 526 5880
526 527 5880
527 528 5880
528 529 5880
529 530 5880
530 531 5880
531 532 5880
532 533 5880
533 534 5880
534 535 5880
535 536 5880
536 537 5880
537 538 5880
538 539 5880
539 540 5880
540 541 5880
541 542 5880
542 543 5880
543 544 5880
544 545 5880
545 546 5880
546 547 5880
547 548 5880
548 549 5880
549 550 5880
550 551 5880
551 552 5880
552 553 5880
553 554 5880
554 555 5880
555 556 5880
556 557 5880
557 558 5880
558 559 5880
559 560 5880
560 561 5880
561 562 5880
562 563 5880
563 564 5880
564 565 5880
565 566 5880
566 567 5880
567 568 5880
568 569 5880
569 570 5880
570 571 5880
571 572 5880
572 573 5880
573 574 5880
574 575 5880
575 576 5880
576 577 5880
577 578 5880
578 579 5880
579 580 5880
580 581 5880
581 582 5880
582 583 5880
583 584 5880
584 585 5880
585 586 5880
586 587 5880
97 382 5880
246 479 5880
68 125 5880
257 497 5880
264 310 5880
44 87 5880
199 437 5880
164 391 5880
142 305 5880
29 267 5880
127 313 5880
122 578 5880
225 386 5880
174 574 5880
68 510 5880
239 264 5880
19 382 5880
275 433 5880
16 568 5880
19 453 5880
14 453 5880
188 206 5880
59 228 5880
259 587 5880
57 152 5880
277 306 5880
292 394 5880
160 539 5880
126 389 5880
10 136 5880
81 476 5880
188 536 5880
123 406 5880
146 155 5880
19 431 5880
173 560 5880
171 286 5880
292 471 5880
292 442 5880
92 316 5880
259 458 5880
282 454 5880
136 157 5880
268 378 5880
216 494 5880
5 220 5880
111 219 5880
117 542 5880
115 504 5880
38 457 5880
28 178 5880
124 390 5880
198 326 5880
54 161 5880
12 381 5880
227 569 5880
206 237 5880
279 312 5880
104 247 5880
286 485 5880
212 400 5880
111 156 5880
23 144 5880
184 293 5880
132 415 5880
40 337 5880
162 575 5880
207 356 5880
156 561 5880
69 469 5880
261 430 5880
59 548 5880
291 475 5880
265 399 5880
32 145 5880
64 520 5880
123 355 5880
78 448 5880
87 341 5880
153 365 5880
268 413 5880
68 267 5880
78 554 5880
190 373 5880
11 462 5880
231 339 5880
194 577 5880
287 519 5880
37 94 5880
21 43 5880
7 527 5880
266 457 5880
45 179 5880
10 505 5880
90 261 5880
30 348 5880
142 454 5880
77 265 5880
227 480 5880
12 468 5880
175 560 5880
248 260 5880
93 190 5880
185 234 5880
18 510 5880
6 490 5880
285 293 5880
74 230 5880
72 184 5880
99 272 5880
220 301 5880
137 261 5880
210 546 5880
39 510 5880
240 431 5880
172 278 5880
193 409 5880
3 315 5880
144 521 5880
263 435 5880
58 258 5880
85 255 5880
73 544 5880
271 526 5880
65 142 5880
198 230 5880
155 490 5880
11 494 5880
66 305 5880
79 100 5880
289 304 5880
38 433 5880
72 288 5880
178 584 5880
76 579 5880
13 383 5880
228 308 5880
293 347 5880
157 256 5880
129 374 5880
155 408 5880
224 318 5880
183 505 5880
24 422 5880
11 350 5880
195 471 5880
177 380 5880
69 149 5880
206 466 5880
242 316 5880
205 261 5880
48 143 5880
184 423 5880
196 342 5880
89 497 5880
140 307 5880
199 309 5880
181 413 5880
152 377 5880
164 485 5880
231 258 5880
70 126 5880
62 449 5880
243 550 5880
245 354 5880
169 277 5880
185 457 5880
35 310 5880
173 407 5880
7 445 5880
55 227 5880
280 529 5880
43 120 5880
209 513 5880
73 165 5880
245 383 5880
292 500 5880
265 359 5880
2 135 5880
41 309 5880
145 508 5880
11 272 5880
66 286 5880
211 292 5880
109 519 5880
19 291 5880
216 385 5880
92 341 5880
179 559 5880
249 483 5880
230 564 5880
147 403 5880
197 534 5880
257 313 5880
144 328 5880
188 311 5880
155 337 5880
142 535 5880
7 420 5880
43 337 5880
156 536 5880
225 508 5880
170 319 5880
216 534 5880
113 388 5880
192 565 5880
22 477 5880
78 337 5880
95 515 5880
93 291 5880
230 321 5880
92 143 5880
179 381 5880
6 189 5880
96 457 5880
253 551 5880
193 487 5880
171 237 5880
114 351 5880
246 516 5880
228 508 5880
118 246 5880
151 182 5880
60 497 5880
51 520 5880
202 443 5880
236 267 5880
54 371 5880
144 283 5880
93 222 5880
179 238 5880
58 520 5880
18 322 5880
57 77 5880
146 584 5880
195 255 5880
55 449 5880
97 162 5880
199 513 5880
55 587 5880
192 238 5880
39 91 5880
151 398 5880
2 138 5880
81 369 5880
245 292 5880
47 102 5880
42 259 5880
155 541 5880
128 537 5880
120 494 5880
68 246 5880
38 306 5880
208 514 5880
59 244 5880
150 366 5880
7 299 5880
52 333 5880
242 509 5880
108 250 5880
111 269 5880
95 401 5880
119 430 5880
209 258 5880
183 390 5880
111 564 5880
286 515 5880
27 466 5880
1 360 5880
168 470 5880
272 274 5880
235 364 5880
12 187 5880
174 282 5880
142 449 5880
67 421 5880
279 407 5880
147 573 5880
257 414 5880
150 469 5880
292 489 5880
255 291 5880
41 212 5880
162 583 5880
61 410 5880
103 290 5880
214 323 5880
55 454 5880
181 571 5880
268 273 5880
275 356 5880
221 553 5880
8 320 5880
55 132 5880
58 82 5880
281 524 5880
95 585 5880
204 262 5880
253 571 5880
239 397 5880
129 438 5880
15 31 5880
20 408 5880
37 255 5880
251 421 5880
164 564 5880
293 359 5880
286 375 5880
82 546 5880
138 558 5880
75 329 5880
45 117 5880
171 466 5880
23 348 5880
229 354 5880
118 480 5880
86 125 5880
162 339 5880
5 406 5880
178 202 5880
82 168 5880
169 437 5880
5 431 5880
211 236 5880
15 562 5880
219 326 5880
133 581 5880
96 112 5880
38 432 5880
9 40 5880
41 62 5880
133 495 5880
165 183 5880
129 509 5880
231 548 5880
113 546 5880
165 322 5880
172 479 5880
179 434 5880
27 330 5880
89 546 5880
37 409 5880
146 301 5880
120 485 5880
197 393 5880
5 208 5880
204 338 5880
69 199 5880
149 510 5880
185 357 5880
107 261 5880
268 581 5880
190 362 5880
267 403 5880
125 203 5880
233 353 5880
209 584 5880
163 441 5880
69 254 5880
215 386 5880
86 279 5880
52 54 5880
73 305 5880
87 473 5880
83 506 5880
225 322 5880
68 344 5880
116 480 5880
280 406 5880
252 456 5880
202 582 5880
85 187 5880
262 291 5880
110 536 5880
106 522 5880
208 572 5880
213 216 5880
38 102 5880
105 528 5880
79 438 5880
268 521 5880
110 552 5880
134 224 5880
236 368 5880
84 240 5880
236 523 5880
83 247 5880
217 421 5880
103 542 5880
87 221 5880
34 481 5880
172 355 5880
250 362 5880
83 310 5880
124 328 5880
94 486 5880
3 268 5880
59 468 5880
16 83 5880
291 445 5880
245 311 5880
57 513 5880
265 553 5880
233 388 5880
227 539 5880
173 187 5880
140 443 5880
63 571 5880
291 377 5880
251 441 5880
162 300 5880
265 561 5880
130 199 5880
239 509 5880
294 471 5880
58 80 5880
192 351 5880
48 231 5880
177 263 5880
214 531 5880
94 306 5880
183 204 5880
118 205 5880
73 300 5880
273 522 5880
246 276 5880
57 417 5880
14 584 5880
170 307 5880
92 377 5880
292 428 5880
203 526 5880
53 99 5880
233 380 5880
176 424 5880
154 200 5880
126 480 5880
6 255 5880
234 486 5880
190 418 5880
248 297 5880
20 390 5880
23 73 5880
149 435 5880
204 505 5880
271 501 5880
192 551 5880
180 422 5880
32 461 5880
59 225 5880
244 431 5880
247 260 5880
179 300 5880
222 587 5880
282 531 5880
149 180 5880
152 367 5880
262 415 5880
182 506 5880
37 379 5880
225 455 5880
286 498 5880
265 292 5880
55 428 5880
47 333 5880
170 370 5880
9 83 5880
197 568 5880
245 312 5880
162 482 5880
67 236 5880
157 577 5880
55 158 5880
17 513 5880
14 212 5880
164 383 5880
257 300 5880
281 314 5880
253 561 5880
67 124 5880
48 470 5880
243 492 5880
291 385 5880
207 539 5880
96 499 5880
285 436 5880
41 300 5880
251 555 5880
62 201 5880
87 424 5880
46 288 5880
135 258 5880
125 240 5880
101 270 5880
115 385 5880
94 534 5880
134 443 5880
35 201 5880
46 488 5880
185 340 5880
13 573 5880
49 111 5880
177 348 5880
230 310 5880
186 342 5880
174 234 5880
30 575 5880
36 153 5880
72 108 5880
87 377 5880
46 417 5880
182 559 5880
48 367 5880
212 517 5880
129 578 5880
288 472 5880
168 551 5880
148 366 5880
190 504 5880
250 568 5880
23 469 5880
238 499 5880
87 216 5880
152 460 5880
86 371 5880
13 438 5880
114 505 5880
207 321 5880
30 262 5880
182 438 5880
188 582 5880
19 186 5880
225 253 5880
152 349 5880
219 336 5880
267 336 5880
174 295 5880
132 170 5880
158 286 5880
64 116 5880
101 209 5880
293 430 5880
110 209 5880
76 348 5880
114 175 5880
29 283 5880
251 320 5880
236 256 5880
212 548 5880
138 392 5880
72 480 5880
276 403 5880
138 231 5880
154 529 5880
115 222 5880
162 357 5880
218 400 5880
160 464 5880
288 514 5880
232 582 5880
216 568 5880
18 275 5880
115 136 5880
168 375 5880
131 495 5880
52 285 5880
35 577 5880
242 571 5880
74 241 5880
234 473 5880
264 268 5880
68 386 5880
27 330 5880
120 443 5880
27 57 5880
170 319 5880
225 327 5880
294 408 5880
30 459 5880
90 358 5880
140 497 5880
90 114 5880
64 493 5880
255 364 5880
294 584 5880
