0 1 5920
1 2 5920
2 3 5920
3 4 5920
4 5 5920
5 6 5920
6 7 5920
7 8 5920
8 9 5920
9 10 5920
10 11 5920
11 12 5920
12 13 5920
13 14 5920
14 15 5920
15 16 5920
16 17 5920
17 18 5920
18 19 5920
19 20 5920
20 21 5920
21 22 5920
22 23 5920
23 24 5920
24 25 5920
25 26 5920
26 27 5920
27 28 5920
28 29 5920
29 30 5920
30 31 5920
31 32 5920
32 33 5920
33 34 5920
34 35 5920
35 36 5920
36 37 5920
37 38 5920
38 39 5920
39 40 5920
40 41 5920
41 42 5920
42 43 5920
43 44 5920
44 45 5920
45 46 5920
46 47 5920
47 48 5920
48 49 5920
49 50 5920
50 51 5920
51 52 5920
52 53 5920
53 54 5920
54 55 5920
55 56 5920
56 57 5920
57 58 5920
58 59 5920
59 60 5920
60 61 5920
61 62 5920
62 63 5920
63 64 5920
64 65 5920
65 66 5920
66 67 5920
67 68 5920
68 69 5920
69 70 5920
70 71 5920
71 72 5920
72 73 5920
73 74 5920
74 75 5920
75 76 5920
76 77 5920
77 78 5920
78 79 5920
79 80 5920
80 81 5920
81 82 5920
82 83 5920
83 84 5920
84 85 5920
85 86 5920
86 87 5920
87 88 5920
88 89 5920
89 90 5920
90 91 5920
91 92 5920
92 93 5920
93 94 5920
94 95 5920
95 96 5920
96 97 5920
97 98 5920
98 99 5920
99 100 5920
100 101 5920
101 102 5920
102 103 5920
103 104 5920
104 105 5920
105 106 5920
106 107 5920
107 108 5920
108 109 5920
109 110 5920
110 111 5920
111 112 5920
112 113 5920
113 114 5920
114 115 5920
115 116 5920
116 117 5920
117 118 5920
118 119 5920
119 120 5920
120 121 5920
121 122 5920
122 123 5920
123 124 5920
124 125 5920
125 126 5920
126 127 5920
127 128 5920
128 129 5920
129 130 5920
130 131 5920
131 132 5920
132 133 5920
133 134 5920
134 135 5920
135 136 5920
136 137 5920
137 138 5920
138 139 5920
139 140 5920
140 141 5920
141 142 5920
142 143 5920
143 144 5920
144 145 5920
145 146 5920
146 147 5920
147 148 5920
148 149 5920
149 150 5920
150 151 5920
151 152 5920
152 153 5920
153 154 5920
154 155 5920
155 156 5920
156 157 5920
157 158 5920
158 159 5920
159 160 5920
160 161 5920
161 162 5920
162 163 5920
163 164 5920
164 165 5920
165 166 5920
166 167 5920
167 168 5920
168 169 5920
169 170 5920
170 171 5920
171 172 5920
172 173 5920
173 174 5920
174 175 5920
175 176 5920
176 177 5920
177 178 5920
178 179 5920
179 180 5920
180 181 5920
181 182 5920
182 183 5920
183 184 5920
184 185 5920
185 186 5920
186 187 5920
187 188 5920
188 189 5920
189 190 5920
190 191 5920
191 192 5920
192 193 5920
193 194 5920
194 195 5920
195 196 5920
196 197 5920
197 198 5920
198 199 5920
199 200 5920
200 201 5920
201 202 5920
202 203 5920
203 204 5920
204 205 5920
205 206 5920
206 207 5920
207 208 5920
208 209 5920
209 210 5920
210 211 5920
211 212 5920
212 213 5920
213 214 5920
214 215 5920
215 216 5920
216 217 5920
217 218 5920
218 219 5920
219 220 5920
220 221 5920
221 222 5920
222 223 5920
223 224 5920
224 225 5920
225 226 5920
226 227 5920
227 228 5920
228 229 5920
229 230 5920
230 231 5920
231 232 5920
232 233 5920
233 234 5920
234 235 5920
235 236 5920
236 237 5920
237 238 5920
238 239 5920
239 240 5920
240 241 5920
241 242 5920
242 243 5920
243 244 5920
244 245 5920
245 246 5920
246 247 5920
247 248 5920
248 249 5920
249 250 5920
250 251 5920
251 252 5920
252 253 5920
253 254 5920
254 255 5920
255 256 5920
256 257 5920
257 258 5920
258 259 5920
259 260 5920
260 261 5920
261 262 5920
262 263 5920
263 264 5920
264 265 5920
265 266 5920
266 267 5920
267 268 5920
268 269 5920
269 270 5920
270 271 5920
271 272 5920
272 273 5920
273 274 5920
274 275 5920
275 276 5920
276 277 5920
277 278 5920
278 279 5920
279 280 5920
280 281 5920
281 282 5920
282 283 5920
283 284 5920
284 285 5920
285 286 5920
286 287 5920
287 288 5920
288 289 5920
289 290 5920
290 291 5920
291 292 5920
292 293 5920
293 294 5920
294 295 5920
295 296 5920
296 297 5920
297 298 5920
298 299 5920
299 300 5920
300 301 5920
301 302 5920
302 303 5920
303 304 5920
304 305 5920
305 306 5920
306 307 5920
307 308 5920
308 309 5920
309 310 5920
310 311 5920
311 312 5920
312 313 5920
313 314 5920
314 315 5920
315 316 5920
316 317 5920
317 318 5920
318 319 5920
319 320 5920
320 321 5920
321 322 5920
322 323 5920
323 324 5920
324 325 5920
325 326 5920
326 327 5920
327 328 5920
328 329 5920
329 330 5920
330 331 5920
331 332 5920
332 333 5920
333 334 5920
334 335 5920
335 336 5920
336 337 5920
337 338 5920
338 339 5920
339 340 5920
340 341 5920
341 342 5920
342 343 5920
343 344 5920
344 345 5920
345 346 5920
346 347 5920
347 348 5920
348 349 5920
349 350 5920
350 351 5920
351 352 5920
352 353 5920
353 354 5920
354 355 5920
355 356 5920
356 357 5920
357 358 5920
358 359 5920
359 360 5920
360 361 5920
361 362 5920
362 363 5920
363 364 5920
364 365 5920
365 366 5920
366 367 5920
367 368 5920
368 369 5920
369 370 5920
370 371 5920
371 372 5920
372 373 5920
373 374 5920
374 375 5920
375 376 5920
376 377 5920
377 378 5920
378 379 5920
379 380 5920
380 381 5920
381 382 5920
382 383 5920
383 384 5920
384 385 5920
385 386 5920
386 387 5920
387 388 5920
388 389 5920
389 390 5920
390 391 5920
391 392 5920
392 393 5920
393 394 5920
394 395 5920
395 396 5920
396 397 5920
397 398 5920
398 399 5920
399 400 5920
400 401 5920
401 402 5920
402 403 5920
403 404 5920
404 405 5920
405 406 5920
406 407 5920
407 408 5920
408 409 5920
409 410 5920
410 411 5920
411 412 5920
412 413 5920
413 414 5920
414 415 5920
415 416 5920
416 417 5920
417 418 5920
418 419 5920
419 420 5920
420 421 5920
421 422 5920
422 423 5920
423 424 5920
424 425 5920
425 426 5920
426 427 5920
427 428 5920
428 429 5920
429 430 5920
430 431 5920
431 432 5920
432 433 5920
433 434 5920
434 435 5920
435 436 5920
436 437 5920
437 438 5920
438 439 5920
439 440 5920
440 441 5920
441 442 5920
442 443 5920
443 444 5920
444 445 5920
445 446 5920
446 447 5920
447 448 5920
448 449 5920
449 450 5920
450 451 5920
451 452 5920
452 453 5920
453 454 5920
454 455 5920
455 456 5920
456 457 5920
457 458 5920
458 459 5920
459 460 5920
460 461 5920
461 462 5920
462 463 5920
463 464 5920
464 465 5920
465 466 5920
466 467 5920
467 468 5920
468 469 5920
469 470 5920
470 471 5920
471 472 5920
472 473 5920
473 474 5920
474 475 5920
475 476 5920
476 477 5920
477 478 5920
478 479 5920
479 480 5920
480 481 5920
481 482 5920
482 483 5920
483 484 5920
484 485 5920
485 486 5920
486 487 5920
487 488 5920
488 489 5920
489 490 5920
490 491 5920
491 492 5920
492 493 5920
493 494 5920
494 495 5920
495 496 5920
496 497 5920
497 498 5920
498 499 5920
499 500 5920
500 501 5920
501 502 5920
502 503 5920
503 504 5920
504 505 5920
505 506 5920
506 507 5920
507 508 5920
508 509 5920
509 510 5920
510 511 5920
511 512 5920
512 513 5920
513 514 5920
514 515 5920
515 516 5920
516 517 5920
517 518 5920
518 519 5920
519 520 5920
520 521 5920
521 522 5920
522 523 5920
523 524 5920
524 525 5920
525 526 5920
526 527 5920
527 528 5920
528 529 5920
529 530 5920
530 531 5920
531 532 5920
532 533 5920
533 534 5920
534 535 5920
535 536 5920
536 537 5920
537 538 5920
538 539 5920
539 540 5920
540 541 5920
541 542 5920
542 543 5920
543 544 5920
544 545 5920
545 546 5920
546 547 5920
547 548 5920
548 549 5920
549 550 5920
550 551 5920
551 552 5920
552 553 5920
553 554 5920
554 555 5920
555 556 5920
556 557 5920
557 558 5920
558 559 5920
559 560 5920
560 561 5920
561 562 5920
562 563 5920
563 564 5920
564 565 5920
565 566 5920
566 567 5920
567 568 5920
568 569 5920
569 570 5920
570 571 5920
571 572 5920
572 573 5920
573 574 5920
574 575 5920
575 576 5920
576 577 5920
577 578 5920
578 579 5920
579 580 5920
580 581 5920
581 582 5920
582 583 5920
583 584 5920
584 585 5920
585 586 5920
586 587 5920
587 588 5920
588 589 5920
589 590 5920
590 591 5920
293 430 5920
137 498 5920
64 82 5920
81 460 5920
183 292 5920
56 536 5920
28 167 5920
163 245 5920
245 314 5920
1 484 5920
21 118 5920
291 454 5920
242 580 5920
255 297 5920
126 372 5920
266 421 5920
215 436 5920
244 530 5920
84 505 5920
231 261 5920
262 525 5920
127 320 5920
190 418 5920
236 285 5920
116 276 5920
163 527 5920
141 209 5920
204 280 5920
194 282 5920
38 262 5920
284 332 5920
253 292 5920
155 222 5920
151 475 5920
18 489 5920
97 327 5920
31 395 5920
235 452 5920
13 20 5920
290 344 5920
97 437 5920
23 212 5920
146 399 5920
16 383 5920
47 302 5920
130 240 5920
29 307 5920
168 408 5920
88 376 5920
198 427 5920
31 353 5920
86 157 5920
255 324 5920
93 217 5920
40 471 5920
132 523 5920
181 566 5920
119 495 5920
243 363 5920
3 261 5920
125 317 5920
15 463 5920
126 492 5920
54 541 5920
23 277 5920
135 362 5920
1 582 5920
40 586 5920
90 500 5920
77 140 5920
26 271 5920
40 230 5920
104 287 5920
209 305 5920
133 349 5920
184 492 5920
220 487 5920
273 419 5920
102 156 5920
203 449 5920
88 238 5920
190 588 5920
74 293 5920
181 194 5920
116 157 5920
80 149 5920
249 464 5920
278 297 5920
232 585 5920
267 522 5920
64 112 5920
234 502 5920
94 147 5920
89 146 5920
52 509 5920
83 255 5920
160 365 5920
41 531 5920
203 350 5920
187 325 5920
93 562 5920
41 377 5920
183 476 5920
5 233 5920
17 153 5920
252 304 5920
230 254 5920
110 118 5920
24 208 5920
27 330 5920
12 147 5920
44 325 5920
90 155 5920
50 165 5920
246 456 5920
36 260 5920
166 385 5920
112 229 5920
193 230 5920
262 388 5920
73 221 5920
91 222 5920
27 429 5920
44 288 5920
103 549 5920
62 67 5920
214 430 5920
295 429 5920
114 246 5920
69 96 5920
191 224 5920
243 279 5920
81 142 5920
76 144 5920
46 328 5920
108 213 5920
143 233 5920
29 98 5920
87 424 5920
39 105 5920
56 308 5920
20 60 5920
34 434 5920
93 293 5920
97 481 5920
136 584 5920
15 64 5920
120 166 5920
179 341 5920
237 321 5920
156 308 5920
190 272 5920
33 268 5920
89 194 5920
217 397 5920
295 341 5920
73 515 5920
152 160 5920
97 426 5920
260 341 5920
57 381 5920
251 487 5920
289 496 5920
283 379 5920
10 273 5920
261 290 5920
141 216 5920
253 553 5920
31 525 5920
37 390 5920
133 228 5920
168 245 5920
187 425 5920
152 163 5920
250 289 5920
43 538 5920
279 433 5920
272 568 5920
216 380 5920
290 369 5920
271 289 5920
166 534 5920
203 425 5920
80 303 5920
194 591 5920
210 454 5920
244 292 5920
4 273 5920
21 591 5920
293 308 5920
246 514 5920
69 291 5920
211 465 5920
266 487 5920
252 380 5920
293 343 5920
137 324 5920
143 423 5920
61 108 5920
247 488 5920
120 151 5920
84 302 5920
130 529 5920
189 247 5920
207 257 5920
115 291 5920
214 499 5920
123 423 5920
49 264 5920
87 390 5920
5 461 5920
278 349 5920
192 264 5920
74 246 5920
21 104 5920
94 208 5920
225 429 5920
223 524 5920
264 427 5920
150 301 5920
243 361 5920
44 179 5920
67 258 5920
234 501 5920
263 586 5920
101 247 5920
72 484 5920
161 437 5920
38 380 5920
40 122 5920
274 544 5920
262 442 5920
35 60 5920
264 550 5920
187 256 5920
81 324 5920
132 284 5920
263 369 5920
11 202 5920
178 211 5920
90 98 5920
101 290 5920
234 279 5920
198 334 5920
181 246 5920
6 365 5920
187 572 5920
29 325 5920
37 513 5920
123 240 5920
256 339 5920
75 178 5920
81 419 5920
44 390 5920
82 122 5920
0 335 5920
140 146 5920
4 163 5920
291 579 5920
280 338 5920
232 486 5920
46 480 5920
123 240 5920
29 63 5920
171 330 5920
29 303 5920
280 304 5920
49 289 5920
110 174 5920
28 135 5920
193 386 5920
192 516 5920
189 228 5920
161 398 5920
163 554 5920
292 324 5920
204 512 5920
246 526 5920
190 288 5920
287 411 5920
90 357 5920
114 415 5920
157 514 5920
171 587 5920
151 275 5920
66 247 5920
72 361 5920
68 496 5920
292 322 5920
14 359 5920
241 471 5920
47 369 5920
280 283 5920
112 127 5920
96 261 5920
76 479 5920
62 138 5920
243 459 5920
243 336 5920
206 486 5920
139 449 5920
229 491 5920
8 235 5920
56 299 5920
33 586 5920
3 381 5920
191 284 5920
239 410 5920
172 455 5920
98 528 5920
252 289 5920
3 373 5920
25 29 5920
30 146 5920
24 151 5920
51 96 5920
217 545 5920
30 323 5920
129 459 5920
248 575 5920
55 461 5920
95 490 5920
108 495 5920
224 280 5920
139 268 5920
59 540 5920
291 480 5920
256 435 5920
283 348 5920
58 491 5920
20 347 5920
245 422 5920
160 543 5920
290 495 5920
239 346 5920
106 412 5920
137 431 5920
192 506 5920
163 441 5920
251 392 5920
83 200 5920
21 534 5920
61 452 5920
85 216 5920
104 128 5920
119 582 5920
240 341 5920
159 360 5920
201 496 5920
180 498 5920
175 258 5920
83 588 5920
233 263 5920
170 188 5920
163 382 5920
41 143 5920
231 303 5920
252 258 5920
183 355 5920
72 390 5920
225 238 5920
217 397 5920
131 478 5920
124 343 5920
63 547 5920
81 537 5920
18 242 5920
204 440 5920
156 529 5920
87 448 5920
61 330 5920
152 249 5920
288 509 5920
102 119 5920
229 535 5920
241 344 5920
241 413 5920
141 473 5920
286 419 5920
84 130 5920
98 229 5920
249 444 5920
179 246 5920
192 360 5920
14 91 5920
200 405 5920
52 470 5920
275 525 5920
91 265 5920
179 386 5920
250 382 5920
166 563 5920
197 401 5920
117 564 5920
42 268 5920
29 442 5920
230 331 5920
55 188 5920
142 513 5920
39 362 5920
193 349 5920
280 429 5920
173 413 5920
267 562 5920
157 246 5920
190 333 5920
126 292 5920
277 500 5920
49 92 5920
30 104 5920
99 168 5920
104 497 5920
290 423 5920
176 520 5920
219 398 5920
243 571 5920
40 93 5920
19 436 5920
72 435 5920
59 436 5920
20 565 5920
157 519 5920
233 421 5920
126 194 5920
103 386 5920
169 364 5920
285 510 5920
131 379 5920
177 289 5920
204 276 5920
84 171 5920
154 245 5920
31 101 5920
186 457 5920
198 301 5920
111 435 5920
241 344 5920
225 467 5920
17 95 5920
109 114 5920
248 261 5920
112 234 5920
12 455 5920
34 246 5920
11 234 5920
217 412 5920
95 553 5920
41 86 5920
152 578 5920
102 120 5920
45 202 5920
275 576 5920
80 254 5920
138 234 5920
126 227 5920
146 312 5920
97 420 5920
151 261 5920
187 368 5920
214 446 5920
116 321 5920
172 248 5920
130 135 5920
169 392 5920
240 246 5920
234 275 5920
114 372 5920
134 583 5920
61 462 5920
288 315 5920
16 328 5920
125 511 5920
181 569 5920
181 476 5920
31 100 5920
109 491 5920
170 321 5920
211 501 5920
207 328 5920
73 389 5920
133 585 5920
39 105 5920
120 361 5920
45 158 5920
109 291 5920
96 582 5920
61 429 5920
162 491 5920
261 560 5920
73 177 5920
12 508 5920
229 236 5920
45 351 5920
267 289 5920
118 358 5920
142 564 5920
70 533 5920
181 237 5920
252 385 5920
253 268 5920
24 491 5920
26 180 5920
19 28 5920
127 496 5920
151 472 5920
79 232 5920
26 165 5920
216 329 5920
118 214 5920
233 399 5920
219 428 5920
290 559 5920
184 456 5920
141 494 5920
217 305 5920
173 500 5920
227 261 5920
283 426 5920
162 315 5920
199 203 5920
277 360 5920
14 331 5920
244 451 5920
162 208 5920
100 252 5920
20 499 5920
218 465 5920
176 537 5920
243 515 5920
176 224 5920
100 368 5920
81 287 5920
294 398 5920
144 286 5920
28 433 5920
182 289 5920
213 271 5920
158 383 5920
28 552 5920
49 454 5920
224 227 5920
47 521 5920
269 529 5920
40 277 5920
6 582 5920
151 430 5920
134 582 5920
83 547 5920
193 238 5920
120 136 5920
76 471 5920
43 459 5920
77 543 5920
48 261 5920
167 291 5920
294 449 5920
105 331 5920
143 574 5920
282 516 5920
79 218 5920
170 493 5920
129 482 5920
95 501 5920
198 560 5920
231 343 5920
56 157 5920
62 233 5920
163 277 5920
139 486 5920
290 340 5920
199 434 5920
295 563 5920
250 567 5920
158 509 5920
78 571 5920
29 545 5920
140 251 5920
94 119 5920
85 339 5920
25 173 5920
186 294 5920
117 303 5920
130 341 5920
195 219 5920
129 538 5920
278 453 5920
128 300 5920
81 396 5920
