0 1 5960
1 2 5960
2 3 5960
3 4 5960
4 5 5960
5 6 5960
6 7 5960
7 8 5960
8 9 5960
9 10 5960
10 11 5960
11 12 5960
12 13 5960
13 14 5960
14 15 5960
15 16 5960
16 17 5960
17 18 5960
18 19 5960
19 20 5960
20 21 5960
21 22 5960
22 23 5960
23 24 5960
24 25 5960
25 26 5960
26 27 5960
27 28 5960
28 29 5960
29 30 5960
30 31 5960
31 32 5960
32 33 5960
33 34 5960
34 35 5960
35 36 5960
36 37 5960
37 38 5960
38 39 5960
39 40 5960
40 41 5960
41 42 5960
42 43 5960
43 44 5960
44 45 5960
45 46 5960
46 47 5960
47 48 5960
48 49 5960
49 50 5960
50 51 5960
51 52 5960
52 53 5960
53 54 5960
54 55 5960
55 56 5960
56 57 5960
57 58 5960
58 59 5960
59 60 5960
60 61 5960
61 62 5960
62 63 5960
63 64 5960
64 65 5960
65 66 5960
66 67 5960
67 68 5960
68 69 5960
69 70 5960
70 71 5960
71 72 5960
72 73 5960
73 74 5960
74 75 5960
75 76 5960
76 77 5960
77 78 5960
78 79 5960
79 80 5960
80 81 5960
81 82 5960
82 83 5960
83 84 5960
84 85 5960
85 86 5960
86 87 5960
87 88 5960
88 89 5960
89 90 5960
90 91 5960
91 92 5960
92 93 5960
93 94 5960
94 95 5960
95 96 5960
96 97 5960
97 98 5960
98 99 5960
99 100 5960
100 101 5960
101 102 5960
102 103 5960
103 104 5960
104 105 5960
105 106 5960
106 107 5960
107 108 5960
108 109 5960
109 110 5960
110 111 5960
111 112 5960
112 113 5960
113 114 5960
114 115 5960
115 116 5960
116 117 5960
117 118 5960
118 119 5960
119 120 5960
120 121 5960
121 122 5960
122 123 5960
123 124 5960
124 125 5960
125 126 5960
126 127 5960
127 128 5960
128 129 5960
129 130 5960
130 131 5960
131 132 5960
132 133 5960
133 134 5960
134 135 5960
135 136 5960
136 137 5960
137 138 5960
138 139 5960
139 140 5960
140 141 5960
141 142 5960
142 143 5960
143 144 5960
144 145 5960
145 146 5960
146 147 5960
147 148 5960
148 149 5960
149 150 5960
150 151 5960
151 152 5960
152 153 5960
153 154 5960
154 155 5960
155 156 5960
156 157 5960
157 158 5960
158 159 5960
159 160 5960
160 161 5960
161 162 5960
162 163 5960
163 164 5960
164 165 5960
165 166 5960
166 167 5960
167 168 5960
168 169 5960
169 170 5960
170 171 5960
171 172 5960
172 173 5960
173 174 5960
174 175 5960
175 176 5960
176 177 5960
177 178 5960
178 179 5960
179 180 5960
180 181 5960
181 182 5960
182 183 5960
183 184 5960
184 185 5960
185 186 5960
186 187 5960
187 188 5960
188 189 5960
189 190 5960
190 191 5960
191 192 5960
192 193 5960
193 194 5960
194 195 5960
195 196 5960
196 197 5960
197 198 5960
198 199 5960
199 200 5960
200 201 5960
201 202 5960
202 203 5960
203 204 5960
204 205 5960
205 206 5960
206 207 5960
207 208 5960
208 209 5960
209 210 5960
210 211 5960
211 212 5960
212 213 5960
213 214 5960
214 215 5960
215 216 5960
216 217 5960
217 218 5960
218 219 5960
219 220 5960
220 221 5960
221 222 5960
222 223 5960
223 224 5960
224 225 5960
225 226 5960
226 227 5960
227 228 5960
228 229 5960
229 230 5960
230 231 5960
231 232 5960
232 233 5960
233 234 5960
234 235 5960
235 236 5960
236 237 5960
237 238 5960
238 239 5960
239 240 5960
240 241 5960
241 242 5960
242 243 5960
243 244 5960
244 245 5960
245 246 5960
246 247 5960
247 248 5960
248 249 5960
249 250 5960
250 251 5960
251 252 5960
252 253 5960
253 254 5960
254 255 5960
255 256 5960
256 257 5960
257 258 5960
258 259 5960
259 260 5960
260 261 5960
261 262 5960
262 263 5960
263 264 5960
264 265 5960
265 266 5960
266 267 5960
267 268 5960
268 269 5960
269 270 5960
270 271 5960
271 272 5960
272 273 5960
273 274 5960
274 275 5960
275 276 5960
276 277 5960
277 278 5960
278 279 5960
279 280 5960
280 281 5960
281 282 5960
282 283 5960
283 284 5960
284 285 5960
285 286 5960
286 287 5960
287 288 5960
288 289 5960
289 290 5960
290 291 5960
291 292 5960
292 293 5960
293 294 5960
294 295 5960
295 296 5960
296 297 5960
297 298 5960
298 299 5960
299 300 5960
300 301 5960
301 302 5960
302 303 5960
303 304 5960
304 305 5960
305 306 5960
306 307 5960
307 308 5960
308 309 5960
309 310 5960
310 311 5960
311 312 5960
312 313 5960
313 314 5960
314 315 5960
315 316 5960
316 317 5960
317 318 5960
318 319 5960
319 320 5960
320 321 5960
321 322 5960
322 323 5960
323 324 5960
324 325 5960
325 326 5960
326 327 5960
327 328 5960
328 329 5960
329 330 5960
330 331 5960
331 332 5960
332 333 5960
333 334 5960
334 335 5960
335 336 5960
336 337 5960
337 338 5960
338 339 5960
339 340 5960
340 341 5960
341 342 5960
342 343 5960
343 344 5960
344 345 5960
345 346 5960
346 347 5960
347 348 5960
348 349 5960
349 350 5960
350 351 5960
351 352 5960
352 353 5960
353 354 5960
354 355 5960
355 356 5960
356 357 5960
357 358 5960
358 359 5960
359 360 5960
360 361 5960
361 362 5960
362 363 5960
363 364 5960
364 365 5960
365 366 5960
366 367 5960
367 368 5960
368 369 5960
369 370 5960
370 371 5960
371 372 5960
372 373 5960
373 374 5960
374 375 5960
375 376 5960
376 377 5960
377 378 5960
378 379 5960
379 380 5960
380 381 5960
381 382 5960
382 383 5960
383 384 5960
384 385 5960
385 386 5960
386 387 5960
387 388 5960
388 389 5960
389 390 5960
390 391 5960
391 392 5960
392 393 5960
393 394 5960
394 395 5960
395 396 5960
396 397 5960
397 398 5960
398 399 5960
399 400 5960
400 401 5960
401 402 5960
402 403 5960
403 404 5960
404 405 5960
405 406 5960
406 407 5960
407 408 5960
408 409 5960
409 410 5960
410 411 5960
411 412 5960
412 413 5960
413 414 5960
414 415 5960
415 416 5960
416 417 5960
417 418 5960
418 419 5960
419 420 5960
420 421 5960
421 422 5960
422 423 5960
423 424 5960
424 425 5960
425 426 5960
426 427 5960
427 428 5960
428 429 5960
429 430 5960
430 431 5960
431 432 5960
432 433 5960
433 434 5960
434 435 5960
435 436 5960
436 437 5960
437 438 5960
438 439 5960
439 440 5960
440 441 5960
441 442 5960
442 443 5960
443 444 5960
444 445 5960
445 446 5960
446 447 5960
447 448 5960
448 449 5960
449 450 5960
450 451 5960
451 452 5960
452 453 5960
453 454 5960
454 455 5960
455 456 5960
456 457 5960
457 458 5960
458 459 5960
459 460 5960
460 461 5960
461 462 5960
462 463 5960
463 464 5960
464 465 5960
465 466 5960
466 467 5960
467 468 5960
468 469 5960
469 470 5960
470 471 5960
471 472 5960
472 473 5960
473 474 5960
474 475 5960
475 476 5960
476 477 5960
477 478 5960
478 479 5960
479 480 5960
480 481 5960
481 482 5960
482 483 5960
483 484 5960
484 485 5960
485 486 5960
486 487 5960
487 488 5960
488 489 5960
489 490 5960
490 491 5960
491 492 5960
492 493 5960
493 494 5960
494 495 5960
495 496 5960
496 497 5960
497 498 5960
498 499 5960
499 500 5960
500 501 5960
501 502 5960
502 503 5960
503 504 5960
504 505 5960
505 506 5960
506 507 5960
507 508 5960
508 509 5960
509 510 5960
510 511 5960
511 512 5960
512 513 5960
513 514 5960
514 515 5960
515 516 5960
516 517 5960
517 518 5960
518 519 5960
519 520 5960
520 521 5960
521 522 5960
522 523 5960
523 524 5960
524 525 5960
525 526 5960
526 527 5960
527 528 5960
528 529 5960
529 530 5960
530 531 5960
531 532 5960
532 533 5960
533 534 5960
534 535 5960
535 536 5960
536 537 5960
537 538 5960
538 539 5960
539 540 5960
540 541 5960
541 542 5960
542 543 5960
543 544 5960
544 545 5960
545 546 5960
546 547 5960
547 548 5960
548 549 5960
549 550 5960
550 551 5960
551 552 5960
552 553 5960
553 554 5960
554 555 5960
555 556 5960
556 557 5960
557 558 5960
558 559 5960
559 560 5960
560 561 5960
561 562 5960
562 563 5960
563 564 5960
564 565 5960
565 566 5960
566 567 5960
567 568 5960
568 569 5960
569 570 5960
570 571 5960
571 572 5960
572 573 5960
573 574 5960
574 575 5960
575 576 5960
576 577 5960
577 578 5960
578 579 5960
579 580 5960
580 581 5960
581 582 5960
582 583 5960
583 584 5960
584 585 5960
585 586 5960
586 587 5960
587 588 5960
588 589 5960
589 590 5960
590 591 5960
591 592 5960
592 593 5960
593 594 5960
594 595 5960
163 422 5960
250 411 5960
121 402 5960
264 487 5960
103 427 5960
146 595 5960
134 349 5960
247 464 5960
269 350 5960
86 402 5960
186 564 5960
37 478 5960
275 455 5960
128 184 5960
253 351 5960
62 194 5960
256 545 5960
209 412 5960
37 547 5960
166 171 5960
261 381 5960
231 296 5960
136 496 5960
157 428 5960
17 359 5960
36 205 5960
187 273 5960
211 312 5960
116 329 5960
248 336 5960
213 281 5960
30 528 5960
266 497 5960
77 188 5960
2 110 5960
227 481 5960
266 495 5960
183 388 5960
95 297 5960
2 268 5960
144 508 5960
198 505 5960
154 389 5960
82 302 5960
213 591 5960
241 443 5960
161 507 5960
284 568 5960
77 145 5960
151 329 5960
87 125 5960
206 364 5960
127 297 5960
100 460 5960
60 531 5960
242 530 5960
251 546 5960
92 478 5960
41 54 5960
5 453 5960
7 546 5960
181 409 5960
223 541 5960
63 105 5960
120 539 5960
255 261 5960
81 443 5960
258 538 5960
80 544 5960
77 482 5960
71 594 5960
206 404 5960
262 470 5960
250 472 5960
237 437 5960
193 490 5960
98 307 5960
283 459 5960
185 443 5960
132 458 5960
202 553 5960
128 394 5960
144 499 5960
84 445 5960
1 47 5960
259 480 5960
64 594 5960
10 209 5960
93 147 5960
169 274 5960
144 391 5960
53 542 5960
165 538 5960
283 337 5960
298 586 5960
203 360 5960
290 370 5960
51 560 5960
216 480 5960
70 216 5960
253 452 5960
115 472 5960
182 461 5960
101 539 5960
16 98 5960
112 517 5960
136 571 5960
298 574 5960
287 492 5960
34 187 5960
190 374 5960
189 362 5960
83 425 5960
230 257 5960
287 339 5960
65 539 5960
83 194 5960
160 517 5960
24 350 5960
86 291 5960
221 504 5960
49 551 5960
49 563 5960
7 12 5960
149 330 5960
158 457 5960
265 300 5960
131 573 5960
142 487 5960
32 503 5960
108 147 5960
84 420 5960
48 339 5960
33 261 5960
5 68 5960
190 550 5960
187 322 5960
7 514 5960
235 549 5960
57 116 5960
34 474 5960
171 490 5960
259 362 5960
47 152 5960
132 174 5960
188 441 5960
124 200 5960
83 445 5960
67 593 5960
15 444 5960
151 407 5960
167 561 5960
152 568 5960
128 163 5960
45 143 5960
271 275 5960
157 286 5960
185 281 5960
164 230 5960
77 342 5960
135 571 5960
235 589 5960
174 515 5960
227 415 5960
136 406 5960
206 545 5960
34 159 5960
95 220 5960
162 205 5960
152 504 5960
287 309 5960
203 501 5960
216 545 5960
272 316 5960
107 369 5960
71 223 5960
45 388 5960
169 198 5960
294 335 5960
75 98 5960
211 215 5960
258 528 5960
247 351 5960
44 130 5960
16 283 5960
272 426 5960
133 459 5960
255 300 5960
263 283 5960
231 428 5960
114 284 5960
3 305 5960
240 442 5960
203 380 5960
182 392 5960
196 272 5960
199 463 5960
76 307 5960
222 312 5960
181 191 5960
64 123 5960
10 73 5960
137 185 5960
168 454 5960
16 360 5960
243 518 5960
147 262 5960
6 584 5960
182 232 5960
36 362 5960
30 45 5960
244 321 5960
38 243 5960
230 530 5960
46 497 5960
139 250 5960
85 226 5960
230 511 5960
63 124 5960
155 342 5960
198 239 5960
160 505 5960
122 440 5960
138 212 5960
107 209 5960
99 293 5960
15 251 5960
151 387 5960
7 179 5960
113 539 5960
183 475 5960
145 485 5960
118 394 5960
181 449 5960
264 578 5960
74 397 5960
75 162 5960
177 278 5960
285 479 5960
105 336 5960
66 272 5960
243 328 5960
168 282 5960
195 353 5960
82 163 5960
88 195 5960
79 110 5960
169 377 5960
213 583 5960
292 552 5960
33 565 5960
75 183 5960
45 461 5960
256 386 5960
237 551 5960
154 378 5960
297 554 5960
14 403 5960
116 138 5960
19 242 5960
108 316 5960
89 217 5960
298 428 5960
17 45 5960
95 364 5960
234 306 5960
65 409 5960
89 179 5960
229 507 5960
76 170 5960
167 307 5960
205 403 5960
253 415 5960
152 285 5960
249 383 5960
169 506 5960
172 541 5960
81 581 5960
225 274 5960
53 126 5960
276 440 5960
115 543 5960
256 264 5960
103 396 5960
0 252 5960
289 541 5960
249 403 5960
250 508 5960
5 468 5960
43 310 5960
15 494 5960
206 444 5960
87 423 5960
255 478 5960
281 313 5960
90 436 5960
162 494 5960
204 510 5960
273 509 5960
194 485 5960
161 216 5960
107 226 5960
137 148 5960
202 544 5960
165 296 5960
157 472 5960
189 281 5960
208 220 5960
168 219 5960
279 518 5960
232 381 5960
234 433 5960
170 359 5960
78 468 5960
161 546 5960
269 312 5960
27 433 5960
224 441 5960
207 486 5960
251 476 5960
229 484 5960
47 177 5960
41 174 5960
132 450 5960
286 524 5960
33 444 5960
296 580 5960
223 405 5960
206 324 5960
111 380 5960
85 335 5960
150 326 5960
31 545 5960
131 581 5960
124 420 5960
138 448 5960
110 445 5960
113 296 5960
29 578 5960
67 485 5960
183 439 5960
9 474 5960
206 519 5960
113 214 5960
298 413 5960
137 484 5960
45 407 5960
157 366 5960
163 427 5960
182 347 5960
147 451 5960
56 277 5960
274 547 5960
289 336 5960
124 266 5960
279 512 5960
298 448 5960
244 515 5960
235 260 5960
124 397 5960
250 570 5960
142 388 5960
149 320 5960
6 582 5960
186 228 5960
151 457 5960
85 328 5960
150 522 5960
131 207 5960
285 403 5960
230 494 5960
36 513 5960
242 418 5960
225 251 5960
45 423 5960
24 123 5960
49 117 5960
235 424 5960
124 464 5960
59 275 5960
272 378 5960
130 165 5960
7 86 5960
252 537 5960
152 249 5960
260 521 5960
102 275 5960
275 372 5960
232 356 5960
192 578 5960
200 206 5960
10 595 5960
236 573 5960
37 580 5960
161 488 5960
85 200 5960
48 67 5960
189 369 5960
222 589 5960
248 536 5960
209 451 5960
0 558 5960
138 435 5960
287 391 5960
109 547 5960
262 327 5960
11 65 5960
137 141 5960
176 201 5960
135 354 5960
0 332 5960
102 389 5960
126 450 5960
15 430 5960
147 271 5960
281 516 5960
23 324 5960
224 557 5960
82 455 5960
28 225 5960
171 204 5960
39 353 5960
296 526 5960
242 526 5960
129 270 5960
126 298 5960
93 224 5960
83 585 5960
78 346 5960
10 26 5960
78 477 5960
8 180 5960
178 284 5960
34 117 5960
174 580 5960
4 390 5960
106 556 5960
107 582 5960
52 476 5960
233 549 5960
75 403 5960
10 524 5960
252 505 5960
11 334 5960
34 148 5960
63 256 5960
267 483 5960
108 538 5960
183 387 5960
1 10 5960
18 211 5960
189 489 5960
93 197 5960
43 472 5960
13 516 5960
298 495 5960
283 287 5960
165 545 5960
165 549 5960
43 119 5960
81 357 5960
298 582 5960
107 134 5960
118 295 5960
261 498 5960
48 580 5960
127 204 5960
128 520 5960
61 146 5960
255 552 5960
38 164 5960
64 201 5960
94 271 5960
42 349 5960
2 107 5960
284 376 5960
194 213 5960
151 352 5960
294 517 5960
185 255 5960
296 317 5960
19 92 5960
7 577 5960
272 481 5960
3 524 5960
199 414 5960
204 500 5960
203 473 5960
162 571 5960
237 418 5960
3 568 5960
40 590 5960
228 387 5960
154 432 5960
19 208 5960
183 218 5960
134 158 5960
268 321 5960
244 401 5960
25 160 5960
1 207 5960
234 383 5960
234 365 5960
13 44 5960
125 172 5960
100 487 5960
149 493 5960
9 100 5960
30 337 5960
132 561 5960
123 527 5960
216 540 5960
277 528 5960
174 545 5960
267 389 5960
199 262 5960
199 454 5960
104 412 5960
223 490 5960
94 198 5960
240 431 5960
285 374 5960
52 543 5960
95 164 5960
33 153 5960
287 350 5960
205 505 5960
223 329 5960
243 479 5960
65 185 5960
264 557 5960
141 144 5960
184 306 5960
193 276 5960
160 320 5960
144 437 5960
44 473 5960
265 577 5960
93 432 5960
265 568 5960
46 57 5960
38 394 5960
297 415 5960
91 207 5960
38 477 5960
181 587 5960
41 445 5960
153 297 5960
182 351 5960
189 590 5960
111 304 5960
55 326 5960
184 234 5960
267 419 5960
278 458 5960
149 407 5960
206 361 5960
193 579 5960
175 305 5960
257 319 5960
143 256 5960
86 336 5960
180 292 5960
295 350 5960
195 459 5960
47 303 5960
13 510 5960
144 181 5960
55 169 5960
233 354 5960
1 358 5960
50 235 5960
274 297 5960
45 519 5960
195 442 5960
41 193 5960
236 549 5960
56 238 5960
226 400 5960
196 280 5960
92 354 5960
11 385 5960
199 376 5960
120 299 5960
196 323 5960
279 561 5960
10 293 5960
55 415 5960
255 541 5960
285 528 5960
4 297 5960
144 308 5960
101 246 5960
50 457 5960
