0 1 6000
1 2 6000
2 3 6000
3 4 6000
4 5 6000
5 6 6000
6 7 6000
7 8 6000
8 9 6000
9 10 6000
10 11 6000
11 12 6000
12 13 6000
13 14 6000
14 15 6000
15 16 6000
16 17 6000
17 18 6000
18 19 6000
19 20 6000
20 21 6000
21 22 6000
22 23 6000
23 24 6000
24 25 6000
25 26 6000
26 27 6000
27 28 6000
28 29 6000
29 30 6000
30 31 6000
31 32 6000
32 33 6000
33 34 6000
34 35 6000
35 36 6000
36 37 6000
37 38 6000
38 39 6000
39 40 6000
40 41 6000
41 42 6000
42 43 6000
43 44 6000
44 45 6000
45 46 6000
46 47 6000
47 48 6000
48 49 6000
49 50 6000
50 51 6000
51 52 6000
52 53 6000
53 54 6000
54 55 6000
55 56 6000
56 57 6000
57 58 6000
58 59 6000
59 60 6000
60 61 6000
61 62 6000
62 63 6000
63 64 6000
64 65 6000
65 66 6000
66 67 6000
67 68 6000
68 69 6000
69 70 6000
70 71 6000
71 72 6000
72 73 6000
73 74 6000
74 75 6000
75 76 6000
76 77 6000
77 78 6000
78 79 6000
79 80 6000
80 81 6000
81 82 6000
82 83 6000
83 84 6000
84 85 6000
85 86 6000
86 87 6000
87 88 6000
88 89 6000
89 90 6000
90 91 6000
91 92 6000
92 93 6000
93 94 6000
94 95 6000
95 96 6000
96 97 6000
97 98 6000
98 99 6000
99 100 6000
100 101 6000
101 102 6000
102 103 6000
103 104 6000
104 105 6000
105 106 6000
106 107 6000
107 108 6000
108 109 6000
109 110 6000
110 111 6000
111 112 6000
112 113 6000
113 114 6000
114 115 6000
115 116 6000
116 117 6000
117 118 6000
118 119 6000
119 120 6000
120 121 6000
121 122 6000
122 123 6000
123 124 6000
124 125 6000
125 126 6000
126 127 6000
127 128 6000
128 129 6000
129 130 6000
130 131 6000
131 132 6000
132 133 6000
133 134 6000
134 135 6000
135 136 6000
136 137 6000
137 138 6000
138 139 6000
139 140 6000
140 141 6000
141 142 6000
142 143 6000
143 144 6000
144 145 6000
145 146 6000
146 147 6000
147 148 6000
148 149 6000
149 150 6000
150 151 6000
151 152 6000
152 153 6000
153 154 6000
154 155 6000
155 156 6000
156 157 6000
157 158 6000
158 159 6000
159 160 6000
160 161 6000
161 162 6000
162 163 6000
163 164 6000
164 165 6000
165 166 6000
166 167 6000
167 168 6000
168 169 6000
169 170 6000
170 171 6000
171 172 6000
172 173 6000
173 174 6000
174 175 6000
175 176 6000
176 177 6000
177 178 6000
178 179 6000
179 180 6000
180 181 6000
181 182 6000
182 183 6000
183 184 6000
184 185 6000
185 186 6000
186 187 6000
187 188 6000
188 189 6000
189 190 6000
190 191 6000
191 192 6000
192 193 6000
193 194 6000
194 195 6000
195 196 6000
196 197 6000
197 198 6000
198 199 6000
199 200 6000
200 201 6000
201 202 6000
202 203 6000
203 204 6000
204 205 6000
205 206 6000
206 207 6000
207 208 6000
208 209 6000
209 210 6000
210 211 6000
211 212 6000
212 213 6000
213 214 6000
214 215 6000
215 216 6000
216 217 6000
217 218 6000
218 219 6000
219 220 6000
220 221 6000
221 222 6000
222 223 6000
223 224 6000
224 225 6000
225 226 6000
226 227 6000
227 228 6000
228 229 6000
229 230 6000
230 231 6000
231 232 6000
232 233 6000
233 234 6000
234 235 6000
235 236 6000
236 237 6000
237 238 6000
238 239 6000
239 240 6000
240 241 6000
241 242 6000
242 243 6000
243 244 6000
244 245 6000
245 246 6000
246 247 6000
247 248 6000
248 249 6000
249 250 6000
250 251 6000
251 252 6000
252 253 6000
253 254 6000
254 255 6000
255 256 6000
256 257 6000
257 258 6000
258 259 6000
259 260 6000
260 261 6000
261 262 6000
262 263 6000
263 264 6000
264 265 6000
265 266 6000
266 267 6000
267 268 6000
268 269 6000
269 270 6000
270 271 6000
271 272 6000
272 273 6000
273 274 6000
274 275 6000
275 276 6000
276 277 6000
277 278 6000
278 279 6000
279 280 6000
280 281 6000
281 282 6000
282 283 6000
283 284 6000
284 285 6000
285 286 6000
286 287 6000
287 288 6000
288 289 6000
289 290 6000
290 291 6000
291 292 6000
292 293 6000
293 294 6000
294 295 6000
295 296 6000
296 297 6000
297 298 6000
298 299 6000
299 300 6000
300 301 6000
301 302 6000
302 303 6000
303 304 6000
304 305 6000
305 306 6000
306 307 6000
307 308 6000
308 309 6000
309 310 6000
310 311 6000
311 312 6000
312 313 6000
313 314 6000
314 315 6000
315 316 6000
316 317 6000
317 318 6000
318 319 6000
319 320 6000
320 321 6000
321 322 6000
322 323 6000
323 324 6000
324 325 6000
325 326 6000
326 327 6000
327 328 6000
328 329 6000
329 330 6000
330 331 6000
331 332 6000
332 333 6000
333 334 6000
334 335 6000
335 336 6000
336 337 6000
337 338 6000
338 339 6000
339 340 6000
340 341 6000
341 342 6000
342 343 6000
343 344 6000
344 345 6000
345 346 6000
346 347 6000
347 348 6000
348 349 6000
349 350 6000
350 351 6000
351 352 6000
352 353 6000
353 354 6000
354 355 6000
355 356 6000
356 357 6000
357 358 6000
358 359 6000
359 360 6000
360 361 6000
361 362 6000
362 363 6000
363 364 6000
364 365 6000
365 366 6000
366 367 6000
367 368 6000
368 369 6000
369 370 6000
370 371 6000
371 372 6000
372 373 6000
373 374 6000
374 375 6000
375 376 6000
376 377 6000
377 378 6000
378 379 6000
379 380 6000
380 381 6000
381 382 6000
382 383 6000
383 384 6000
384 385 6000
385 386 6000
386 387 6000
387 388 6000
388 389 6000
389 390 6000
390 391 6000
391 392 6000
392 393 6000
393 394 6000
394 395 6000
395 396 6000
396 397 6000
397 398 6000
398 399 6000
399 400 6000
400 401 6000
401 402 6000
402 403 6000
403 404 6000
404 405 6000
405 406 6000
406 407 6000
407 408 6000
408 409 6000
409 410 6000
410 411 6000
411 412 6000
412 413 6000
413 414 6000
414 415 6000
415 416 6000
416 417 6000
417 418 6000
418 419 6000
419 420 6000
420 421 6000
421 422 6000
422 423 6000
423 424 6000
424 425 6000
425 426 6000
426 427 6000
427 428 6000
428 429 6000
429 430 6000
430 431 6000
431 432 6000
432 433 6000
433 434 6000
434 435 6000
435 436 6000
436 437 6000
437 438 6000
438 439 6000
439 440 6000
440 441 6000
441 442 6000
442 443 6000
443 444 6000
444 445 6000
445 446 6000
446 447 6000
447 448 6000
448 449 6000
449 450 6000
450 451 6000
451 452 6000
452 453 6000
453 454 6000
454 455 6000
455 456 6000
456 457 6000
457 458 6000
458 459 6000
459 460 6000
460 461 6000
461 462 6000
462 463 6000
463 464 6000
464 465 6000
465 466 6000
466 467 6000
467 468 6000
468 469 6000
469 470 6000
470 471 6000
471 472 6000
472 473 6000
473 474 6000
474 475 6000
475 476 6000
476 477 6000
477 478 6000
478 479 6000
479 480 6000
480 481 6000
481 482 6000
482 483 6000
483 484 6000
484 485 6000
485 486 6000
486 487 6000
487 488 6000
488 489 6000
489 490 6000
490 491 6000
491 492 6000
492 493 6000
493 494 6000
494 495 6000
495 496 6000
496 497 6000
497 498 6000
498 499 6000
499 500 6000
500 501 6000
501 502 6000
502 503 6000
503 504 6000
504 505 6000
505 506 6000
506 507 6000
507 508 6000
508 509 6000
509 510 6000
510 511 6000
511 512 6000
512 513 6000
513 514 6000
514 515 6000
515 516 6000
516 517 6000
517 518 6000
518 519 6000
519 520 6000
520 521 6000
521 522 6000
522 523 6000
523 524 6000
524 525 6000
525 526 6000
526 527 6000
527 528 6000
528 529 6000
529 530 6000
530 531 6000
531 532 6000
532 533 6000
533 534 6000
534 535 6000
535 536 6000
536 537 6000
537 538 6000
538 539 6000
539 540 6000
540 541 6000
541 542 6000
542 543 6000
543 544 6000
544 545 6000
545 546 6000
546 547 6000
547 548 6000
548 549 6000
549 550 6000
550 551 6000
551 552 6000
552 553 6000
553 554 6000
554 555 6000
555 556 6000
556 557 6000
557 558 6000
558 559 6000
559 560 6000
560 561 6000
561 562 6000
562 563 6000
563 564 6000
564 565 6000
565 566 6000
566 567 6000
567 568 6000
568 569 6000
569 570 6000
570 571 6000
571 572 6000
572 573 6000
573 574 6000
574 575 6000
575 576 6000
576 577 6000
577 578 6000
578 579 6000
579 580 6000
580 581 6000
581 582 6000
582 583 6000
583 584 6000
584 585 6000
585 586 6000
586 587 6000
587 588 6000
588 589 6000
589 590 6000
590 591 6000
591 592 6000
592 593 6000
593 594 6000
594 595 6000
595 596 6000
596 597 6000
597 598 6000
598 599 6000
251 266 6000
22 434 6000
208 421 6000
26 91 6000
228 241 6000
287 445 6000
118 152 6000
159 177 6000
248 383 6000
205 293 6000
265 277 6000
31 178 6000
163 372 6000
124 563 6000
156 576 6000
63 236 6000
39 503 6000
100 131 6000
100 268 6000
223 407 6000
148 317 6000
65 233 6000
82 550 6000
140 313 6000
240 466 6000
141 184 6000
265 467 6000
278 533 6000
52 582 6000
24 223 6000
178 314 6000
131 323 6000
54 519 6000
230 367 6000
283 405 6000
87 365 6000
2 40 6000
36 431 6000
212 534 6000
252 352 6000
129 456 6000
94 259 6000
186 425 6000
176 362 6000
2 360 6000
54 77 6000
205 248 6000
206 426 6000
138 577 6000
194 430 6000
214 258 6000
247 443 6000
126 484 6000
237 445 6000
166 452 6000
92 230 6000
135 547 6000
214 257 6000
154 209 6000
78 346 6000
181 293 6000
254 257 6000
290 460 6000
150 408 6000
34 129 6000
10 27 6000
111 360 6000
279 562 6000
132 261 6000
135 379 6000
175 207 6000
19 235 6000
118 232 6000
55 102 6000
156 304 6000
262 536 6000
275 488 6000
181 375 6000
84 268 6000
203 314 6000
22 489 6000
158 427 6000
19 509 6000
123 338 6000
96 482 6000
37 134 6000
1 220 6000
297 370 6000
185 240 6000
3 50 6000
241 379 6000
242 487 6000
293 345 6000
18 544 6000
202 234 6000
93 416 6000
167 507 6000
242 513 6000
66 373 6000
99 182 6000
64 540 6000
72 186 6000
167 575 6000
232 542 6000
121 295 6000
127 517 6000
144 228 6000
59 582 6000
147 350 6000
24 532 6000
49 296 6000
228 283 6000
60 250 6000
173 413 6000
17 115 6000
61 453 6000
289 489 6000
219 416 6000
104 148 6000
198 200 6000
101 337 6000
29 168 6000
288 554 6000
26 293 6000
63 213 6000
73 140 6000
226 369 6000
254 307 6000
276 306 6000
84 465 6000
56 374 6000
290 357 6000
11 161 6000
291 531 6000
266 282 6000
154 568 6000
241 287 6000
91 361 6000
13 535 6000
168 228 6000
9 244 6000
4 120 6000
225 447 6000
132 387 6000
291 522 6000
28 509 6000
71 483 6000
192 325 6000
50 181 6000
80 294 6000
208 524 6000
190 238 6000
233 526 6000
186 202 6000
67 238 6000
206 313 6000
158 567 6000
226 545 6000
77 423 6000
14 268 6000
212 445 6000
211 398 6000
186 215 6000
198 306 6000
274 405 6000
118 547 6000
35 128 6000
245 452 6000
26 330 6000
213 572 6000
199 428 6000
58 69 6000
193 598 6000
157 456 6000
169 418 6000
126 292 6000
96 179 6000
235 399 6000
6 204 6000
269 461 6000
133 460 6000
115 248 6000
121 437 6000
216 288 6000
232 274 6000
40 291 6000
232 451 6000
288 321 6000
73 241 6000
158 405 6000
233 360 6000
266 389 6000
272 534 6000
67 363 6000
5 559 6000
231 260 6000
207 261 6000
286 335 6000
152 451 6000
8 490 6000
16 251 6000
70 426 6000
138 273 6000
32 180 6000
100 195 6000
74 101 6000
232 378 6000
39 320 6000
123 211 6000
68 453 6000
68 568 6000
222 278 6000
116 366 6000
258 417 6000
275 475 6000
127 432 6000
271 494 6000
126 498 6000
94 592 6000
9 321 6000
204 360 6000
184 201 6000
74 306 6000
111 550 6000
94 229 6000
25 380 6000
198 406 6000
5 22 6000
165 582 6000
18 80 6000
247 297 6000
144 581 6000
81 353 6000
262 556 6000
285 505 6000
18 48 6000
214 393 6000
261 318 6000
224 306 6000
176 324 6000
267 385 6000
260 404 6000
298 430 6000
162 379 6000
98 512 6000
268 375 6000
217 541 6000
267 336 6000
113 307 6000
63 257 6000
93 148 6000
72 507 6000
181 220 6000
98 159 6000
182 266 6000
128 321 6000
41 551 6000
67 363 6000
211 542 6000
178 315 6000
82 598 6000
297 528 6000
96 199 6000
203 465 6000
192 397 6000
31 511 6000
95 221 6000
158 446 6000
107 285 6000
247 401 6000
108 385 6000
135 267 6000
68 398 6000
293 389 6000
300 455 6000
38 409 6000
113 316 6000
261 388 6000
69 149 6000
78 210 6000
140 257 6000
126 411 6000
71 308 6000
209 445 6000
175 564 6000
137 367 6000
123 400 6000
185 322 6000
241 587 6000
38 425 6000
215 588 6000
57 407 6000
272 598 6000
112 372 6000
8 417 6000
206 458 6000
255 471 6000
295 398 6000
58 209 6000
207 515 6000
29 99 6000
270 361 6000
172 590 6000
107 464 6000
283 290 6000
80 163 6000
275 534 6000
219 591 6000
156 328 6000
215 314 6000
76 79 6000
179 533 6000
243 415 6000
116 321 6000
112 224 6000
243 590 6000
178 433 6000
216 251 6000
79 248 6000
17 38 6000
136 250 6000
182 408 6000
18 575 6000
131 393 6000
287 549 6000
66 403 6000
37 318 6000
28 540 6000
271 413 6000
62 145 6000
281 385 6000
210 438 6000
286 410 6000
289 383 6000
172 199 6000
40 123 6000
238 468 6000
66 360 6000
241 330 6000
47 142 6000
91 95 6000
146 264 6000
10 494 6000
26 158 6000
243 429 6000
55 294 6000
25 39 6000
15 148 6000
113 237 6000
44 427 6000
199 393 6000
265 537 6000
166 406 6000
300 593 6000
4 103 6000
258 396 6000
198 295 6000
130 510 6000
268 307 6000
14 25 6000
298 574 6000
80 262 6000
22 68 6000
202 355 6000
266 397 6000
89 314 6000
205 259 6000
115 354 6000
230 389 6000
41 489 6000
134 502 6000
202 431 6000
242 249 6000
168 351 6000
38 270 6000
140 429 6000
193 204 6000
50 291 6000
113 172 6000
219 378 6000
249 408 6000
272 498 6000
239 461 6000
287 490 6000
69 386 6000
186 475 6000
130 332 6000
60 576 6000
171 502 6000
101 569 6000
261 501 6000
181 373 6000
152 567 6000
92 478 6000
28 226 6000
62 342 6000
67 377 6000
141 244 6000
133 488 6000
173 294 6000
216 267 6000
28 110 6000
125 233 6000
195 332 6000
190 595 6000
72 519 6000
253 264 6000
46 335 6000
271 510 6000
167 445 6000
282 340 6000
266 558 6000
213 353 6000
72 414 6000
123 450 6000
163 489 6000
228 568 6000
226 521 6000
53 266 6000
283 559 6000
105 206 6000
85 287 6000
236 501 6000
275 338 6000
40 134 6000
224 303 6000
235 473 6000
192 561 6000
143 251 6000
246 591 6000
237 523 6000
259 401 6000
202 587 6000
214 540 6000
89 382 6000
104 408 6000
28 374 6000
115 567 6000
266 298 6000
95 266 6000
193 219 6000
277 583 6000
46 303 6000
129 151 6000
235 369 6000
208 366 6000
65 581 6000
172 532 6000
236 517 6000
69 259 6000
126 161 6000
131 553 6000
15 250 6000
78 84 6000
100 304 6000
76 444 6000
153 324 6000
298 592 6000
190 487 6000
43 231 6000
133 430 6000
154 327 6000
297 372 6000
2 465 6000
104 137 6000
128 163 6000
40 213 6000
122 199 6000
256 571 6000
67 583 6000
244 295 6000
230 371 6000
191 306 6000
295 533 6000
189 302 6000
3 387 6000
17 562 6000
88 324 6000
292 464 6000
93 236 6000
136 333 6000
145 182 6000
150 249 6000
91 107 6000
224 455 6000
128 183 6000
173 502 6000
156 168 6000
25 264 6000
144 440 6000
224 468 6000
22 60 6000
103 347 6000
259 459 6000
11 556 6000
109 325 6000
21 356 6000
41 283 6000
229 263 6000
273 341 6000
2 41 6000
14 460 6000
300 471 6000
108 189 6000
234 500 6000
158 510 6000
66 373 6000
231 476 6000
176 300 6000
264 352 6000
216 379 6000
118 307 6000
242 388 6000
171 179 6000
284 458 6000
110 595 6000
285 321 6000
294 329 6000
122 557 6000
158 336 6000
119 212 6000
24 54 6000
289 330 6000
46 304 6000
69 396 6000
185 202 6000
124 524 6000
134 526 6000
281 536 6000
289 594 6000
207 587 6000
243 456 6000
95 520 6000
192 475 6000
165 560 6000
236 595 6000
73 564 6000
243 586 6000
54 164 6000
187 320 6000
253 401 6000
177 322 6000
191 409 6000
77 351 6000
121 249 6000
255 425 6000
42 192 6000
207 508 6000
228 525 6000
82 389 6000
215 239 6000
32 215 6000
149 588 6000
194 235 6000
25 101 6000
173 488 6000
129 221 6000
110 562 6000
68 509 6000
175 524 6000
57 533 6000
99 189 6000
173 333 6000
247 593 6000
142 485 6000
183 462 6000
198 448 6000
219 438 6000
289 507 6000
66 119 6000
210 328 6000
148 548 6000
61 422 6000
39 75 6000
216 460 6000
296 562 6000
90 466 6000
65 315 6000
171 206 6000
146 535 6000
248 583 6000
194 331 6000
152 546 6000
123 272 6000
139 157 6000
113 412 6000
274 328 6000
269 562 6000
164 385 6000
222 537 6000
154 190 6000
166 330 6000
61 497 6000
106 543 6000
147 334 6000
275 519 6000
211 597 6000
