0 1 6040
1 2 6040
2 3 6040
3 4 6040
4 5 6040
5 6 6040
6 7 6040
7 8 6040
8 9 6040
9 10 6040
10 11 6040
11 12 6040
12 13 6040
13 14 6040
14 15 6040
15 16 6040
16 17 6040
17 18 6040
18 19 6040
19 20 6040
20 21 6040
21 22 6040
22 23 6040
23 24 6040
24 25 6040
25 26 6040
26 27 6040
27 28 6040
28 29 6040
29 30 6040
30 31 6040
31 32 6040
32 33 6040
33 34 6040
34 35 6040
35 36 6040
36 37 6040
37 38 6040
38 39 6040
39 40 6040
40 41 6040
41 42 6040
42 43 6040
43 44 6040
44 45 6040
45 46 6040
46 47 6040
47 48 6040
48 49 6040
49 50 6040
50 51 6040
51 52 6040
52 53 6040
53 54 6040
54 55 6040
55 56 6040
56 57 6040
57 58 6040
58 59 6040
59 60 6040
60 61 6040
61 62 6040
62 63 6040
63 64 6040
64 65 6040
65 66 6040
66 67 6040
67 68 6040
68 69 6040
69 70 6040
70 71 6040
71 72 6040
72 73 6040
73 74 6040
74 75 6040
75 76 6040
76 77 6040
77 78 6040
78 79 6040
79 80 6040
80 81 6040
81 82 6040
82 83 6040
83 84 6040
84 85 6040
85 86 6040
86 87 6040
87 88 6040
88 89 6040
89 90 6040
90 91 6040
91 92 6040
92 93 6040
93 94 6040
94 95 6040
95 96 6040
96 97 6040
97 98 6040
98 99 6040
99 100 6040
100 101 6040
101 102 6040
102 103 6040
103 104 6040
104 105 6040
105 106 6040
106 107 6040
107 108 6040
108 109 6040
109 110 6040
110 111 6040
111 112 6040
112 113 6040
113 114 6040
114 115 6040
115 116 6040
116 117 6040
117 118 6040
118 119 6040
119 120 6040
120 121 6040
121 122 6040
122 123 6040
123 124 6040
124 125 6040
125 126 6040
126 127 6040
127 128 6040
128 129 6040
129 130 6040
130 131 6040
131 132 6040
132 133 6040
133 134 6040
134 135 6040
135 136 6040
136 137 6040
137 138 6040
138 139 6040
139 140 6040
140 141 6040
141 142 6040
142 143 6040
143 144 6040
144 145 6040
145 146 6040
146 147 6040
147 148 6040
148 149 6040
149 150 6040
150 151 6040
151 152 6040
152 153 6040
153 154 6040
154 155 6040
155 156 6040
156 157 6040
157 158 6040
158 159 6040
159 160 6040
160 161 6040
161 162 6040
162 163 6040
163 164 6040
164 165 6040
165 166 6040
166 167 6040
167 168 6040
168 169 6040
169 170 6040
170 171 6040
171 172 6040
172 173 6040
173 174 6040
174 175 6040
175 176 6040
176 177 6040
177 178 6040
178 179 6040
179 180 6040
180 181 6040
181 182 6040
182 183 6040
183 184 6040
184 185 6040
185 186 6040
186 187 6040
187 188 6040
188 189 6040
189 190 6040
190 191 6040
191 192 6040
192 193 6040
193 194 6040
194 195 6040
195 196 6040
196 197 6040
197 198 6040
198 199 6040
199 200 6040
200 201 6040
201 202 6040
202 203 6040
203 204 6040
204 205 6040
205 206 6040
206 207 6040
207 208 6040
208 209 6040
209 210 6040
210 211 6040
211 212 6040
212 213 6040
213 214 6040
214 215 6040
215 216 6040
216 217 6040
217 218 6040
218 219 6040
219 220 6040
220 221 6040
221 222 6040
222 223 6040
223 224 6040
224 225 6040
225 226 6040
226 227 6040
227 228 6040
228 229 6040
229 230 6040
230 231 6040
231 232 6040
232 233 6040
233 234 6040
234 235 6040
235 236 6040
236 237 6040
237 238 6040
238 239 6040
239 240 6040
240 241 6040
241 242 6040
242 243 6040
243 244 6040
244 245 6040
245 246 6040
246 247 6040
247 248 6040
248 249 6040
249 250 6040
250 251 6040
251 252 6040
252 253 6040
253 254 6040
254 255 6040
255 256 6040
256 257 6040
257 258 6040
258 259 6040
259 260 6040
260 261 6040
261 262 6040
262 263 6040
263 264 6040
264 265 6040
265 266 6040
266 267 6040
267 268 6040
268 269 6040
269 270 6040
270 271 6040
271 272 6040
272 273 6040
273 274 6040
274 275 6040
275 276 6040
276 277 6040
277 278 6040
278 279 6040
279 280 6040
280 281 6040
281 282 6040
282 283 6040
283 284 6040
284 285 6040
285 286 6040
286 287 6040
287 288 6040
288 289 6040
289 290 6040
290 291 6040
291 292 6040
292 293 6040
293 294 6040
294 295 6040
295 296 6040
296 297 6040
297 298 6040
298 299 6040
299 300 6040
300 301 6040
301 302 6040
302 303 6040
303 304 6040
304 305 6040
305 306 6040
306 307 6040
307 308 6040
308 309 6040
309 310 6040
310 311 6040
311 312 6040
312 313 6040
313 314 6040
314 315 6040
315 316 6040
316 317 6040
317 318 6040
318 319 6040
319 320 6040
320 321 6040
321 322 6040
322 323 6040
323 324 6040
324 325 6040
325 326 6040
326 327 6040
327 328 6040
328 329 6040
329 330 6040
330 331 6040
331 332 6040
332 333 6040
333 334 6040
334 335 6040
335 336 6040
336 337 6040
337 338 6040
338 339 6040
339 340 6040
340 341 6040
341 342 6040
342 343 6040
343 344 6040
344 345 6040
345 346 6040
346 347 6040
347 348 6040
348 349 6040
349 350 6040
350 351 6040
351 352 6040
352 353 6040
353 354 6040
354 355 6040
355 356 6040
356 357 6040
357 358 6040
358 359 6040
359 360 6040
360 361 6040
361 362 6040
362 363 6040
363 364 6040
364 365 6040
365 366 6040
366 367 6040
367 368 6040
368 369 6040
369 370 6040
370 371 6040
371 372 6040
372 373 6040
373 374 6040
374 375 6040
375 376 6040
376 377 6040
377 378 6040
378 379 6040
379 380 6040
380 381 6040
381 382 6040
382 383 6040
383 384 6040
384 385 6040
385 386 6040
386 387 6040
387 388 6040
388 389 6040
389 390 6040
390 391 6040
391 392 6040
392 393 6040
393 394 6040
394 395 6040
395 396 6040
396 397 6040
397 398 6040
398 399 6040
399 400 6040
400 401 6040
401 402 6040
402 403 6040
403 404 6040
404 405 6040
405 406 6040
406 407 6040
407 408 6040
408 409 6040
409 410 6040
410 411 6040
411 412 6040
412 413 6040
413 414 6040
414 415 6040
415 416 6040
416 417 6040
417 418 6040
418 419 6040
419 420 6040
420 421 6040
421 422 6040
422 423 6040
423 424 6040
424 425 6040
425 426 6040
426 427 6040
427 428 6040
428 429 6040
429 430 6040
430 431 6040
431 432 6040
432 433 6040
433 434 6040
434 435 6040
435 436 6040
436 437 6040
437 438 6040
438 439 6040
439 440 6040
440 441 6040
441 442 6040
442 443 6040
443 444 6040
444 445 6040
445 446 6040
446 447 6040
447 448 6040
448 449 6040
449 450 6040
450 451 6040
451 452 6040
452 453 6040
453 454 6040
454 455 6040
455 456 6040
456 457 6040
457 458 6040
458 459 6040
459 460 6040
460 461 6040
461 462 6040
462 463 6040
463 464 6040
464 465 6040
465 466 6040
466 467 6040
467 468 6040
468 469 6040
469 470 6040
470 471 6040
471 472 6040
472 473 6040
473 474 6040
474 475 6040
475 476 6040
476 477 6040
477 478 6040
478 479 6040
479 480 6040
480 481 6040
481 482 6040
482 483 6040
483 484 6040
484 485 6040
485 486 6040
486 487 6040
487 488 6040
488 489 6040
489 490 6040
490 491 6040
491 492 6040
492 493 6040
493 494 6040
494 495 6040
495 496 6040
496 497 6040
497 498 6040
498 499 6040
499 500 6040
500 501 6040
501 502 6040
502 503 6040
503 504 6040
504 505 6040
505 506 6040
506 507 6040
507 508 6040
508 509 6040
509 510 6040
510 511 6040
511 512 6040
512 513 6040
513 514 6040
514 515 6040
515 516 6040
516 517 6040
517 518 6040
518 519 6040
519 520 6040
520 521 6040
521 522 6040
522 523 6040
523 524 6040
524 525 6040
525 526 6040
526 527 6040
527 528 6040
528 529 6040
529 530 6040
530 531 6040
531 532 6040
532 533 6040
533 534 6040
534 535 6040
535 536 6040
536 537 6040
537 538 6040
538 539 6040
539 540 6040
540 541 6040
541 542 6040
542 543 6040
543 544 6040
544 545 6040
545 546 6040
546 547 6040
547 548 6040
548 549 6040
549 550 6040
550 551 6040
551 552 6040
552 553 6040
553 554 6040
554 555 6040
555 556 6040
556 557 6040
557 558 6040
558 559 6040
559 560 6040
560 561 6040
561 562 6040
562 563 6040
563 564 6040
564 565 6040
565 566 6040
566 567 6040
567 568 6040
568 569 6040
569 570 6040
570 571 6040
571 572 6040
572 573 6040
573 574 6040
574 575 6040
575 576 6040
576 577 6040
577 578 6040
578 579 6040
579 580 6040
580 581 6040
581 582 6040
582 583 6040
583 584 6040
584 585 6040
585 586 6040
586 587 6040
587 588 6040
588 589 6040
589 590 6040
590 591 6040
591 592 6040
592 593 6040
593 594 6040
594 595 6040
595 596 6040
596 597 6040
597 598 6040
598 599 6040
599 600 6040
600 601 6040
601 602 6040
602 603 6040
246 434 6040
186 469 6040
163 177 6040
119 368 6040
8 98 6040
266 417 6040
65 73 6040
259 460 6040
168 520 6040
285 429 6040
245 415 6040
77 390 6040
73 559 6040
51 68 6040
296 550 6040
293 464 6040
191 592 6040
61 272 6040
53 425 6040
221 231 6040
271 489 6040
122 183 6040
69 258 6040
123 293 6040
183 235 6040
184 283 6040
8 194 6040
265 502 6040
168 349 6040
264 375 6040
82 198 6040
298 343 6040
113 416 6040
84 496 6040
23 559 6040
81 332 6040
292 320 6040
193 325 6040
230 488 6040
59 153 6040
112 257 6040
196 457 6040
6 486 6040
189 372 6040
167 303 6040
95 118 6040
256 458 6040
215 337 6040
108 358 6040
237 396 6040
164 425 6040
211 480 6040
134 424 6040
44 138 6040
241 324 6040
283 426 6040
217 558 6040
94 168 6040
233 400 6040
221 252 6040
115 255 6040
204 451 6040
118 256 6040
218 566 6040
273 411 6040
251 296 6040
116 377 6040
234 279 6040
248 289 6040
54 596 6040
175 381 6040
164 382 6040
132 157 6040
179 258 6040
233 549 6040
115 377 6040
124 340 6040
109 585 6040
276 457 6040
153 247 6040
282 394 6040
43 414 6040
227 461 6040
38 534 6040
126 592 6040
137 532 6040
65 183 6040
275 390 6040
118 274 6040
238 531 6040
284 475 6040
238 265 6040
215 289 6040
180 420 6040
215 449 6040
289 571 6040
7 475 6040
64 182 6040
28 430 6040
273 602 6040
84 550 6040
55 181 6040
177 457 6040
106 245 6040
64 319 6040
195 418 6040
116 572 6040
208 594 6040
162 345 6040
17 510 6040
87 533 6040
118 417 6040
107 301 6040
218 414 6040
108 151 6040
121 271 6040
20 27 6040
11 533 6040
86 419 6040
196 202 6040
5 273 6040
239 359 6040
249 402 6040
90 556 6040
232 431 6040
190 309 6040
296 348 6040
103 351 6040
286 575 6040
110 187 6040
193 379 6040
282 297 6040
111 400 6040
268 570 6040
166 485 6040
219 374 6040
91 537 6040
159 589 6040
241 277 6040
66 271 6040
47 288 6040
118 160 6040
293 456 6040
91 352 6040
132 238 6040
0 146 6040
273 423 6040
202 243 6040
130 422 6040
76 292 6040
217 374 6040
256 315 6040
7 146 6040
154 370 6040
237 333 6040
179 411 6040
133 507 6040
72 92 6040
70 346 6040
43 59 6040
186 567 6040
171 316 6040
223 263 6040
54 578 6040
19 188 6040
230 561 6040
213 331 6040
138 376 6040
138 435 6040
123 394 6040
10 272 6040
73 576 6040
84 574 6040
202 441 6040
4 239 6040
255 438 6040
184 421 6040
158 250 6040
141 319 6040
107 515 6040
193 552 6040
0 57 6040
114 170 6040
33 566 6040
156 180 6040
289 602 6040
197 353 6040
71 404 6040
104 234 6040
115 561 6040
193 379 6040
127 577 6040
266 360 6040
219 441 6040
123 375 6040
8 232 6040
131 159 6040
227 531 6040
270 288 6040
98 569 6040
44 524 6040
157 359 6040
273 359 6040
201 344 6040
99 547 6040
143 512 6040
104 353 6040
145 177 6040
250 312 6040
104 394 6040
128 201 6040
3 188 6040
55 188 6040
138 326 6040
237 302 6040
70 326 6040
162 292 6040
171 542 6040
233 279 6040
194 458 6040
63 307 6040
135 454 6040
107 443 6040
299 318 6040
95 587 6040
85 535 6040
155 509 6040
198 516 6040
277 479 6040
295 443 6040
195 327 6040
216 223 6040
199 526 6040
244 292 6040
120 172 6040
100 591 6040
100 291 6040
27 152 6040
249 334 6040
120 251 6040
18 27 6040
138 262 6040
244 596 6040
252 395 6040
190 364 6040
91 523 6040
253 503 6040
124 497 6040
1 88 6040
72 476 6040
186 544 6040
293 419 6040
287 343 6040
50 579 6040
55 412 6040
206 448 6040
178 434 6040
20 43 6040
45 119 6040
69 500 6040
191 456 6040
230 333 6040
198 432 6040
282 356 6040
300 578 6040
132 278 6040
227 524 6040
191 493 6040
54 136 6040
199 427 6040
70 590 6040
204 412 6040
171 469 6040
32 55 6040
93 393 6040
226 285 6040
289 441 6040
101 350 6040
233 397 6040
243 454 6040
90 220 6040
5 367 6040
211 217 6040
0 76 6040
41 303 6040
288 410 6040
49 245 6040
15 491 6040
103 380 6040
12 424 6040
185 577 6040
207 501 6040
282 569 6040
142 296 6040
138 307 6040
99 235 6040
275 577 6040
170 191 6040
129 367 6040
204 396 6040
30 483 6040
282 370 6040
164 475 6040
267 470 6040
21 171 6040
288 462 6040
258 514 6040
183 203 6040
39 551 6040
112 501 6040
152 436 6040
274 370 6040
99 178 6040
162 199 6040
232 430 6040
230 500 6040
83 467 6040
17 491 6040
288 489 6040
301 369 6040
163 341 6040
219 452 6040
97 421 6040
45 118 6040
221 582 6040
299 385 6040
45 80 6040
99 104 6040
181 239 6040
45 332 6040
189 263 6040
141 414 6040
32 103 6040
57 397 6040
49 530 6040
224 476 6040
148 174 6040
48 585 6040
244 501 6040
121 471 6040
197 383 6040
296 492 6040
224 280 6040
28 439 6040
37 299 6040
293 413 6040
30 260 6040
58 301 6040
118 421 6040
195 462 6040
128 474 6040
78 165 6040
92 387 6040
186 363 6040
28 56 6040
265 285 6040
85 438 6040
264 435 6040
181 260 6040
0 549 6040
300 323 6040
295 460 6040
207 528 6040
254 480 6040
83 360 6040
34 476 6040
9 228 6040
66 76 6040
96 377 6040
131 297 6040
197 377 6040
179 511 6040
97 414 6040
265 479 6040
270 578 6040
71 75 6040
163 305 6040
146 339 6040
123 521 6040
247 505 6040
217 224 6040
286 413 6040
86 576 6040
237 405 6040
73 426 6040
18 235 6040
174 575 6040
100 373 6040
76 288 6040
82 445 6040
223 489 6040
126 235 6040
129 158 6040
270 331 6040
291 590 6040
301 394 6040
22 142 6040
151 577 6040
168 293 6040
187 334 6040
68 187 6040
96 259 6040
214 338 6040
205 513 6040
81 118 6040
139 374 6040
113 287 6040
49 305 6040
300 424 6040
178 534 6040
16 144 6040
58 320 6040
14 144 6040
71 568 6040
147 243 6040
272 278 6040
167 373 6040
101 470 6040
229 356 6040
55 502 6040
184 363 6040
205 289 6040
132 376 6040
245 530 6040
163 549 6040
137 398 6040
74 503 6040
168 416 6040
100 225 6040
254 370 6040
175 260 6040
30 245 6040
208 278 6040
208 510 6040
64 175 6040
284 576 6040
74 271 6040
259 488 6040
157 464 6040
218 253 6040
154 422 6040
254 415 6040
280 564 6040
258 320 6040
285 457 6040
131 523 6040
246 545 6040
171 477 6040
169 293 6040
5 330 6040
21 273 6040
3 409 6040
268 490 6040
34 61 6040
67 388 6040
78 262 6040
273 450 6040
205 216 6040
103 564 6040
212 584 6040
44 492 6040
66 511 6040
297 519 6040
200 336 6040
214 420 6040
91 401 6040
206 331 6040
35 547 6040
117 496 6040
271 357 6040
7 548 6040
270 518 6040
161 386 6040
170 439 6040
98 222 6040
268 556 6040
175 405 6040
266 363 6040
262 567 6040
153 469 6040
149 527 6040
280 294 6040
104 248 6040
106 432 6040
1 413 6040
151 430 6040
280 540 6040
99 336 6040
237 402 6040
216 444 6040
69 555 6040
239 517 6040
204 297 6040
209 583 6040
72 590 6040
110 547 6040
191 324 6040
302 376 6040
106 273 6040
128 358 6040
60 466 6040
281 523 6040
251 275 6040
120 345 6040
65 508 6040
301 531 6040
215 277 6040
138 159 6040
52 436 6040
123 555 6040
79 512 6040
38 508 6040
32 593 6040
247 320 6040
45 322 6040
15 193 6040
41 499 6040
237 447 6040
185 502 6040
40 188 6040
233 337 6040
1 71 6040
239 363 6040
204 240 6040
132 547 6040
86 407 6040
252 428 6040
135 501 6040
167 191 6040
257 351 6040
301 414 6040
61 543 6040
241 570 6040
31 47 6040
182 544 6040
301 568 6040
251 273 6040
256 351 6040
182 278 6040
96 533 6040
205 287 6040
88 301 6040
4 452 6040
73 85 6040
153 234 6040
124 538 6040
269 420 6040
188 223 6040
106 371 6040
87 107 6040
160 578 6040
188 539 6040
293 336 6040
238 265 6040
263 466 6040
195 459 6040
273 507 6040
171 324 6040
87 207 6040
178 494 6040
229 449 6040
7 202 6040
4 368 6040
119 367 6040
212 378 6040
301 552 6040
300 465 6040
68 219 6040
275 420 6040
224 233 6040
235 385 6040
210 547 6040
291 409 6040
142 270 6040
97 307 6040
269 280 6040
276 434 6040
129 233 6040
164 575 6040
270 559 6040
200 276 6040
137 251 6040
176 358 6040
249 492 6040
170 528 6040
108 540 6040
174 486 6040
49 417 6040
111 406 6040
35 361 6040
43 326 6040
12 311 6040
230 535 6040
64 329 6040
71 571 6040
170 584 6040
284 345 6040
227 331 6040
26 302 6040
250 396 6040
