0 1 6080
1 2 6080
2 3 6080
3 4 6080
4 5 6080
5 6 6080
6 7 6080
7 8 6080
8 9 6080
9 10 6080
10 11 6080
11 12 6080
12 13 6080
13 14 6080
14 15 6080
15 16 6080
16 17 6080
17 18 6080
18 19 6080
19 20 6080
20 21 6080
21 22 6080
22 23 6080
23 24 6080
24 25 6080
25 26 6080
26 27 6080
27 28 6080
28 29 6080
29 30 6080
30 31 6080
31 32 6080
32 33 6080
33 34 6080
34 35 6080
35 36 6080
36 37 6080
37 38 6080
38 39 6080
39 40 6080
40 41 6080
41 42 6080
42 43 6080
43 44 6080
44 45 6080
45 46 6080
46 47 6080
47 48 6080
48 49 6080
49 50 6080
50 51 6080
51 52 6080
52 53 6080
53 54 6080
54 55 6080
55 56 6080
56 57 6080
57 58 6080
58 59 6080
59 60 6080
60 61 6080
61 62 6080
62 63 6080
63 64 6080
64 65 6080
65 66 6080
66 67 6080
67 68 6080
68 69 6080
69 70 6080
70 71 6080
71 72 6080
72 73 6080
73 74 6080
74 75 6080
75 76 6080
76 77 6080
77 78 6080
78 79 6080
79 80 6080
80 81 6080
81 82 6080
82 83 6080
83 84 6080
84 85 6080
85 86 6080
86 87 6080
87 88 6080
88 89 6080
89 90 6080
90 91 6080
91 92 6080
92 93 6080
93 94 6080
94 95 6080
95 96 6080
96 97 6080
97 98 6080
98 99 6080
99 100 6080
100 101 6080
101 102 6080
102 103 6080
103 104 6080
104 105 6080
105 106 6080
106 107 6080
107 108 6080
108 109 6080
109 110 6080
110 111 6080
111 112 6080
112 113 6080
113 114 6080
114 115 6080
115 116 6080
116 117 6080
117 118 6080
118 119 6080
119 120 6080
120 121 6080
121 122 6080
122 123 6080
123 124 6080
124 125 6080
125 126 6080
126 127 6080
127 128 6080
128 129 6080
129 130 6080
130 131 6080
131 132 6080
132 133 6080
133 134 6080
134 135 6080
135 136 6080
136 137 6080
137 138 6080
138 139 6080
139 140 6080
140 141 6080
141 142 6080
142 143 6080
143 144 6080
144 145 6080
145 146 6080
146 147 6080
147 148 6080
148 149 6080
149 150 6080
150 151 6080
151 152 6080
152 153 6080
153 154 6080
154 155 6080
155 156 6080
156 157 6080
157 158 6080
158 159 6080
159 160 6080
160 161 6080
161 162 6080
162 163 6080
163 164 6080
164 165 6080
165 166 6080
166 167 6080
167 168 6080
168 169 6080
169 170 6080
170 171 6080
171 172 6080
172 173 6080
173 174 6080
174 175 6080
175 176 6080
176 177 6080
177 178 6080
178 179 6080
179 180 6080
180 181 6080
181 182 6080
182 183 6080
183 184 6080
184 185 6080
185 186 6080
186 187 6080
187 188 6080
188 189 6080
189 190 6080
190 191 6080
191 192 6080
192 193 6080
193 194 6080
194 195 6080
195 196 6080
196 197 6080
197 198 6080
198 199 6080
199 200 6080
200 201 6080
201 202 6080
202 203 6080
203 204 6080
204 205 6080
205 206 6080
206 207 6080
207 208 6080
208 209 6080
209 210 6080
210 211 6080
211 212 6080
212 213 6080
213 214 6080
214 215 6080
215 216 6080
216 217 6080
217 218 6080
218 219 6080
219 220 6080
220 221 6080
221 222 6080
222 223 6080
223 224 6080
224 225 6080
225 226 6080
226 227 6080
227 228 6080
228 229 6080
229 230 6080
230 231 6080
231 232 6080
232 233 6080
233 234 6080
234 235 6080
235 236 6080
236 237 6080
237 238 6080
238 239 6080
239 240 6080
240 241 6080
241 242 6080
242 243 6080
243 244 6080
244 245 6080
245 246 6080
246 247 6080
247 248 6080
248 249 6080
249 250 6080
250 251 6080
251 252 6080
252 253 6080
253 254 6080
254 255 6080
255 256 6080
256 257 6080
257 258 6080
258 259 6080
259 260 6080
260 261 6080
261 262 6080
262 263 6080
263 264 6080
264 265 6080
265 266 6080
266 267 6080
267 268 6080
268 269 6080
269 270 6080
270 271 6080
271 272 6080
272 273 6080
273 274 6080
274 275 6080
275 276 6080
276 277 6080
277 278 6080
278 279 6080
279 280 6080
280 281 6080
281 282 6080
282 283 6080
283 284 6080
284 285 6080
285 286 6080
286 287 6080
287 288 6080
288 289 6080
289 290 6080
290 291 6080
291 292 6080
292 293 6080
293 294 6080
294 295 6080
295 296 6080
296 297 6080
297 298 6080
298 299 6080
299 300 6080
300 301 6080
301 302 6080
302 303 6080
303 304 6080
304 305 6080
305 306 6080
306 307 6080
307 308 6080
308 309 6080
309 310 6080
310 311 6080
311 312 6080
312 313 6080
313 314 6080
314 315 6080
315 316 6080
316 317 6080
317 318 6080
318 319 6080
319 320 6080
320 321 6080
321 322 6080
322 323 6080
323 324 6080
324 325 6080
325 326 6080
326 327 6080
327 328 6080
328 329 6080
329 330 6080
330 331 6080
331 332 6080
332 333 6080
333 334 6080
334 335 6080
335 336 6080
336 337 6080
337 338 6080
338 339 6080
339 340 6080
340 341 6080
341 342 6080
342 343 6080
343 344 6080
344 345 6080
345 346 6080
346 347 6080
347 348 6080
348 349 6080
349 350 6080
350 351 6080
351 352 6080
352 353 6080
353 354 6080
354 355 6080
355 356 6080
356 357 6080
357 358 6080
358 359 6080
359 360 6080
360 361 6080
361 362 6080
362 363 6080
363 364 6080
364 365 6080
365 366 6080
366 367 6080
367 368 6080
368 369 6080
369 370 6080
370 371 6080
371 372 6080
372 373 6080
373 374 6080
374 375 6080
375 376 6080
376 377 6080
377 378 6080
378 379 6080
379 380 6080
380 381 6080
381 382 6080
382 383 6080
383 384 6080
384 385 6080
385 386 6080
386 387 6080
387 388 6080
388 389 6080
389 390 6080
390 391 6080
391 392 6080
392 393 6080
393 394 6080
394 395 6080
395 396 6080
396 397 6080
397 398 6080
398 399 6080
399 400 6080
400 401 6080
401 402 6080
402 403 6080
403 404 6080
404 405 6080
405 406 6080
406 407 6080
407 408 6080
408 409 6080
409 410 6080
410 411 6080
411 412 6080
412 413 6080
413 414 6080
414 415 6080
415 416 6080
416 417 6080
417 418 6080
418 419 6080
419 420 6080
420 421 6080
421 422 6080
422 423 6080
423 424 6080
424 425 6080
425 426 6080
426 427 6080
427 428 6080
428 429 6080
429 430 6080
430 431 6080
431 432 6080
432 433 6080
433 434 6080
434 435 6080
435 436 6080
436 437 6080
437 438 6080
438 439 6080
439 440 6080
440 441 6080
441 442 6080
442 443 6080
443 444 6080
444 445 6080
445 446 6080
446 447 6080
447 448 6080
448 449 6080
449 450 6080
450 451 6080
451 452 6080
452 453 6080
453 454 6080
454 455 6080
455 456 6080
456 457 6080
457 458 6080
458 459 6080
459 460 6080
460 461 6080
461 462 6080
462 463 6080
463 464 6080
464 465 6080
465 466 6080
466 467 6080
467 468 6080
468 469 6080
469 470 6080
470 471 6080
471 472 6080
472 473 6080
473 474 6080
474 475 6080
475 476 6080
476 477 6080
477 478 6080
478 479 6080
479 480 6080
480 481 6080
481 482 6080
482 483 6080
483 484 6080
484 485 6080
485 486 6080
486 487 6080
487 488 6080
488 489 6080
489 490 6080
490 491 6080
491 492 6080
492 493 6080
493 494 6080
494 495 6080
495 496 6080
496 497 6080
497 498 6080
498 499 6080
499 500 6080
500 501 6080
501 502 6080
502 503 6080
503 504 6080
504 505 6080
505 506 6080
506 507 6080
507 508 6080
508 509 6080
509 510 6080
510 511 6080
511 512 6080
512 513 6080
513 514 6080
514 515 6080
515 516 6080
516 517 6080
517 518 6080
518 519 6080
519 520 6080
520 521 6080
521 522 6080
522 523 6080
523 524 6080
524 525 6080
525 526 6080
526 527 6080
527 528 6080
528 529 6080
529 530 6080
530 531 6080
531 532 6080
532 533 6080
533 534 6080
534 535 6080
535 536 6080
536 537 6080
537 538 6080
538 539 6080
539 540 6080
540 541 6080
541 542 6080
542 543 6080
543 544 6080
544 545 6080
545 546 6080
546 547 6080
547 548 6080
548 549 6080
549 550 6080
550 551 6080
551 552 6080
552 553 6080
553 554 6080
554 555 6080
555 556 6080
556 557 6080
557 558 6080
558 559 6080
559 560 6080
560 561 6080
561 562 6080
562 563 6080
563 564 6080
564 565 6080
565 566 6080
566 567 6080
567 568 6080
568 569 6080
569 570 6080
570 571 6080
571 572 6080
572 573 6080
573 574 6080
574 575 6080
575 576 6080
576 577 6080
577 578 6080
578 579 6080
579 580 6080
580 581 6080
581 582 6080
582 583 6080
583 584 6080
584 585 6080
585 586 6080
586 587 6080
587 588 6080
588 589 6080
589 590 6080
590 591 6080
591 592 6080
592 593 6080
593 594 6080
594 595 6080
595 596 6080
596 597 6080
597 598 6080
598 599 6080
599 600 6080
600 601 6080
601 602 6080
602 603 6080
603 604 6080
604 605 6080
605 606 6080
606 607 6080
17 457 6080
72 426 6080
235 260 6080
128 139 6080
69 349 6080
197 342 6080
69 392 6080
20 164 6080
4 88 6080
279 463 6080
116 581 6080
67 256 6080
220 392 6080
188 607 6080
78 583 6080
0 323 6080
276 290 6080
50 353 6080
298 389 6080
166 253 6080
132 232 6080
125 589 6080
220 510 6080
54 326 6080
77 250 6080
56 288 6080
17 364 6080
210 483 6080
275 325 6080
153 483 6080
23 121 6080
259 490 6080
130 280 6080
108 222 6080
220 329 6080
83 551 6080
122 465 6080
29 425 6080
115 257 6080
96 308 6080
111 336 6080
127 208 6080
205 451 6080
143 463 6080
203 225 6080
145 155 6080
37 288 6080
182 580 6080
127 204 6080
7 340 6080
74 202 6080
267 546 6080
101 236 6080
255 593 6080
199 359 6080
104 300 6080
212 377 6080
24 378 6080
264 433 6080
203 272 6080
245 325 6080
70 254 6080
292 305 6080
126 189 6080
183 197 6080
284 421 6080
50 507 6080
238 363 6080
299 556 6080
200 364 6080
49 494 6080
301 365 6080
61 421 6080
31 398 6080
187 356 6080
132 604 6080
141 529 6080
241 439 6080
85 322 6080
281 534 6080
218 577 6080
15 157 6080
124 317 6080
18 493 6080
133 293 6080
101 448 6080
109 410 6080
87 571 6080
157 266 6080
192 498 6080
85 263 6080
203 387 6080
25 412 6080
82 171 6080
95 129 6080
142 599 6080
274 430 6080
283 541 6080
186 473 6080
46 339 6080
166 498 6080
265 302 6080
224 424 6080
245 450 6080
255 290 6080
63 467 6080
69 240 6080
105 451 6080
242 471 6080
88 572 6080
41 334 6080
56 552 6080
157 264 6080
18 302 6080
159 372 6080
23 602 6080
291 417 6080
1 459 6080
128 151 6080
261 467 6080
128 330 6080
256 270 6080
15 34 6080
36 44 6080
247 274 6080
201 309 6080
81 101 6080
33 257 6080
96 543 6080
19 583 6080
178 246 6080
176 209 6080
212 462 6080
100 271 6080
176 225 6080
39 571 6080
44 337 6080
221 280 6080
19 390 6080
55 374 6080
296 503 6080
10 38 6080
74 389 6080
120 475 6080
126 226 6080
97 144 6080
126 570 6080
160 383 6080
230 488 6080
300 544 6080
243 512 6080
246 351 6080
209 462 6080
210 418 6080
17 195 6080
227 313 6080
213 511 6080
126 527 6080
69 590 6080
214 428 6080
116 218 6080
71 242 6080
82 252 6080
0 279 6080
56 197 6080
194 317 6080
275 599 6080
112 318 6080
131 396 6080
226 421 6080
1 95 6080
148 498 6080
11 600 6080
145 479 6080
229 347 6080
130 391 6080
120 182 6080
94 471 6080
200 514 6080
250 483 6080
180 418 6080
277 596 6080
45 69 6080
225 525 6080
109 596 6080
137 266 6080
77 211 6080
188 204 6080
136 458 6080
130 303 6080
287 439 6080
187 320 6080
299 565 6080
103 493 6080
39 529 6080
23 262 6080
297 316 6080
160 474 6080
273 529 6080
203 386 6080
201 518 6080
21 89 6080
225 382 6080
157 582 6080
280 436 6080
121 529 6080
1 579 6080
173 411 6080
67 243 6080
124 368 6080
71 295 6080
116 393 6080
87 507 6080
182 580 6080
85 375 6080
76 139 6080
189 334 6080
188 250 6080
81 564 6080
210 264 6080
170 236 6080
235 561 6080
227 382 6080
275 455 6080
153 308 6080
86 505 6080
266 281 6080
61 77 6080
5 216 6080
197 549 6080
117 576 6080
31 396 6080
19 32 6080
51 519 6080
66 280 6080
227 485 6080
150 428 6080
141 219 6080
121 157 6080
299 385 6080
196 420 6080
234 363 6080
221 525 6080
210 574 6080
64 220 6080
292 450 6080
137 581 6080
116 189 6080
127 510 6080
118 158 6080
52 458 6080
261 351 6080
103 385 6080
241 381 6080
137 327 6080
80 254 6080
296 320 6080
216 524 6080
92 534 6080
104 344 6080
247 449 6080
223 239 6080
38 485 6080
123 268 6080
203 381 6080
156 363 6080
192 355 6080
217 248 6080
151 533 6080
299 555 6080
59 302 6080
86 573 6080
150 321 6080
40 381 6080
260 402 6080
159 195 6080
31 97 6080
10 605 6080
129 413 6080
175 581 6080
89 417 6080
204 218 6080
205 375 6080
74 82 6080
147 238 6080
93 443 6080
220 404 6080
273 366 6080
220 441 6080
147 454 6080
223 438 6080
230 261 6080
216 411 6080
104 485 6080
164 404 6080
53 467 6080
268 317 6080
173 387 6080
85 214 6080
282 431 6080
72 241 6080
258 399 6080
32 92 6080
243 417 6080
303 312 6080
249 256 6080
131 295 6080
123 410 6080
180 597 6080
255 380 6080
146 179 6080
61 301 6080
143 241 6080
12 59 6080
47 119 6080
205 286 6080
106 134 6080
185 198 6080
258 364 6080
256 537 6080
22 543 6080
241 589 6080
180 266 6080
284 500 6080
100 546 6080
182 570 6080
279 363 6080
253 400 6080
239 462 6080
243 535 6080
199 499 6080
239 453 6080
298 564 6080
240 478 6080
101 328 6080
146 322 6080
225 474 6080
247 469 6080
207 435 6080
190 501 6080
271 384 6080
127 284 6080
123 350 6080
170 426 6080
142 333 6080
197 455 6080
212 260 6080
151 269 6080
247 522 6080
60 485 6080
181 224 6080
157 430 6080
76 350 6080
12 301 6080
55 489 6080
65 173 6080
281 395 6080
47 141 6080
51 470 6080
152 203 6080
249 358 6080
144 374 6080
259 412 6080
205 559 6080
224 588 6080
115 140 6080
161 252 6080
281 581 6080
210 404 6080
150 516 6080
286 367 6080
176 226 6080
168 601 6080
209 313 6080
200 492 6080
271 592 6080
101 581 6080
168 507 6080
282 348 6080
9 186 6080
4 262 6080
34 115 6080
276 313 6080
264 335 6080
22 605 6080
252 368 6080
149 191 6080
284 582 6080
155 226 6080
244 591 6080
243 421 6080
15 543 6080
158 602 6080
183 440 6080
179 584 6080
155 361 6080
65 523 6080
263 474 6080
242 302 6080
64 432 6080
296 382 6080
226 245 6080
229 568 6080
165 208 6080
279 346 6080
161 278 6080
167 213 6080
153 511 6080
179 517 6080
216 397 6080
73 436 6080
259 411 6080
122 607 6080
171 217 6080
116 162 6080
116 473 6080
198 585 6080
78 109 6080
216 559 6080
291 511 6080
234 500 6080
142 494 6080
222 282 6080
23 203 6080
76 304 6080
12 102 6080
210 226 6080
138 328 6080
206 396 6080
246 561 6080
265 464 6080
190 547 6080
109 261 6080
291 448 6080
194 391 6080
11 140 6080
120 310 6080
111 470 6080
47 176 6080
12 442 6080
41 425 6080
146 508 6080
204 476 6080
215 553 6080
198 566 6080
22 447 6080
272 532 6080
225 368 6080
290 470 6080
201 253 6080
84 200 6080
96 507 6080
30 181 6080
80 275 6080
187 535 6080
98 506 6080
155 486 6080
127 480 6080
285 421 6080
263 471 6080
45 264 6080
18 586 6080
296 381 6080
104 491 6080
201 211 6080
62 390 6080
67 322 6080
293 315 6080
232 432 6080
221 502 6080
140 156 6080
197 456 6080
277 604 6080
226 533 6080
142 316 6080
205 380 6080
301 594 6080
121 570 6080
216 534 6080
22 73 6080
257 295 6080
196 454 6080
59 157 6080
163 348 6080
137 150 6080
171 258 6080
3 396 6080
126 262 6080
20 151 6080
31 151 6080
7 85 6080
62 456 6080
182 496 6080
271 450 6080
231 245 6080
125 422 6080
304 355 6080
227 399 6080
247 586 6080
245 282 6080
297 580 6080
35 299 6080
84 356 6080
188 217 6080
75 274 6080
55 517 6080
99 340 6080
215 489 6080
233 516 6080
207 425 6080
60 481 6080
253 566 6080
104 524 6080
9 126 6080
90 470 6080
175 577 6080
163 380 6080
94 358 6080
96 269 6080
194 392 6080
291 350 6080
145 424 6080
141 395 6080
80 348 6080
186 422 6080
262 575 6080
279 557 6080
271 448 6080
30 311 6080
27 294 6080
299 461 6080
117 411 6080
293 497 6080
106 606 6080
20 134 6080
216 413 6080
52 199 6080
49 65 6080
200 362 6080
14 68 6080
201 568 6080
175 293 6080
294 424 6080
222 607 6080
99 135 6080
164 534 6080
253 573 6080
65 288 6080
281 398 6080
84 547 6080
137 246 6080
267 530 6080
209 557 6080
124 509 6080
235 418 6080
22 559 6080
63 67 6080
63 366 6080
12 207 6080
295 461 6080
67 544 6080
76 166 6080
58 301 6080
292 544 6080
49 402 6080
84 333 6080
87 574 6080
145 545 6080
272 317 6080
159 539 6080
113 321 6080
192 289 6080
298 411 6080
58 240 6080
273 529 6080
240 283 6080
291 541 6080
43 115 6080
291 367 6080
94 580 6080
240 267 6080
3 207 6080
131 472 6080
73 498 6080
217 505 6080
254 457 6080
234 439 6080
62 409 6080
288 295 6080
24 160 6080
176 453 6080
81 418 6080
65 490 6080
26 70 6080
294 461 6080
51 410 6080
209 477 6080
30 603 6080
134 596 6080
303 518 6080
230 465 6080
169 523 6080
263 456 6080
30 215 6080
85 365 6080
169 480 6080
12 63 6080
