0 1 600
1 2 600
2 3 600
3 4 600
4 5 600
5 6 600
6 7 600
7 8 600
8 9 600
9 10 600
10 11 600
11 12 600
12 13 600
13 14 600
14 15 600
15 16 600
16 17 600
17 18 600
18 19 600
19 20 600
20 21 600
21 22 600
22 23 600
23 24 600
24 25 600
25 26 600
26 27 600
27 28 600
28 29 600
29 30 600
30 31 600
31 32 600
32 33 600
33 34 600
34 35 600
35 36 600
36 37 600
37 38 600
38 39 600
39 40 600
40 41 600
41 42 600
42 43 600
43 44 600
44 45 600
45 46 600
46 47 600
47 48 600
48 49 600
49 50 600
50 51 600
51 52 600
52 53 600
53 54 600
54 55 600
55 56 600
56 57 600
57 58 600
58 59 600
12 38 600
19 33 600
25 38 600
0 58 600
3 32 600
12 57 600
2 49 600
7 30 600
19 23 600
7 47 600
15 21 600
16 58 600
10 42 600
27 49 600
4 41 600
7 31 600
0 52 600
0 25 600
11 52 600
17 58 600
7 12 600
7 58 600
6 58 600
23 47 600
14 58 600
9 56 600
15 44 600
0 16 600
4 59 600
5 22 600
14 19 600
3 33 600
3 57 600
20 30 600
5 13 600
16 36 600
23 37 600
7 49 600
23 48 600
16 43 600
10 31 600
19 28 600
2 50 600
14 30 600
12 54 600
29 35 600
10 55 600
18 25 600
0 16 600
5 30 600
18 32 600
19 36 600
26 48 600
13 44 600
