0 1 6120
1 2 6120
2 3 6120
3 4 6120
4 5 6120
5 6 6120
6 7 6120
7 8 6120
8 9 6120
9 10 6120
10 11 6120
11 12 6120
12 13 6120
13 14 6120
14 15 6120
15 16 6120
16 17 6120
17 18 6120
18 19 6120
19 20 6120
20 21 6120
21 22 6120
22 23 6120
23 24 6120
24 25 6120
25 26 6120
26 27 6120
27 28 6120
28 29 6120
29 30 6120
30 31 6120
31 32 6120
32 33 6120
33 34 6120
34 35 6120
35 36 6120
36 37 6120
37 38 6120
38 39 6120
39 40 6120
40 41 6120
41 42 6120
42 43 6120
43 44 6120
44 45 6120
45 46 6120
46 47 6120
47 48 6120
48 49 6120
49 50 6120
50 51 6120
51 52 6120
52 53 6120
53 54 6120
54 55 6120
55 56 6120
56 57 6120
57 58 6120
58 59 6120
59 60 6120
60 61 6120
61 62 6120
62 63 6120
63 64 6120
64 65 6120
65 66 6120
66 67 6120
67 68 6120
68 69 6120
69 70 6120
70 71 6120
71 72 6120
72 73 6120
73 74 6120
74 75 6120
75 76 6120
76 77 6120
77 78 6120
78 79 6120
79 80 6120
80 81 6120
81 82 6120
82 83 6120
83 84 6120
84 85 6120
85 86 6120
86 87 6120
87 88 6120
88 89 6120
89 90 6120
90 91 6120
91 92 6120
92 93 6120
93 94 6120
94 95 6120
95 96 6120
96 97 6120
97 98 6120
98 99 6120
99 100 6120
100 101 6120
101 102 6120
102 103 6120
103 104 6120
104 105 6120
105 106 6120
106 107 6120
107 108 6120
108 109 6120
109 110 6120
110 111 6120
111 112 6120
112 113 6120
113 114 6120
114 115 6120
115 116 6120
116 117 6120
117 118 6120
118 119 6120
119 120 6120
120 121 6120
121 122 6120
122 123 6120
123 124 6120
124 125 6120
125 126 6120
126 127 6120
127 128 6120
128 129 6120
129 130 6120
130 131 6120
131 132 6120
132 133 6120
133 134 6120
134 135 6120
135 136 6120
136 137 6120
137 138 6120
138 139 6120
139 140 6120
140 141 6120
141 142 6120
142 143 6120
143 144 6120
144 145 6120
145 146 6120
146 147 6120
147 148 6120
148 149 6120
149 150 6120
150 151 6120
151 152 6120
152 153 6120
153 154 6120
154 155 6120
155 156 6120
156 157 6120
157 158 6120
158 159 6120
159 160 6120
160 161 6120
161 162 6120
162 163 6120
163 164 6120
164 165 6120
165 166 6120
166 167 6120
167 168 6120
168 169 6120
169 170 6120
170 171 6120
171 172 6120
172 173 6120
173 174 6120
174 175 6120
175 176 6120
176 177 6120
177 178 6120
178 179 6120
179 180 6120
180 181 6120
181 182 6120
182 183 6120
183 184 6120
184 185 6120
185 186 6120
186 187 6120
187 188 6120
188 189 6120
189 190 6120
190 191 6120
191 192 6120
192 193 6120
193 194 6120
194 195 6120
195 196 6120
196 197 6120
197 198 6120
198 199 6120
199 200 6120
200 201 6120
201 202 6120
202 203 6120
203 204 6120
204 205 6120
205 206 6120
206 207 6120
207 208 6120
208 209 6120
209 210 6120
210 211 6120
211 212 6120
212 213 6120
213 214 6120
214 215 6120
215 216 6120
216 217 6120
217 218 6120
218 219 6120
219 220 6120
220 221 6120
221 222 6120
222 223 6120
223 224 6120
224 225 6120
225 226 6120
226 227 6120
227 228 6120
228 229 6120
229 230 6120
230 231 6120
231 232 6120
232 233 6120
233 234 6120
234 235 6120
235 236 6120
236 237 6120
237 238 6120
238 239 6120
239 240 6120
240 241 6120
241 242 6120
242 243 6120
243 244 6120
244 245 6120
245 246 6120
246 247 6120
247 248 6120
248 249 6120
249 250 6120
250 251 6120
251 252 6120
252 253 6120
253 254 6120
254 255 6120
255 256 6120
256 257 6120
257 258 6120
258 259 6120
259 260 6120
260 261 6120
261 262 6120
262 263 6120
263 264 6120
264 265 6120
265 266 6120
266 267 6120
267 268 6120
268 269 6120
269 270 6120
270 271 6120
271 272 6120
272 273 6120
273 274 6120
274 275 6120
275 276 6120
276 277 6120
277 278 6120
278 279 6120
279 280 6120
280 281 6120
281 282 6120
282 283 6120
283 284 6120
284 285 6120
285 286 6120
286 287 6120
287 288 6120
288 289 6120
289 290 6120
290 291 6120
291 292 6120
292 293 6120
293 294 6120
294 295 6120
295 296 6120
296 297 6120
297 298 6120
298 299 6120
299 300 6120
300 301 6120
301 302 6120
302 303 6120
303 304 6120
304 305 6120
305 306 6120
306 307 6120
307 308 6120
308 309 6120
309 310 6120
310 311 6120
311 312 6120
312 313 6120
313 314 6120
314 315 6120
315 316 6120
316 317 6120
317 318 6120
318 319 6120
319 320 6120
320 321 6120
321 322 6120
322 323 6120
323 324 6120
324 325 6120
325 326 6120
326 327 6120
327 328 6120
328 329 6120
329 330 6120
330 331 6120
331 332 6120
332 333 6120
333 334 6120
334 335 6120
335 336 6120
336 337 6120
337 338 6120
338 339 6120
339 340 6120
340 341 6120
341 342 6120
342 343 6120
343 344 6120
344 345 6120
345 346 6120
346 347 6120
347 348 6120
348 349 6120
349 350 6120
350 351 6120
351 352 6120
352 353 6120
353 354 6120
354 355 6120
355 356 6120
356 357 6120
357 358 6120
358 359 6120
359 360 6120
360 361 6120
361 362 6120
362 363 6120
363 364 6120
364 365 6120
365 366 6120
366 367 6120
367 368 6120
368 369 6120
369 370 6120
370 371 6120
371 372 6120
372 373 6120
373 374 6120
374 375 6120
375 376 6120
376 377 6120
377 378 6120
378 379 6120
379 380 6120
380 381 6120
381 382 6120
382 383 6120
383 384 6120
384 385 6120
385 386 6120
386 387 6120
387 388 6120
388 389 6120
389 390 6120
390 391 6120
391 392 6120
392 393 6120
393 394 6120
394 395 6120
395 396 6120
396 397 6120
397 398 6120
398 399 6120
399 400 6120
400 401 6120
401 402 6120
402 403 6120
403 404 6120
404 405 6120
405 406 6120
406 407 6120
407 408 6120
408 409 6120
409 410 6120
410 411 6120
411 412 6120
412 413 6120
413 414 6120
414 415 6120
415 416 6120
416 417 6120
417 418 6120
418 419 6120
419 420 6120
420 421 6120
421 422 6120
422 423 6120
423 424 6120
424 425 6120
425 426 6120
426 427 6120
427 428 6120
428 429 6120
429 430 6120
430 431 6120
431 432 6120
432 433 6120
433 434 6120
434 435 6120
435 436 6120
436 437 6120
437 438 6120
438 439 6120
439 440 6120
440 441 6120
441 442 6120
442 443 6120
443 444 6120
444 445 6120
445 446 6120
446 447 6120
447 448 6120
448 449 6120
449 450 6120
450 451 6120
451 452 6120
452 453 6120
453 454 6120
454 455 6120
455 456 6120
456 457 6120
457 458 6120
458 459 6120
459 460 6120
460 461 6120
461 462 6120
462 463 6120
463 464 6120
464 465 6120
465 466 6120
466 467 6120
467 468 6120
468 469 6120
469 470 6120
470 471 6120
471 472 6120
472 473 6120
473 474 6120
474 475 6120
475 476 6120
476 477 6120
477 478 6120
478 479 6120
479 480 6120
480 481 6120
481 482 6120
482 483 6120
483 484 6120
484 485 6120
485 486 6120
486 487 6120
487 488 6120
488 489 6120
489 490 6120
490 491 6120
491 492 6120
492 493 6120
493 494 6120
494 495 6120
495 496 6120
496 497 6120
497 498 6120
498 499 6120
499 500 6120
500 501 6120
501 502 6120
502 503 6120
503 504 6120
504 505 6120
505 506 6120
506 507 6120
507 508 6120
508 509 6120
509 510 6120
510 511 6120
511 512 6120
512 513 6120
513 514 6120
514 515 6120
515 516 6120
516 517 6120
517 518 6120
518 519 6120
519 520 6120
520 521 6120
521 522 6120
522 523 6120
523 524 6120
524 525 6120
525 526 6120
526 527 6120
527 528 6120
528 529 6120
529 530 6120
530 531 6120
531 532 6120
532 533 6120
533 534 6120
534 535 6120
535 536 6120
536 537 6120
537 538 6120
538 539 6120
539 540 6120
540 541 6120
541 542 6120
542 543 6120
543 544 6120
544 545 6120
545 546 6120
546 547 6120
547 548 6120
548 549 6120
549 550 6120
550 551 6120
551 552 6120
552 553 6120
553 554 6120
554 555 6120
555 556 6120
556 557 6120
557 558 6120
558 559 6120
559 560 6120
560 561 6120
561 562 6120
562 563 6120
563 564 6120
564 565 6120
565 566 6120
566 567 6120
567 568 6120
568 569 6120
569 570 6120
570 571 6120
571 572 6120
572 573 6120
573 574 6120
574 575 6120
575 576 6120
576 577 6120
577 578 6120
578 579 6120
579 580 6120
580 581 6120
581 582 6120
582 583 6120
583 584 6120
584 585 6120
585 586 6120
586 587 6120
587 588 6120
588 589 6120
589 590 6120
590 591 6120
591 592 6120
592 593 6120
593 594 6120
594 595 6120
595 596 6120
596 597 6120
597 598 6120
598 599 6120
599 600 6120
600 601 6120
601 602 6120
602 603 6120
603 604 6120
604 605 6120
605 606 6120
606 607 6120
607 608 6120
608 609 6120
609 610 6120
610 611 6120
297 393 6120
43 464 6120
67 245 6120
150 331 6120
261 579 6120
0 247 6120
94 520 6120
147 451 6120
148 321 6120
143 363 6120
242 507 6120
113 301 6120
116 323 6120
168 210 6120
2 435 6120
82 477 6120
152 305 6120
19 193 6120
182 215 6120
148 573 6120
260 450 6120
80 234 6120
68 383 6120
185 419 6120
149 513 6120
299 443 6120
25 38 6120
132 574 6120
217 270 6120
223 444 6120
232 286 6120
279 350 6120
154 554 6120
151 347 6120
130 561 6120
269 368 6120
68 501 6120
188 525 6120
160 273 6120
139 584 6120
15 444 6120
87 502 6120
260 533 6120
286 447 6120
26 101 6120
135 513 6120
116 266 6120
114 243 6120
17 336 6120
221 551 6120
110 424 6120
42 306 6120
148 219 6120
136 384 6120
43 85 6120
221 515 6120
28 339 6120
14 325 6120
179 579 6120
221 341 6120
87 161 6120
51 586 6120
60 172 6120
277 329 6120
247 319 6120
230 335 6120
94 503 6120
67 112 6120
44 300 6120
27 314 6120
269 337 6120
134 162 6120
283 522 6120
57 83 6120
284 362 6120
156 346 6120
210 583 6120
211 540 6120
32 81 6120
222 442 6120
180 379 6120
100 461 6120
134 181 6120
115 364 6120
173 468 6120
188 605 6120
180 278 6120
298 547 6120
261 466 6120
129 366 6120
265 608 6120
135 546 6120
250 268 6120
213 415 6120
126 324 6120
217 544 6120
273 307 6120
16 557 6120
188 301 6120
113 397 6120
197 302 6120
282 323 6120
86 320 6120
64 607 6120
151 483 6120
234 430 6120
231 522 6120
205 207 6120
97 601 6120
229 417 6120
283 505 6120
213 368 6120
153 288 6120
249 438 6120
217 604 6120
231 414 6120
153 556 6120
127 293 6120
159 234 6120
256 436 6120
180 472 6120
208 488 6120
52 126 6120
76 336 6120
72 511 6120
90 359 6120
227 438 6120
279 512 6120
162 429 6120
194 480 6120
174 224 6120
145 475 6120
272 560 6120
17 222 6120
103 370 6120
19 32 6120
146 565 6120
224 247 6120
25 366 6120
35 482 6120
168 184 6120
110 291 6120
13 451 6120
208 324 6120
33 91 6120
58 548 6120
298 459 6120
132 408 6120
145 418 6120
261 520 6120
46 461 6120
192 393 6120
264 584 6120
7 331 6120
281 362 6120
111 216 6120
198 396 6120
60 449 6120
205 292 6120
282 569 6120
4 348 6120
99 343 6120
221 244 6120
245 433 6120
195 296 6120
181 236 6120
255 280 6120
37 314 6120
19 67 6120
193 264 6120
48 560 6120
146 163 6120
22 162 6120
228 434 6120
15 483 6120
264 279 6120
186 603 6120
273 359 6120
283 422 6120
118 452 6120
195 511 6120
9 418 6120
251 253 6120
96 579 6120
279 455 6120
22 558 6120
202 585 6120
297 300 6120
224 383 6120
110 591 6120
287 447 6120
175 390 6120
169 528 6120
224 431 6120
199 521 6120
53 290 6120
172 599 6120
24 458 6120
1 383 6120
59 474 6120
232 485 6120
240 406 6120
145 491 6120
160 288 6120
251 260 6120
131 136 6120
73 84 6120
279 572 6120
218 573 6120
222 362 6120
170 240 6120
286 371 6120
43 139 6120
276 367 6120
110 313 6120
62 248 6120
225 449 6120
58 271 6120
189 377 6120
44 61 6120
200 611 6120
152 288 6120
16 180 6120
272 514 6120
207 423 6120
179 194 6120
144 241 6120
142 534 6120
247 469 6120
263 294 6120
258 300 6120
164 378 6120
241 461 6120
42 198 6120
130 251 6120
130 461 6120
298 515 6120
91 384 6120
47 357 6120
103 132 6120
271 397 6120
232 409 6120
88 334 6120
278 294 6120
29 415 6120
135 237 6120
74 581 6120
54 256 6120
123 349 6120
287 574 6120
61 419 6120
244 593 6120
210 475 6120
257 349 6120
153 595 6120
131 604 6120
272 487 6120
257 334 6120
128 208 6120
5 570 6120
222 268 6120
217 491 6120
180 328 6120
114 449 6120
15 579 6120
232 403 6120
27 222 6120
163 515 6120
106 392 6120
5 558 6120
216 538 6120
73 526 6120
27 102 6120
108 202 6120
280 323 6120
291 315 6120
8 126 6120
201 284 6120
150 328 6120
300 483 6120
267 607 6120
295 421 6120
86 604 6120
96 123 6120
164 476 6120
254 597 6120
255 301 6120
211 525 6120
176 529 6120
115 186 6120
31 325 6120
257 359 6120
143 193 6120
129 373 6120
145 489 6120
107 111 6120
148 558 6120
195 573 6120
280 404 6120
58 454 6120
249 402 6120
222 558 6120
68 253 6120
120 320 6120
303 403 6120
196 498 6120
148 596 6120
298 361 6120
207 299 6120
306 374 6120
214 484 6120
71 500 6120
74 90 6120
168 466 6120
1 381 6120
45 284 6120
161 543 6120
305 570 6120
35 188 6120
219 456 6120
224 239 6120
25 582 6120
301 336 6120
215 538 6120
156 254 6120
27 148 6120
94 258 6120
197 238 6120
149 429 6120
187 329 6120
279 512 6120
228 262 6120
149 331 6120
73 522 6120
255 322 6120
175 447 6120
280 550 6120
1 307 6120
123 156 6120
229 515 6120
49 331 6120
41 243 6120
228 498 6120
49 115 6120
167 207 6120
83 145 6120
228 555 6120
25 602 6120
304 322 6120
248 439 6120
177 375 6120
165 180 6120
180 415 6120
124 187 6120
67 453 6120
226 472 6120
102 437 6120
90 525 6120
110 489 6120
248 517 6120
3 503 6120
149 267 6120
50 467 6120
258 349 6120
260 403 6120
225 531 6120
16 93 6120
80 318 6120
173 449 6120
211 313 6120
257 569 6120
111 338 6120
112 365 6120
14 410 6120
165 324 6120
109 251 6120
173 607 6120
272 294 6120
183 434 6120
208 596 6120
252 382 6120
22 32 6120
206 231 6120
76 525 6120
284 291 6120
268 425 6120
83 587 6120
230 324 6120
34 598 6120
45 460 6120
161 475 6120
276 281 6120
75 279 6120
149 260 6120
86 554 6120
276 594 6120
52 465 6120
304 546 6120
275 550 6120
100 435 6120
199 275 6120
131 513 6120
183 513 6120
206 483 6120
275 441 6120
23 223 6120
201 565 6120
154 360 6120
210 464 6120
175 327 6120
163 481 6120
231 515 6120
223 576 6120
51 539 6120
126 361 6120
196 598 6120
63 152 6120
306 411 6120
173 321 6120
255 541 6120
15 128 6120
176 552 6120
61 184 6120
280 414 6120
43 301 6120
264 369 6120
218 259 6120
223 487 6120
247 601 6120
3 425 6120
231 358 6120
50 74 6120
186 458 6120
160 183 6120
58 222 6120
54 554 6120
229 345 6120
82 276 6120
189 418 6120
113 488 6120
60 439 6120
301 414 6120
178 585 6120
213 296 6120
102 454 6120
208 333 6120
257 457 6120
170 410 6120
111 359 6120
221 600 6120
236 541 6120
101 263 6120
40 369 6120
44 561 6120
149 275 6120
32 601 6120
159 568 6120
287 427 6120
176 578 6120
306 406 6120
78 297 6120
172 325 6120
218 290 6120
197 506 6120
213 493 6120
253 466 6120
202 397 6120
59 595 6120
292 504 6120
267 332 6120
79 607 6120
177 606 6120
56 327 6120
215 488 6120
93 334 6120
150 385 6120
156 329 6120
235 465 6120
218 417 6120
62 475 6120
201 281 6120
203 306 6120
9 398 6120
48 573 6120
129 572 6120
280 538 6120
46 581 6120
19 191 6120
169 590 6120
166 210 6120
147 518 6120
271 307 6120
222 246 6120
178 188 6120
287 405 6120
273 491 6120
155 286 6120
164 525 6120
50 218 6120
304 327 6120
266 421 6120
45 186 6120
40 294 6120
221 537 6120
306 376 6120
18 377 6120
160 383 6120
270 391 6120
263 317 6120
295 526 6120
217 362 6120
225 363 6120
41 319 6120
77 493 6120
128 408 6120
205 482 6120
90 159 6120
244 583 6120
54 589 6120
46 292 6120
258 596 6120
183 332 6120
138 459 6120
163 322 6120
290 319 6120
80 337 6120
210 598 6120
21 188 6120
260 389 6120
304 515 6120
47 456 6120
152 366 6120
130 275 6120
90 535 6120
283 530 6120
299 324 6120
259 263 6120
220 272 6120
16 178 6120
96 250 6120
182 276 6120
119 122 6120
165 260 6120
89 608 6120
296 457 6120
104 517 6120
132 136 6120
282 441 6120
88 587 6120
176 537 6120
189 328 6120
85 238 6120
60 141 6120
239 581 6120
237 426 6120
132 208 6120
134 299 6120
228 553 6120
174 570 6120
44 428 6120
4 53 6120
200 299 6120
258 562 6120
71 401 6120
272 611 6120
233 548 6120
217 308 6120
3 524 6120
234 491 6120
198 348 6120
278 347 6120
45 320 6120
166 455 6120
175 533 6120
66 345 6120
283 461 6120
178 510 6120
160 195 6120
51 250 6120
219 223 6120
228 290 6120
159 463 6120
246 581 6120
168 524 6120
250 361 6120
296 474 6120
97 150 6120
239 321 6120
184 310 6120
302 491 6120
57 545 6120
15 513 6120
191 354 6120
264 540 6120
159 609 6120
196 456 6120
127 561 6120
89 296 6120
21 162 6120
88 155 6120
88 246 6120
56 266 6120
19 134 6120
28 293 6120
204 308 6120
17 213 6120
34 173 6120
198 258 6120
12 291 6120
