0 1 6160
1 2 6160
2 3 6160
3 4 6160
4 5 6160
5 6 6160
6 7 6160
7 8 6160
8 9 6160
9 10 6160
10 11 6160
11 12 6160
12 13 6160
13 14 6160
14 15 6160
15 16 6160
16 17 6160
17 18 6160
18 19 6160
19 20 6160
20 21 6160
21 22 6160
22 23 6160
23 24 6160
24 25 6160
25 26 6160
26 27 6160
27 28 6160
28 29 6160
29 30 6160
30 31 6160
31 32 6160
32 33 6160
33 34 6160
34 35 6160
35 36 6160
36 37 6160
37 38 6160
38 39 6160
39 40 6160
40 41 6160
41 42 6160
42 43 6160
43 44 6160
44 45 6160
45 46 6160
46 47 6160
47 48 6160
48 49 6160
49 50 6160
50 51 6160
51 52 6160
52 53 6160
53 54 6160
54 55 6160
55 56 6160
56 57 6160
57 58 6160
58 59 6160
59 60 6160
60 61 6160
61 62 6160
62 63 6160
63 64 6160
64 65 6160
65 66 6160
66 67 6160
67 68 6160
68 69 6160
69 70 6160
70 71 6160
71 72 6160
72 73 6160
73 74 6160
74 75 6160
75 76 6160
76 77 6160
77 78 6160
78 79 6160
79 80 6160
80 81 6160
81 82 6160
82 83 6160
83 84 6160
84 85 6160
85 86 6160
86 87 6160
87 88 6160
88 89 6160
89 90 6160
90 91 6160
91 92 6160
92 93 6160
93 94 6160
94 95 6160
95 96 6160
96 97 6160
97 98 6160
98 99 6160
99 100 6160
100 101 6160
101 102 6160
102 103 6160
103 104 6160
104 105 6160
105 106 6160
106 107 6160
107 108 6160
108 109 6160
109 110 6160
110 111 6160
111 112 6160
112 113 6160
113 114 6160
114 115 6160
115 116 6160
116 117 6160
117 118 6160
118 119 6160
119 120 6160
120 121 6160
121 122 6160
122 123 6160
123 124 6160
124 125 6160
125 126 6160
126 127 6160
127 128 6160
128 129 6160
129 130 6160
130 131 6160
131 132 6160
132 133 6160
133 134 6160
134 135 6160
135 136 6160
136 137 6160
137 138 6160
138 139 6160
139 140 6160
140 141 6160
141 142 6160
142 143 6160
143 144 6160
144 145 6160
145 146 6160
146 147 6160
147 148 6160
148 149 6160
149 150 6160
150 151 6160
151 152 6160
152 153 6160
153 154 6160
154 155 6160
155 156 6160
156 157 6160
157 158 6160
158 159 6160
159 160 6160
160 161 6160
161 162 6160
162 163 6160
163 164 6160
164 165 6160
165 166 6160
166 167 6160
167 168 6160
168 169 6160
169 170 6160
170 171 6160
171 172 6160
172 173 6160
173 174 6160
174 175 6160
175 176 6160
176 177 6160
177 178 6160
178 179 6160
179 180 6160
180 181 6160
181 182 6160
182 183 6160
183 184 6160
184 185 6160
185 186 6160
186 187 6160
187 188 6160
188 189 6160
189 190 6160
190 191 6160
191 192 6160
192 193 6160
193 194 6160
194 195 6160
195 196 6160
196 197 6160
197 198 6160
198 199 6160
199 200 6160
200 201 6160
201 202 6160
202 203 6160
203 204 6160
204 205 6160
205 206 6160
206 207 6160
207 208 6160
208 209 6160
209 210 6160
210 211 6160
211 212 6160
212 213 6160
213 214 6160
214 215 6160
215 216 6160
216 217 6160
217 218 6160
218 219 6160
219 220 6160
220 221 6160
221 222 6160
222 223 6160
223 224 6160
224 225 6160
225 226 6160
226 227 6160
227 228 6160
228 229 6160
229 230 6160
230 231 6160
231 232 6160
232 233 6160
233 234 6160
234 235 6160
235 236 6160
236 237 6160
237 238 6160
238 239 6160
239 240 6160
240 241 6160
241 242 6160
242 243 6160
243 244 6160
244 245 6160
245 246 6160
246 247 6160
247 248 6160
248 249 6160
249 250 6160
250 251 6160
251 252 6160
252 253 6160
253 254 6160
254 255 6160
255 256 6160
256 257 6160
257 258 6160
258 259 6160
259 260 6160
260 261 6160
261 262 6160
262 263 6160
263 264 6160
264 265 6160
265 266 6160
266 267 6160
267 268 6160
268 269 6160
269 270 6160
270 271 6160
271 272 6160
272 273 6160
273 274 6160
274 275 6160
275 276 6160
276 277 6160
277 278 6160
278 279 6160
279 280 6160
280 281 6160
281 282 6160
282 283 6160
283 284 6160
284 285 6160
285 286 6160
286 287 6160
287 288 6160
288 289 6160
289 290 6160
290 291 6160
291 292 6160
292 293 6160
293 294 6160
294 295 6160
295 296 6160
296 297 6160
297 298 6160
298 299 6160
299 300 6160
300 301 6160
301 302 6160
302 303 6160
303 304 6160
304 305 6160
305 306 6160
306 307 6160
307 308 6160
308 309 6160
309 310 6160
310 311 6160
311 312 6160
312 313 6160
313 314 6160
314 315 6160
315 316 6160
316 317 6160
317 318 6160
318 319 6160
319 320 6160
320 321 6160
321 322 6160
322 323 6160
323 324 6160
324 325 6160
325 326 6160
326 327 6160
327 328 6160
328 329 6160
329 330 6160
330 331 6160
331 332 6160
332 333 6160
333 334 6160
334 335 6160
335 336 6160
336 337 6160
337 338 6160
338 339 6160
339 340 6160
340 341 6160
341 342 6160
342 343 6160
343 344 6160
344 345 6160
345 346 6160
346 347 6160
347 348 6160
348 349 6160
349 350 6160
350 351 6160
351 352 6160
352 353 6160
353 354 6160
354 355 6160
355 356 6160
356 357 6160
357 358 6160
358 359 6160
359 360 6160
360 361 6160
361 362 6160
362 363 6160
363 364 6160
364 365 6160
365 366 6160
366 367 6160
367 368 6160
368 369 6160
369 370 6160
370 371 6160
371 372 6160
372 373 6160
373 374 6160
374 375 6160
375 376 6160
376 377 6160
377 378 6160
378 379 6160
379 380 6160
380 381 6160
381 382 6160
382 383 6160
383 384 6160
384 385 6160
385 386 6160
386 387 6160
387 388 6160
388 389 6160
389 390 6160
390 391 6160
391 392 6160
392 393 6160
393 394 6160
394 395 6160
395 396 6160
396 397 6160
397 398 6160
398 399 6160
399 400 6160
400 401 6160
401 402 6160
402 403 6160
403 404 6160
404 405 6160
405 406 6160
406 407 6160
407 408 6160
408 409 6160
409 410 6160
410 411 6160
411 412 6160
412 413 6160
413 414 6160
414 415 6160
415 416 6160
416 417 6160
417 418 6160
418 419 6160
419 420 6160
420 421 6160
421 422 6160
422 423 6160
423 424 6160
424 425 6160
425 426 6160
426 427 6160
427 428 6160
428 429 6160
429 430 6160
430 431 6160
431 432 6160
432 433 6160
433 434 6160
434 435 6160
435 436 6160
436 437 6160
437 438 6160
438 439 6160
439 440 6160
440 441 6160
441 442 6160
442 443 6160
443 444 6160
444 445 6160
445 446 6160
446 447 6160
447 448 6160
448 449 6160
449 450 6160
450 451 6160
451 452 6160
452 453 6160
453 454 6160
454 455 6160
455 456 6160
456 457 6160
457 458 6160
458 459 6160
459 460 6160
460 461 6160
461 462 6160
462 463 6160
463 464 6160
464 465 6160
465 466 6160
466 467 6160
467 468 6160
468 469 6160
469 470 6160
470 471 6160
471 472 6160
472 473 6160
473 474 6160
474 475 6160
475 476 6160
476 477 6160
477 478 6160
478 479 6160
479 480 6160
480 481 6160
481 482 6160
482 483 6160
483 484 6160
484 485 6160
485 486 6160
486 487 6160
487 488 6160
488 489 6160
489 490 6160
490 491 6160
491 492 6160
492 493 6160
493 494 6160
494 495 6160
495 496 6160
496 497 6160
497 498 6160
498 499 6160
499 500 6160
500 501 6160
501 502 6160
502 503 6160
503 504 6160
504 505 6160
505 506 6160
506 507 6160
507 508 6160
508 509 6160
509 510 6160
510 511 6160
511 512 6160
512 513 6160
513 514 6160
514 515 6160
515 516 6160
516 517 6160
517 518 6160
518 519 6160
519 520 6160
520 521 6160
521 522 6160
522 523 6160
523 524 6160
524 525 6160
525 526 6160
526 527 6160
527 528 6160
528 529 6160
529 530 6160
530 531 6160
531 532 6160
532 533 6160
533 534 6160
534 535 6160
535 536 6160
536 537 6160
537 538 6160
538 539 6160
539 540 6160
540 541 6160
541 542 6160
542 543 6160
543 544 6160
544 545 6160
545 546 6160
546 547 6160
547 548 6160
548 549 6160
549 550 6160
550 551 6160
551 552 6160
552 553 6160
553 554 6160
554 555 6160
555 556 6160
556 557 6160
557 558 6160
558 559 6160
559 560 6160
560 561 6160
561 562 6160
562 563 6160
563 564 6160
564 565 6160
565 566 6160
566 567 6160
567 568 6160
568 569 6160
569 570 6160
570 571 6160
571 572 6160
572 573 6160
573 574 6160
574 575 6160
575 576 6160
576 577 6160
577 578 6160
578 579 6160
579 580 6160
580 581 6160
581 582 6160
582 583 6160
583 584 6160
584 585 6160
585 586 6160
586 587 6160
587 588 6160
588 589 6160
589 590 6160
590 591 6160
591 592 6160
592 593 6160
593 594 6160
594 595 6160
595 596 6160
596 597 6160
597 598 6160
598 599 6160
599 600 6160
600 601 6160
601 602 6160
602 603 6160
603 604 6160
604 605 6160
605 606 6160
606 607 6160
607 608 6160
608 609 6160
609 610 6160
610 611 6160
611 612 6160
612 613 6160
613 614 6160
614 615 6160
246 461 6160
249 313 6160
226 568 6160
17 310 6160
216 497 6160
59 149 6160
237 587 6160
172 515 6160
237 578 6160
204 505 6160
62 155 6160
136 478 6160
102 271 6160
77 220 6160
193 241 6160
39 260 6160
88 366 6160
256 521 6160
246 604 6160
79 289 6160
75 606 6160
180 493 6160
290 543 6160
209 585 6160
240 436 6160
72 317 6160
1 197 6160
274 398 6160
65 566 6160
175 599 6160
202 293 6160
250 327 6160
167 257 6160
103 453 6160
261 470 6160
26 458 6160
189 308 6160
268 273 6160
94 494 6160
79 607 6160
174 279 6160
200 545 6160
88 476 6160
61 208 6160
253 414 6160
250 557 6160
69 305 6160
153 526 6160
89 316 6160
150 169 6160
90 327 6160
30 123 6160
182 333 6160
19 109 6160
193 446 6160
182 524 6160
3 274 6160
223 528 6160
31 599 6160
120 196 6160
184 558 6160
116 140 6160
272 430 6160
30 485 6160
197 585 6160
142 538 6160
225 384 6160
11 504 6160
265 274 6160
55 386 6160
162 191 6160
188 550 6160
206 289 6160
294 332 6160
116 452 6160
143 387 6160
231 319 6160
263 615 6160
63 551 6160
178 404 6160
211 377 6160
251 320 6160
122 475 6160
122 261 6160
40 259 6160
159 328 6160
72 546 6160
175 507 6160
101 559 6160
6 366 6160
141 454 6160
26 614 6160
18 172 6160
153 603 6160
278 470 6160
302 409 6160
279 501 6160
81 334 6160
22 432 6160
155 396 6160
293 606 6160
21 398 6160
233 317 6160
89 485 6160
177 196 6160
198 440 6160
38 471 6160
189 226 6160
119 592 6160
226 392 6160
275 475 6160
196 442 6160
242 534 6160
5 153 6160
263 414 6160
263 392 6160
234 284 6160
113 475 6160
302 433 6160
230 275 6160
125 489 6160
139 537 6160
269 595 6160
116 249 6160
193 571 6160
60 233 6160
49 403 6160
118 451 6160
144 186 6160
192 232 6160
142 396 6160
188 555 6160
53 488 6160
72 609 6160
165 611 6160
14 33 6160
301 429 6160
151 350 6160
17 484 6160
74 541 6160
62 241 6160
94 112 6160
183 499 6160
41 246 6160
50 501 6160
95 259 6160
29 483 6160
213 217 6160
198 213 6160
170 611 6160
225 275 6160
255 491 6160
255 578 6160
293 500 6160
22 347 6160
235 292 6160
43 360 6160
200 424 6160
67 180 6160
232 449 6160
42 356 6160
30 282 6160
233 279 6160
119 578 6160
193 567 6160
84 137 6160
304 570 6160
163 367 6160
242 453 6160
292 411 6160
237 455 6160
115 195 6160
149 400 6160
165 457 6160
290 381 6160
302 580 6160
15 466 6160
120 520 6160
193 420 6160
273 415 6160
65 120 6160
254 430 6160
33 610 6160
57 599 6160
276 451 6160
165 459 6160
297 527 6160
117 161 6160
236 526 6160
53 227 6160
159 203 6160
205 350 6160
165 342 6160
79 225 6160
130 527 6160
168 276 6160
35 490 6160
19 458 6160
18 597 6160
230 507 6160
38 270 6160
217 482 6160
104 132 6160
252 531 6160
155 216 6160
223 611 6160
274 415 6160
241 494 6160
124 243 6160
14 508 6160
87 242 6160
79 500 6160
207 491 6160
102 432 6160
56 580 6160
172 231 6160
305 374 6160
275 550 6160
57 506 6160
300 421 6160
171 223 6160
40 364 6160
207 363 6160
151 224 6160
34 428 6160
259 350 6160
2 274 6160
234 542 6160
165 532 6160
266 288 6160
57 184 6160
210 423 6160
21 155 6160
82 516 6160
221 227 6160
295 359 6160
91 164 6160
53 113 6160
104 436 6160
184 561 6160
216 485 6160
308 471 6160
123 130 6160
195 247 6160
196 398 6160
198 441 6160
175 276 6160
188 596 6160
161 260 6160
230 507 6160
8 335 6160
28 270 6160
266 474 6160
137 208 6160
132 571 6160
7 9 6160
168 444 6160
257 327 6160
122 307 6160
236 398 6160
282 475 6160
111 229 6160
237 481 6160
256 584 6160
250 403 6160
197 600 6160
124 197 6160
18 186 6160
240 542 6160
102 236 6160
153 390 6160
26 367 6160
151 319 6160
132 227 6160
175 242 6160
55 193 6160
265 304 6160
64 410 6160
53 551 6160
203 252 6160
131 435 6160
167 327 6160
146 585 6160
218 553 6160
90 378 6160
98 480 6160
279 375 6160
145 310 6160
69 206 6160
244 342 6160
88 132 6160
131 213 6160
218 338 6160
160 313 6160
107 399 6160
64 459 6160
261 279 6160
230 569 6160
68 524 6160
30 377 6160
5 539 6160
250 258 6160
1 453 6160
200 261 6160
73 198 6160
34 83 6160
22 376 6160
270 558 6160
273 295 6160
196 243 6160
56 604 6160
48 379 6160
161 382 6160
154 198 6160
122 491 6160
222 224 6160
230 502 6160
18 254 6160
271 285 6160
102 545 6160
228 254 6160
12 578 6160
303 311 6160
95 302 6160
266 349 6160
105 434 6160
67 435 6160
259 598 6160
81 525 6160
36 171 6160
74 151 6160
300 349 6160
83 129 6160
63 605 6160
22 185 6160
150 454 6160
280 546 6160
8 581 6160
207 272 6160
179 545 6160
108 531 6160
122 317 6160
293 502 6160
62 398 6160
262 615 6160
286 383 6160
216 255 6160
177 227 6160
231 238 6160
263 597 6160
113 398 6160
208 274 6160
158 236 6160
155 611 6160
87 285 6160
209 546 6160
223 465 6160
202 312 6160
66 127 6160
297 603 6160
216 575 6160
221 421 6160
176 458 6160
127 474 6160
228 340 6160
228 238 6160
247 343 6160
6 602 6160
24 301 6160
53 553 6160
33 139 6160
229 451 6160
91 453 6160
6 408 6160
229 333 6160
11 451 6160
209 599 6160
71 432 6160
253 605 6160
98 445 6160
105 131 6160
9 325 6160
215 529 6160
264 596 6160
66 614 6160
248 314 6160
294 486 6160
259 330 6160
117 382 6160
285 350 6160
219 320 6160
177 591 6160
207 443 6160
160 437 6160
274 414 6160
5 158 6160
89 220 6160
139 305 6160
256 300 6160
168 564 6160
209 466 6160
78 476 6160
166 209 6160
303 412 6160
259 364 6160
177 286 6160
123 361 6160
270 392 6160
128 555 6160
122 287 6160
219 558 6160
15 602 6160
171 489 6160
131 447 6160
256 375 6160
300 333 6160
167 300 6160
134 490 6160
206 239 6160
82 161 6160
181 521 6160
271 542 6160
249 313 6160
116 581 6160
166 398 6160
25 57 6160
259 396 6160
176 240 6160
31 482 6160
131 611 6160
18 610 6160
165 330 6160
123 464 6160
82 281 6160
105 503 6160
304 615 6160
222 598 6160
5 53 6160
168 393 6160
157 500 6160
146 311 6160
245 402 6160
12 606 6160
248 365 6160
56 250 6160
21 572 6160
225 299 6160
7 274 6160
119 331 6160
202 595 6160
47 447 6160
70 313 6160
27 613 6160
181 223 6160
39 281 6160
307 467 6160
186 223 6160
259 315 6160
22 238 6160
22 554 6160
172 404 6160
110 370 6160
298 394 6160
252 402 6160
27 536 6160
208 407 6160
1 251 6160
103 457 6160
120 540 6160
217 529 6160
275 308 6160
298 364 6160
220 243 6160
126 598 6160
168 473 6160
274 347 6160
251 285 6160
135 583 6160
227 614 6160
134 232 6160
138 486 6160
127 201 6160
70 229 6160
205 258 6160
63 462 6160
307 400 6160
189 389 6160
10 514 6160
7 79 6160
235 414 6160
137 585 6160
303 555 6160
207 529 6160
207 288 6160
35 156 6160
85 214 6160
74 559 6160
233 386 6160
231 367 6160
214 304 6160
97 608 6160
284 369 6160
109 369 6160
155 387 6160
185 368 6160
265 550 6160
45 136 6160
272 404 6160
260 434 6160
305 310 6160
250 430 6160
261 316 6160
59 287 6160
68 591 6160
70 584 6160
56 431 6160
184 304 6160
277 395 6160
259 334 6160
76 103 6160
212 585 6160
277 331 6160
218 533 6160
248 459 6160
243 537 6160
288 448 6160
178 287 6160
18 193 6160
11 39 6160
157 536 6160
175 194 6160
229 279 6160
143 499 6160
188 594 6160
66 253 6160
276 421 6160
166 362 6160
259 459 6160
305 366 6160
48 73 6160
148 445 6160
20 208 6160
69 296 6160
162 312 6160
97 479 6160
304 528 6160
280 348 6160
32 525 6160
57 388 6160
213 304 6160
78 252 6160
1 615 6160
261 568 6160
285 600 6160
248 540 6160
14 122 6160
26 263 6160
103 523 6160
252 322 6160
240 381 6160
274 471 6160
51 216 6160
280 520 6160
278 569 6160
205 529 6160
63 151 6160
163 532 6160
107 422 6160
232 604 6160
52 140 6160
0 319 6160
192 370 6160
208 406 6160
102 460 6160
292 570 6160
161 531 6160
154 506 6160
264 583 6160
79 490 6160
15 584 6160
290 501 6160
89 256 6160
162 552 6160
229 496 6160
114 303 6160
271 449 6160
7 491 6160
152 249 6160
188 391 6160
3 263 6160
95 469 6160
54 259 6160
133 137 6160
154 184 6160
292 483 6160
87 98 6160
201 537 6160
81 457 6160
54 79 6160
295 426 6160
197 331 6160
53 110 6160
1 309 6160
138 254 6160
29 50 6160
274 536 6160
103 614 6160
117 313 6160
233 528 6160
224 263 6160
59 294 6160
2 259 6160
