0 1 6200
1 2 6200
2 3 6200
3 4 6200
4 5 6200
5 6 6200
6 7 6200
7 8 6200
8 9 6200
9 10 6200
10 11 6200
11 12 6200
12 13 6200
13 14 6200
14 15 6200
15 16 6200
16 17 6200
17 18 6200
18 19 6200
19 20 6200
20 21 6200
21 22 6200
22 23 6200
23 24 6200
24 25 6200
25 26 6200
26 27 6200
27 28 6200
28 29 6200
29 30 6200
30 31 6200
31 32 6200
32 33 6200
33 34 6200
34 35 6200
35 36 6200
36 37 6200
37 38 6200
38 39 6200
39 40 6200
40 41 6200
41 42 6200
42 43 6200
43 44 6200
44 45 6200
45 46 6200
46 47 6200
47 48 6200
48 49 6200
49 50 6200
50 51 6200
51 52 6200
52 53 6200
53 54 6200
54 55 6200
55 56 6200
56 57 6200
57 58 6200
58 59 6200
59 60 6200
60 61 6200
61 62 6200
62 63 6200
63 64 6200
64 65 6200
65 66 6200
66 67 6200
67 68 6200
68 69 6200
69 70 6200
70 71 6200
71 72 6200
72 73 6200
73 74 6200
74 75 6200
75 76 6200
76 77 6200
77 78 6200
78 79 6200
79 80 6200
80 81 6200
81 82 6200
82 83 6200
83 84 6200
84 85 6200
85 86 6200
86 87 6200
87 88 6200
88 89 6200
89 90 6200
90 91 6200
91 92 6200
92 93 6200
93 94 6200
94 95 6200
95 96 6200
96 97 6200
97 98 6200
98 99 6200
99 100 6200
100 101 6200
101 102 6200
102 103 6200
103 104 6200
104 105 6200
105 106 6200
106 107 6200
107 108 6200
108 109 6200
109 110 6200
110 111 6200
111 112 6200
112 113 6200
113 114 6200
114 115 6200
115 116 6200
116 117 6200
117 118 6200
118 119 6200
119 120 6200
120 121 6200
121 122 6200
122 123 6200
123 124 6200
124 125 6200
125 126 6200
126 127 6200
127 128 6200
128 129 6200
129 130 6200
130 131 6200
131 132 6200
132 133 6200
133 134 6200
134 135 6200
135 136 6200
136 137 6200
137 138 6200
138 139 6200
139 140 6200
140 141 6200
141 142 6200
142 143 6200
143 144 6200
144 145 6200
145 146 6200
146 147 6200
147 148 6200
148 149 6200
149 150 6200
150 151 6200
151 152 6200
152 153 6200
153 154 6200
154 155 6200
155 156 6200
156 157 6200
157 158 6200
158 159 6200
159 160 6200
160 161 6200
161 162 6200
162 163 6200
163 164 6200
164 165 6200
165 166 6200
166 167 6200
167 168 6200
168 169 6200
169 170 6200
170 171 6200
171 172 6200
172 173 6200
173 174 6200
174 175 6200
175 176 6200
176 177 6200
177 178 6200
178 179 6200
179 180 6200
180 181 6200
181 182 6200
182 183 6200
183 184 6200
184 185 6200
185 186 6200
186 187 6200
187 188 6200
188 189 6200
189 190 6200
190 191 6200
191 192 6200
192 193 6200
193 194 6200
194 195 6200
195 196 6200
196 197 6200
197 198 6200
198 199 6200
199 200 6200
200 201 6200
201 202 6200
202 203 6200
203 204 6200
204 205 6200
205 206 6200
206 207 6200
207 208 6200
208 209 6200
209 210 6200
210 211 6200
211 212 6200
212 213 6200
213 214 6200
214 215 6200
215 216 6200
216 217 6200
217 218 6200
218 219 6200
219 220 6200
220 221 6200
221 222 6200
222 223 6200
223 224 6200
224 225 6200
225 226 6200
226 227 6200
227 228 6200
228 229 6200
229 230 6200
230 231 6200
231 232 6200
232 233 6200
233 234 6200
234 235 6200
235 236 6200
236 237 6200
237 238 6200
238 239 6200
239 240 6200
240 241 6200
241 242 6200
242 243 6200
243 244 6200
244 245 6200
245 246 6200
246 247 6200
247 248 6200
248 249 6200
249 250 6200
250 251 6200
251 252 6200
252 253 6200
253 254 6200
254 255 6200
255 256 6200
256 257 6200
257 258 6200
258 259 6200
259 260 6200
260 261 6200
261 262 6200
262 263 6200
263 264 6200
264 265 6200
265 266 6200
266 267 6200
267 268 6200
268 269 6200
269 270 6200
270 271 6200
271 272 6200
272 273 6200
273 274 6200
274 275 6200
275 276 6200
276 277 6200
277 278 6200
278 279 6200
279 280 6200
280 281 6200
281 282 6200
282 283 6200
283 284 6200
284 285 6200
285 286 6200
286 287 6200
287 288 6200
288 289 6200
289 290 6200
290 291 6200
291 292 6200
292 293 6200
293 294 6200
294 295 6200
295 296 6200
296 297 6200
297 298 6200
298 299 6200
299 300 6200
300 301 6200
301 302 6200
302 303 6200
303 304 6200
304 305 6200
305 306 6200
306 307 6200
307 308 6200
308 309 6200
309 310 6200
310 311 6200
311 312 6200
312 313 6200
313 314 6200
314 315 6200
315 316 6200
316 317 6200
317 318 6200
318 319 6200
319 320 6200
320 321 6200
321 322 6200
322 323 6200
323 324 6200
324 325 6200
325 326 6200
326 327 6200
327 328 6200
328 329 6200
329 330 6200
330 331 6200
331 332 6200
332 333 6200
333 334 6200
334 335 6200
335 336 6200
336 337 6200
337 338 6200
338 339 6200
339 340 6200
340 341 6200
341 342 6200
342 343 6200
343 344 6200
344 345 6200
345 346 6200
346 347 6200
347 348 6200
348 349 6200
349 350 6200
350 351 6200
351 352 6200
352 353 6200
353 354 6200
354 355 6200
355 356 6200
356 357 6200
357 358 6200
358 359 6200
359 360 6200
360 361 6200
361 362 6200
362 363 6200
363 364 6200
364 365 6200
365 366 6200
366 367 6200
367 368 6200
368 369 6200
369 370 6200
370 371 6200
371 372 6200
372 373 6200
373 374 6200
374 375 6200
375 376 6200
376 377 6200
377 378 6200
378 379 6200
379 380 6200
380 381 6200
381 382 6200
382 383 6200
383 384 6200
384 385 6200
385 386 6200
386 387 6200
387 388 6200
388 389 6200
389 390 6200
390 391 6200
391 392 6200
392 393 6200
393 394 6200
394 395 6200
395 396 6200
396 397 6200
397 398 6200
398 399 6200
399 400 6200
400 401 6200
401 402 6200
402 403 6200
403 404 6200
404 405 6200
405 406 6200
406 407 6200
407 408 6200
408 409 6200
409 410 6200
410 411 6200
411 412 6200
412 413 6200
413 414 6200
414 415 6200
415 416 6200
416 417 6200
417 418 6200
418 419 6200
419 420 6200
420 421 6200
421 422 6200
422 423 6200
423 424 6200
424 425 6200
425 426 6200
426 427 6200
427 428 6200
428 429 6200
429 430 6200
430 431 6200
431 432 6200
432 433 6200
433 434 6200
434 435 6200
435 436 6200
436 437 6200
437 438 6200
438 439 6200
439 440 6200
440 441 6200
441 442 6200
442 443 6200
443 444 6200
444 445 6200
445 446 6200
446 447 6200
447 448 6200
448 449 6200
449 450 6200
450 451 6200
451 452 6200
452 453 6200
453 454 6200
454 455 6200
455 456 6200
456 457 6200
457 458 6200
458 459 6200
459 460 6200
460 461 6200
461 462 6200
462 463 6200
463 464 6200
464 465 6200
465 466 6200
466 467 6200
467 468 6200
468 469 6200
469 470 6200
470 471 6200
471 472 6200
472 473 6200
473 474 6200
474 475 6200
475 476 6200
476 477 6200
477 478 6200
478 479 6200
479 480 6200
480 481 6200
481 482 6200
482 483 6200
483 484 6200
484 485 6200
485 486 6200
486 487 6200
487 488 6200
488 489 6200
489 490 6200
490 491 6200
491 492 6200
492 493 6200
493 494 6200
494 495 6200
495 496 6200
496 497 6200
497 498 6200
498 499 6200
499 500 6200
500 501 6200
501 502 6200
502 503 6200
503 504 6200
504 505 6200
505 506 6200
506 507 6200
507 508 6200
508 509 6200
509 510 6200
510 511 6200
511 512 6200
512 513 6200
513 514 6200
514 515 6200
515 516 6200
516 517 6200
517 518 6200
518 519 6200
519 520 6200
520 521 6200
521 522 6200
522 523 6200
523 524 6200
524 525 6200
525 526 6200
526 527 6200
527 528 6200
528 529 6200
529 530 6200
530 531 6200
531 532 6200
532 533 6200
533 534 6200
534 535 6200
535 536 6200
536 537 6200
537 538 6200
538 539 6200
539 540 6200
540 541 6200
541 542 6200
542 543 6200
543 544 6200
544 545 6200
545 546 6200
546 547 6200
547 548 6200
548 549 6200
549 550 6200
550 551 6200
551 552 6200
552 553 6200
553 554 6200
554 555 6200
555 556 6200
556 557 6200
557 558 6200
558 559 6200
559 560 6200
560 561 6200
561 562 6200
562 563 6200
563 564 6200
564 565 6200
565 566 6200
566 567 6200
567 568 6200
568 569 6200
569 570 6200
570 571 6200
571 572 6200
572 573 6200
573 574 6200
574 575 6200
575 576 6200
576 577 6200
577 578 6200
578 579 6200
579 580 6200
580 581 6200
581 582 6200
582 583 6200
583 584 6200
584 585 6200
585 586 6200
586 587 6200
587 588 6200
588 589 6200
589 590 6200
590 591 6200
591 592 6200
592 593 6200
593 594 6200
594 595 6200
595 596 6200
596 597 6200
597 598 6200
598 599 6200
599 600 6200
600 601 6200
601 602 6200
602 603 6200
603 604 6200
604 605 6200
605 606 6200
606 607 6200
607 608 6200
608 609 6200
609 610 6200
610 611 6200
611 612 6200
612 613 6200
613 614 6200
614 615 6200
615 616 6200
616 617 6200
617 618 6200
618 619 6200
264 604 6200
210 360 6200
278 488 6200
18 576 6200
13 330 6200
19 488 6200
180 321 6200
267 499 6200
61 618 6200
50 420 6200
81 216 6200
211 345 6200
137 253 6200
88 205 6200
142 447 6200
236 445 6200
286 575 6200
272 433 6200
180 275 6200
60 294 6200
210 587 6200
289 345 6200
257 619 6200
132 611 6200
235 274 6200
16 525 6200
227 437 6200
207 583 6200
308 378 6200
148 587 6200
209 591 6200
274 613 6200
212 435 6200
190 232 6200
55 293 6200
221 248 6200
278 365 6200
243 398 6200
7 155 6200
265 346 6200
210 283 6200
136 330 6200
277 469 6200
269 429 6200
65 546 6200
44 71 6200
122 195 6200
117 406 6200
139 557 6200
104 549 6200
267 361 6200
272 603 6200
277 336 6200
88 343 6200
198 452 6200
63 523 6200
101 598 6200
300 454 6200
255 444 6200
244 267 6200
95 299 6200
165 472 6200
291 483 6200
33 91 6200
212 577 6200
121 448 6200
57 356 6200
93 554 6200
148 267 6200
174 182 6200
85 254 6200
36 319 6200
86 543 6200
20 23 6200
9 114 6200
138 346 6200
57 304 6200
283 516 6200
261 495 6200
124 335 6200
25 571 6200
91 139 6200
49 547 6200
292 342 6200
128 225 6200
180 329 6200
302 567 6200
12 106 6200
86 449 6200
67 146 6200
216 271 6200
41 287 6200
75 114 6200
237 280 6200
200 391 6200
2 437 6200
270 302 6200
100 524 6200
281 506 6200
0 138 6200
64 202 6200
269 536 6200
114 504 6200
91 589 6200
61 453 6200
263 389 6200
233 603 6200
212 565 6200
237 437 6200
169 282 6200
245 303 6200
59 555 6200
129 278 6200
107 521 6200
261 549 6200
29 39 6200
172 336 6200
310 502 6200
193 430 6200
129 314 6200
277 301 6200
174 353 6200
105 538 6200
152 429 6200
281 302 6200
190 274 6200
97 526 6200
1 167 6200
296 567 6200
134 599 6200
17 413 6200
169 602 6200
14 63 6200
115 167 6200
119 545 6200
72 112 6200
206 488 6200
133 374 6200
30 501 6200
309 504 6200
241 505 6200
307 334 6200
190 406 6200
247 278 6200
290 450 6200
110 425 6200
67 343 6200
91 273 6200
148 235 6200
97 542 6200
10 143 6200
142 302 6200
293 299 6200
48 484 6200
241 357 6200
231 338 6200
21 321 6200
76 613 6200
80 555 6200
282 552 6200
161 390 6200
30 193 6200
175 612 6200
225 358 6200
248 513 6200
161 577 6200
83 178 6200
71 449 6200
71 116 6200
21 379 6200
150 459 6200
83 562 6200
125 175 6200
81 479 6200
220 274 6200
181 257 6200
267 278 6200
207 254 6200
75 590 6200
19 357 6200
99 378 6200
56 547 6200
261 594 6200
60 504 6200
301 327 6200
42 532 6200
180 324 6200
127 370 6200
128 538 6200
72 159 6200
275 462 6200
165 539 6200
96 187 6200
108 354 6200
137 570 6200
3 263 6200
34 365 6200
202 411 6200
198 293 6200
69 524 6200
104 219 6200
301 517 6200
285 299 6200
138 511 6200
265 464 6200
249 440 6200
188 219 6200
23 152 6200
115 447 6200
307 419 6200
89 573 6200
161 439 6200
203 270 6200
255 267 6200
241 475 6200
259 528 6200
113 494 6200
290 432 6200
13 62 6200
114 424 6200
221 556 6200
138 321 6200
270 443 6200
18 339 6200
224 608 6200
308 549 6200
173 494 6200
253 490 6200
168 424 6200
200 510 6200
196 515 6200
310 340 6200
308 348 6200
126 318 6200
7 17 6200
79 589 6200
267 543 6200
159 565 6200
16 463 6200
68 392 6200
249 582 6200
120 203 6200
285 588 6200
208 368 6200
272 424 6200
262 315 6200
141 586 6200
8 445 6200
202 511 6200
149 269 6200
213 406 6200
133 501 6200
208 217 6200
288 563 6200
118 120 6200
148 255 6200
71 275 6200
301 308 6200
107 298 6200
112 184 6200
188 557 6200
190 269 6200
20 420 6200
299 527 6200
112 235 6200
46 427 6200
159 370 6200
278 523 6200
166 233 6200
242 605 6200
133 359 6200
70 587 6200
253 593 6200
245 346 6200
133 377 6200
154 362 6200
287 363 6200
88 334 6200
257 405 6200
260 282 6200
256 412 6200
69 546 6200
28 371 6200
64 70 6200
10 602 6200
56 362 6200
265 330 6200
54 238 6200
177 235 6200
110 473 6200
267 445 6200
165 447 6200
151 160 6200
210 220 6200
281 541 6200
309 411 6200
93 274 6200
271 310 6200
302 352 6200
283 453 6200
34 63 6200
179 492 6200
171 508 6200
211 355 6200
67 347 6200
0 156 6200
29 277 6200
144 273 6200
121 420 6200
295 551 6200
88 557 6200
138 252 6200
46 399 6200
60 475 6200
302 599 6200
118 174 6200
92 509 6200
68 116 6200
23 224 6200
74 536 6200
72 320 6200
184 260 6200
276 284 6200
16 474 6200
10 386 6200
252 374 6200
71 116 6200
214 609 6200
184 232 6200
295 480 6200
114 341 6200
152 355 6200
289 444 6200
237 479 6200
208 495 6200
119 472 6200
95 475 6200
98 122 6200
270 602 6200
151 387 6200
181 350 6200
25 532 6200
225 334 6200
76 92 6200
202 421 6200
115 509 6200
229 374 6200
107 571 6200
289 591 6200
67 252 6200
248 405 6200
118 465 6200
142 558 6200
204 449 6200
163 194 6200
140 160 6200
16 278 6200
168 268 6200
99 522 6200
216 389 6200
240 332 6200
150 161 6200
31 504 6200
64 228 6200
107 236 6200
151 294 6200
139 350 6200
282 587 6200
124 148 6200
38 89 6200
241 428 6200
85 560 6200
54 281 6200
261 553 6200
117 228 6200
75 618 6200
121 367 6200
200 582 6200
292 527 6200
121 577 6200
149 403 6200
170 597 6200
33 594 6200
87 280 6200
49 596 6200
141 423 6200
192 613 6200
195 450 6200
195 602 6200
286 350 6200
147 385 6200
100 524 6200
221 475 6200
199 549 6200
56 475 6200
302 411 6200
228 613 6200
69 374 6200
139 610 6200
248 591 6200
206 235 6200
308 602 6200
195 374 6200
219 431 6200
209 294 6200
158 445 6200
149 361 6200
281 562 6200
194 349 6200
152 383 6200
93 365 6200
63 492 6200
63 323 6200
234 532 6200
152 411 6200
155 379 6200
259 466 6200
288 454 6200
181 196 6200
124 598 6200
125 343 6200
182 440 6200
272 543 6200
73 197 6200
5 130 6200
180 201 6200
228 284 6200
205 609 6200
148 491 6200
18 31 6200
82 230 6200
96 355 6200
46 393 6200
263 456 6200
93 383 6200
100 457 6200
159 195 6200
45 605 6200
56 319 6200
197 203 6200
298 462 6200
177 406 6200
43 501 6200
33 464 6200
85 472 6200
241 583 6200
35 327 6200
54 280 6200
260 284 6200
71 546 6200
116 283 6200
142 409 6200
190 316 6200
90 563 6200
248 569 6200
144 202 6200
215 556 6200
78 132 6200
228 394 6200
153 268 6200
70 227 6200
214 496 6200
34 369 6200
271 442 6200
48 246 6200
153 482 6200
210 512 6200
158 180 6200
115 231 6200
162 600 6200
197 538 6200
159 374 6200
93 345 6200
80 343 6200
194 581 6200
76 322 6200
0 254 6200
45 404 6200
41 119 6200
173 450 6200
112 181 6200
214 476 6200
113 431 6200
12 281 6200
234 389 6200
136 392 6200
151 382 6200
200 331 6200
281 458 6200
211 460 6200
294 316 6200
140 475 6200
207 276 6200
273 472 6200
214 298 6200
307 536 6200
18 40 6200
103 276 6200
128 419 6200
56 125 6200
143 582 6200
23 559 6200
164 484 6200
230 312 6200
77 615 6200
95 159 6200
256 443 6200
20 231 6200
50 238 6200
114 170 6200
250 331 6200
80 579 6200
159 466 6200
34 95 6200
205 268 6200
187 306 6200
90 215 6200
230 271 6200
62 429 6200
221 530 6200
225 360 6200
121 541 6200
175 475 6200
57 586 6200
98 582 6200
144 198 6200
65 239 6200
264 266 6200
242 246 6200
37 524 6200
10 436 6200
209 572 6200
265 459 6200
154 307 6200
52 224 6200
78 207 6200
260 401 6200
307 423 6200
238 414 6200
239 365 6200
79 160 6200
205 562 6200
135 588 6200
292 544 6200
136 431 6200
267 393 6200
221 406 6200
292 352 6200
169 483 6200
79 572 6200
286 367 6200
137 171 6200
55 498 6200
193 319 6200
288 475 6200
129 392 6200
171 230 6200
105 416 6200
59 181 6200
189 332 6200
49 489 6200
222 416 6200
209 487 6200
189 463 6200
43 415 6200
138 468 6200
152 472 6200
162 387 6200
241 404 6200
35 210 6200
306 483 6200
167 382 6200
15 271 6200
160 340 6200
142 243 6200
294 349 6200
185 413 6200
148 170 6200
96 552 6200
185 534 6200
309 422 6200
10 57 6200
132 287 6200
178 380 6200
277 459 6200
26 52 6200
295 601 6200
5 603 6200
102 591 6200
98 334 6200
19 394 6200
58 544 6200
108 437 6200
251 446 6200
295 568 6200
196 290 6200
207 383 6200
130 490 6200
2 201 6200
143 569 6200
304 335 6200
34 192 6200
38 478 6200
92 598 6200
27 447 6200
150 604 6200
78 529 6200
183 493 6200
31 236 6200
140 355 6200
238 393 6200
225 292 6200
276 278 6200
141 492 6200
286 304 6200
76 95 6200
139 222 6200
138 572 6200
178 203 6200
