0 1 6240
1 2 6240
2 3 6240
3 4 6240
4 5 6240
5 6 6240
6 7 6240
7 8 6240
8 9 6240
9 10 6240
10 11 6240
11 12 6240
12 13 6240
13 14 6240
14 15 6240
15 16 6240
16 17 6240
17 18 6240
18 19 6240
19 20 6240
20 21 6240
21 22 6240
22 23 6240
23 24 6240
24 25 6240
25 26 6240
26 27 6240
27 28 6240
28 29 6240
29 30 6240
30 31 6240
31 32 6240
32 33 6240
33 34 6240
34 35 6240
35 36 6240
36 37 6240
37 38 6240
38 39 6240
39 40 6240
40 41 6240
41 42 6240
42 43 6240
43 44 6240
44 45 6240
45 46 6240
46 47 6240
47 48 6240
48 49 6240
49 50 6240
50 51 6240
51 52 6240
52 53 6240
53 54 6240
54 55 6240
55 56 6240
56 57 6240
57 58 6240
58 59 6240
59 60 6240
60 61 6240
61 62 6240
62 63 6240
63 64 6240
64 65 6240
65 66 6240
66 67 6240
67 68 6240
68 69 6240
69 70 6240
70 71 6240
71 72 6240
72 73 6240
73 74 6240
74 75 6240
75 76 6240
76 77 6240
77 78 6240
78 79 6240
79 80 6240
80 81 6240
81 82 6240
82 83 6240
83 84 6240
84 85 6240
85 86 6240
86 87 6240
87 88 6240
88 89 6240
89 90 6240
90 91 6240
91 92 6240
92 93 6240
93 94 6240
94 95 6240
95 96 6240
96 97 6240
97 98 6240
98 99 6240
99 100 6240
100 101 6240
101 102 6240
102 103 6240
103 104 6240
104 105 6240
105 106 6240
106 107 6240
107 108 6240
108 109 6240
109 110 6240
110 111 6240
111 112 6240
112 113 6240
113 114 6240
114 115 6240
115 116 6240
116 117 6240
117 118 6240
118 119 6240
119 120 6240
120 121 6240
121 122 6240
122 123 6240
123 124 6240
124 125 6240
125 126 6240
126 127 6240
127 128 6240
128 129 6240
129 130 6240
130 131 6240
131 132 6240
132 133 6240
133 134 6240
134 135 6240
135 136 6240
136 137 6240
137 138 6240
138 139 6240
139 140 6240
140 141 6240
141 142 6240
142 143 6240
143 144 6240
144 145 6240
145 146 6240
146 147 6240
147 148 6240
148 149 6240
149 150 6240
150 151 6240
151 152 6240
152 153 6240
153 154 6240
154 155 6240
155 156 6240
156 157 6240
157 158 6240
158 159 6240
159 160 6240
160 161 6240
161 162 6240
162 163 6240
163 164 6240
164 165 6240
165 166 6240
166 167 6240
167 168 6240
168 169 6240
169 170 6240
170 171 6240
171 172 6240
172 173 6240
173 174 6240
174 175 6240
175 176 6240
176 177 6240
177 178 6240
178 179 6240
179 180 6240
180 181 6240
181 182 6240
182 183 6240
183 184 6240
184 185 6240
185 186 6240
186 187 6240
187 188 6240
188 189 6240
189 190 6240
190 191 6240
191 192 6240
192 193 6240
193 194 6240
194 195 6240
195 196 6240
196 197 6240
197 198 6240
198 199 6240
199 200 6240
200 201 6240
201 202 6240
202 203 6240
203 204 6240
204 205 6240
205 206 6240
206 207 6240
207 208 6240
208 209 6240
209 210 6240
210 211 6240
211 212 6240
212 213 6240
213 214 6240
214 215 6240
215 216 6240
216 217 6240
217 218 6240
218 219 6240
219 220 6240
220 221 6240
221 222 6240
222 223 6240
223 224 6240
224 225 6240
225 226 6240
226 227 6240
227 228 6240
228 229 6240
229 230 6240
230 231 6240
231 232 6240
232 233 6240
233 234 6240
234 235 6240
235 236 6240
236 237 6240
237 238 6240
238 239 6240
239 240 6240
240 241 6240
241 242 6240
242 243 6240
243 244 6240
244 245 6240
245 246 6240
246 247 6240
247 248 6240
248 249 6240
249 250 6240
250 251 6240
251 252 6240
252 253 6240
253 254 6240
254 255 6240
255 256 6240
256 257 6240
257 258 6240
258 259 6240
259 260 6240
260 261 6240
261 262 6240
262 263 6240
263 264 6240
264 265 6240
265 266 6240
266 267 6240
267 268 6240
268 269 6240
269 270 6240
270 271 6240
271 272 6240
272 273 6240
273 274 6240
274 275 6240
275 276 6240
276 277 6240
277 278 6240
278 279 6240
279 280 6240
280 281 6240
281 282 6240
282 283 6240
283 284 6240
284 285 6240
285 286 6240
286 287 6240
287 288 6240
288 289 6240
289 290 6240
290 291 6240
291 292 6240
292 293 6240
293 294 6240
294 295 6240
295 296 6240
296 297 6240
297 298 6240
298 299 6240
299 300 6240
300 301 6240
301 302 6240
302 303 6240
303 304 6240
304 305 6240
305 306 6240
306 307 6240
307 308 6240
308 309 6240
309 310 6240
310 311 6240
311 312 6240
312 313 6240
313 314 6240
314 315 6240
315 316 6240
316 317 6240
317 318 6240
318 319 6240
319 320 6240
320 321 6240
321 322 6240
322 323 6240
323 324 6240
324 325 6240
325 326 6240
326 327 6240
327 328 6240
328 329 6240
329 330 6240
330 331 6240
331 332 6240
332 333 6240
333 334 6240
334 335 6240
335 336 6240
336 337 6240
337 338 6240
338 339 6240
339 340 6240
340 341 6240
341 342 6240
342 343 6240
343 344 6240
344 345 6240
345 346 6240
346 347 6240
347 348 6240
348 349 6240
349 350 6240
350 351 6240
351 352 6240
352 353 6240
353 354 6240
354 355 6240
355 356 6240
356 357 6240
357 358 6240
358 359 6240
359 360 6240
360 361 6240
361 362 6240
362 363 6240
363 364 6240
364 365 6240
365 366 6240
366 367 6240
367 368 6240
368 369 6240
369 370 6240
370 371 6240
371 372 6240
372 373 6240
373 374 6240
374 375 6240
375 376 6240
376 377 6240
377 378 6240
378 379 6240
379 380 6240
380 381 6240
381 382 6240
382 383 6240
383 384 6240
384 385 6240
385 386 6240
386 387 6240
387 388 6240
388 389 6240
389 390 6240
390 391 6240
391 392 6240
392 393 6240
393 394 6240
394 395 6240
395 396 6240
396 397 6240
397 398 6240
398 399 6240
399 400 6240
400 401 6240
401 402 6240
402 403 6240
403 404 6240
404 405 6240
405 406 6240
406 407 6240
407 408 6240
408 409 6240
409 410 6240
410 411 6240
411 412 6240
412 413 6240
413 414 6240
414 415 6240
415 416 6240
416 417 6240
417 418 6240
418 419 6240
419 420 6240
420 421 6240
421 422 6240
422 423 6240
423 424 6240
424 425 6240
425 426 6240
426 427 6240
427 428 6240
428 429 6240
429 430 6240
430 431 6240
431 432 6240
432 433 6240
433 434 6240
434 435 6240
435 436 6240
436 437 6240
437 438 6240
438 439 6240
439 440 6240
440 441 6240
441 442 6240
442 443 6240
443 444 6240
444 445 6240
445 446 6240
446 447 6240
447 448 6240
448 449 6240
449 450 6240
450 451 6240
451 452 6240
452 453 6240
453 454 6240
454 455 6240
455 456 6240
456 457 6240
457 458 6240
458 459 6240
459 460 6240
460 461 6240
461 462 6240
462 463 6240
463 464 6240
464 465 6240
465 466 6240
466 467 6240
467 468 6240
468 469 6240
469 470 6240
470 471 6240
471 472 6240
472 473 6240
473 474 6240
474 475 6240
475 476 6240
476 477 6240
477 478 6240
478 479 6240
479 480 6240
480 481 6240
481 482 6240
482 483 6240
483 484 6240
484 485 6240
485 486 6240
486 487 6240
487 488 6240
488 489 6240
489 490 6240
490 491 6240
491 492 6240
492 493 6240
493 494 6240
494 495 6240
495 496 6240
496 497 6240
497 498 6240
498 499 6240
499 500 6240
500 501 6240
501 502 6240
502 503 6240
503 504 6240
504 505 6240
505 506 6240
506 507 6240
507 508 6240
508 509 6240
509 510 6240
510 511 6240
511 512 6240
512 513 6240
513 514 6240
514 515 6240
515 516 6240
516 517 6240
517 518 6240
518 519 6240
519 520 6240
520 521 6240
521 522 6240
522 523 6240
523 524 6240
524 525 6240
525 526 6240
526 527 6240
527 528 6240
528 529 6240
529 530 6240
530 531 6240
531 532 6240
532 533 6240
533 534 6240
534 535 6240
535 536 6240
536 537 6240
537 538 6240
538 539 6240
539 540 6240
540 541 6240
541 542 6240
542 543 6240
543 544 6240
544 545 6240
545 546 6240
546 547 6240
547 548 6240
548 549 6240
549 550 6240
550 551 6240
551 552 6240
552 553 6240
553 554 6240
554 555 6240
555 556 6240
556 557 6240
557 558 6240
558 559 6240
559 560 6240
560 561 6240
561 562 6240
562 563 6240
563 564 6240
564 565 6240
565 566 6240
566 567 6240
567 568 6240
568 569 6240
569 570 6240
570 571 6240
571 572 6240
572 573 6240
573 574 6240
574 575 6240
575 576 6240
576 577 6240
577 578 6240
578 579 6240
579 580 6240
580 581 6240
581 582 6240
582 583 6240
583 584 6240
584 585 6240
585 586 6240
586 587 6240
587 588 6240
588 589 6240
589 590 6240
590 591 6240
591 592 6240
592 593 6240
593 594 6240
594 595 6240
595 596 6240
596 597 6240
597 598 6240
598 599 6240
599 600 6240
600 601 6240
601 602 6240
602 603 6240
603 604 6240
604 605 6240
605 606 6240
606 607 6240
607 608 6240
608 609 6240
609 610 6240
610 611 6240
611 612 6240
612 613 6240
613 614 6240
614 615 6240
615 616 6240
616 617 6240
617 618 6240
618 619 6240
619 620 6240
620 621 6240
621 622 6240
622 623 6240
68 178 6240
29 312 6240
67 223 6240
135 280 6240
41 406 6240
279 556 6240
224 376 6240
14 113 6240
118 234 6240
260 568 6240
191 608 6240
274 441 6240
224 424 6240
221 486 6240
6 150 6240
105 307 6240
243 616 6240
214 359 6240
97 150 6240
224 576 6240
120 236 6240
254 584 6240
62 388 6240
280 428 6240
199 322 6240
221 537 6240
33 542 6240
115 514 6240
193 420 6240
172 374 6240
237 335 6240
19 582 6240
278 350 6240
295 517 6240
139 209 6240
51 209 6240
139 246 6240
236 288 6240
297 385 6240
242 410 6240
71 263 6240
251 471 6240
197 319 6240
257 597 6240
265 604 6240
37 355 6240
189 411 6240
294 432 6240
156 249 6240
21 484 6240
256 311 6240
256 433 6240
40 268 6240
293 490 6240
84 261 6240
29 312 6240
219 365 6240
278 601 6240
96 182 6240
96 261 6240
227 346 6240
148 609 6240
143 238 6240
36 581 6240
171 617 6240
221 536 6240
69 271 6240
308 592 6240
66 543 6240
261 346 6240
13 447 6240
288 377 6240
10 65 6240
152 354 6240
186 384 6240
189 401 6240
256 262 6240
187 472 6240
135 587 6240
12 597 6240
76 113 6240
102 253 6240
226 249 6240
16 306 6240
97 607 6240
301 378 6240
116 165 6240
227 326 6240
116 294 6240
145 477 6240
5 109 6240
291 478 6240
34 116 6240
82 522 6240
76 265 6240
91 237 6240
132 601 6240
293 579 6240
183 322 6240
311 545 6240
103 413 6240
155 480 6240
312 454 6240
182 474 6240
236 438 6240
64 289 6240
288 593 6240
58 515 6240
219 440 6240
108 152 6240
150 493 6240
122 477 6240
148 489 6240
181 398 6240
269 324 6240
194 533 6240
253 323 6240
156 520 6240
96 236 6240
194 391 6240
266 570 6240
181 584 6240
68 193 6240
222 394 6240
145 576 6240
82 416 6240
301 606 6240
100 515 6240
178 262 6240
122 294 6240
308 584 6240
160 430 6240
142 253 6240
136 321 6240
228 553 6240
294 481 6240
94 233 6240
161 390 6240
298 342 6240
198 496 6240
78 408 6240
243 606 6240
26 54 6240
18 130 6240
268 522 6240
247 444 6240
139 341 6240
247 463 6240
202 562 6240
119 412 6240
223 346 6240
33 275 6240
229 258 6240
6 62 6240
70 305 6240
12 248 6240
293 361 6240
167 494 6240
87 218 6240
178 473 6240
304 513 6240
265 386 6240
284 526 6240
243 363 6240
297 613 6240
254 556 6240
270 472 6240
159 339 6240
71 470 6240
297 386 6240
143 229 6240
153 505 6240
74 380 6240
117 267 6240
192 584 6240
209 264 6240
43 374 6240
117 564 6240
4 464 6240
128 441 6240
53 344 6240
80 141 6240
169 604 6240
224 550 6240
166 320 6240
128 221 6240
37 536 6240
43 163 6240
209 511 6240
283 357 6240
229 242 6240
79 596 6240
37 512 6240
181 303 6240
281 579 6240
52 346 6240
121 406 6240
216 314 6240
200 434 6240
223 449 6240
207 556 6240
172 363 6240
235 391 6240
146 606 6240
213 614 6240
18 95 6240
255 588 6240
222 284 6240
146 588 6240
163 195 6240
59 327 6240
72 287 6240
75 324 6240
71 182 6240
195 221 6240
99 199 6240
263 459 6240
145 590 6240
40 177 6240
145 376 6240
105 499 6240
312 480 6240
306 448 6240
271 552 6240
67 233 6240
168 578 6240
284 440 6240
47 483 6240
23 523 6240
20 400 6240
49 387 6240
290 355 6240
71 500 6240
68 388 6240
33 65 6240
135 154 6240
17 24 6240
294 314 6240
224 243 6240
5 347 6240
155 607 6240
275 612 6240
233 585 6240
197 606 6240
138 266 6240
46 324 6240
167 516 6240
185 266 6240
113 207 6240
67 101 6240
32 399 6240
299 590 6240
311 420 6240
98 457 6240
280 404 6240
99 599 6240
253 512 6240
298 325 6240
18 580 6240
310 457 6240
13 387 6240
311 470 6240
35 536 6240
187 232 6240
146 403 6240
200 341 6240
231 420 6240
216 401 6240
10 70 6240
208 360 6240
265 394 6240
277 487 6240
139 326 6240
29 54 6240
12 544 6240
192 442 6240
143 292 6240
121 331 6240
121 466 6240
117 557 6240
108 273 6240
212 282 6240
47 593 6240
188 400 6240
277 353 6240
136 382 6240
158 434 6240
30 474 6240
236 415 6240
144 465 6240
243 510 6240
310 475 6240
165 395 6240
162 327 6240
189 531 6240
50 570 6240
178 500 6240
154 592 6240
42 98 6240
236 612 6240
242 328 6240
311 503 6240
20 236 6240
14 81 6240
41 573 6240
65 231 6240
95 463 6240
85 195 6240
115 346 6240
146 491 6240
210 484 6240
48 594 6240
153 358 6240
247 514 6240
50 213 6240
285 331 6240
26 459 6240
275 285 6240
7 405 6240
298 300 6240
204 294 6240
241 455 6240
48 136 6240
251 520 6240
244 577 6240
27 162 6240
165 223 6240
17 133 6240
230 437 6240
257 347 6240
262 499 6240
163 541 6240
260 452 6240
6 491 6240
297 573 6240
56 308 6240
215 562 6240
42 282 6240
233 398 6240
163 214 6240
267 370 6240
179 536 6240
159 184 6240
172 584 6240
280 436 6240
175 508 6240
156 580 6240
237 324 6240
279 569 6240
88 572 6240
287 519 6240
205 238 6240
21 46 6240
211 487 6240
37 106 6240
251 318 6240
117 442 6240
295 338 6240
208 373 6240
297 463 6240
149 260 6240
236 450 6240
113 238 6240
142 620 6240
37 517 6240
225 424 6240
173 263 6240
135 151 6240
309 605 6240
291 353 6240
98 483 6240
114 484 6240
55 139 6240
287 557 6240
214 512 6240
236 377 6240
274 560 6240
251 266 6240
265 347 6240
307 369 6240
12 402 6240
251 564 6240
311 609 6240
46 424 6240
249 548 6240
161 370 6240
123 280 6240
240 478 6240
300 322 6240
41 423 6240
250 427 6240
30 82 6240
303 440 6240
192 339 6240
88 489 6240
230 600 6240
180 369 6240
233 250 6240
259 478 6240
164 452 6240
197 579 6240
100 376 6240
301 412 6240
192 248 6240
234 495 6240
184 237 6240
108 236 6240
228 273 6240
300 311 6240
181 550 6240
123 554 6240
290 422 6240
200 362 6240
167 622 6240
100 565 6240
114 567 6240
155 396 6240
275 565 6240
42 526 6240
230 348 6240
149 543 6240
153 552 6240
191 276 6240
150 569 6240
307 468 6240
56 325 6240
307 436 6240
266 309 6240
178 354 6240
42 268 6240
125 431 6240
279 384 6240
275 381 6240
219 339 6240
197 418 6240
149 606 6240
295 527 6240
271 586 6240
99 528 6240
74 408 6240
222 606 6240
33 436 6240
222 251 6240
223 447 6240
119 470 6240
62 315 6240
72 290 6240
218 510 6240
278 372 6240
237 352 6240
1 348 6240
92 162 6240
270 574 6240
181 429 6240
1 252 6240
20 171 6240
237 614 6240
283 562 6240
210 257 6240
148 509 6240
32 112 6240
52 88 6240
70 448 6240
85 206 6240
154 446 6240
167 195 6240
102 422 6240
93 403 6240
68 562 6240
231 359 6240
283 315 6240
217 545 6240
164 571 6240
7 182 6240
196 462 6240
148 386 6240
64 196 6240
118 602 6240
122 211 6240
134 467 6240
168 436 6240
86 154 6240
282 403 6240
236 338 6240
39 427 6240
290 298 6240
177 243 6240
57 494 6240
61 435 6240
124 415 6240
231 281 6240
196 615 6240
164 545 6240
106 591 6240
208 466 6240
201 450 6240
69 270 6240
144 496 6240
291 450 6240
257 259 6240
168 488 6240
74 256 6240
85 266 6240
32 364 6240
120 591 6240
294 466 6240
100 581 6240
139 541 6240
184 492 6240
175 564 6240
251 374 6240
163 181 6240
220 222 6240
237 445 6240
109 480 6240
103 412 6240
123 606 6240
105 237 6240
43 296 6240
186 267 6240
133 528 6240
290 584 6240
247 466 6240
266 458 6240
279 591 6240
85 547 6240
49 139 6240
189 532 6240
235 311 6240
197 395 6240
133 582 6240
154 411 6240
62 237 6240
133 287 6240
184 611 6240
250 434 6240
192 375 6240
220 258 6240
78 611 6240
48 66 6240
310 497 6240
226 278 6240
61 338 6240
150 298 6240
284 346 6240
192 515 6240
222 527 6240
170 235 6240
206 387 6240
60 526 6240
212 561 6240
5 329 6240
152 405 6240
284 507 6240
219 481 6240
18 364 6240
0 451 6240
43 304 6240
275 481 6240
64 109 6240
120 474 6240
37 572 6240
37 325 6240
6 164 6240
152 546 6240
6 40 6240
187 241 6240
285 372 6240
22 570 6240
251 415 6240
199 538 6240
206 447 6240
307 501 6240
145 521 6240
292 307 6240
206 407 6240
10 222 6240
310 400 6240
40 51 6240
263 354 6240
252 576 6240
293 586 6240
193 282 6240
157 586 6240
98 417 6240
49 590 6240
2 79 6240
136 505 6240
94 564 6240
128 151 6240
239 317 6240
55 310 6240
11 470 6240
158 450 6240
204 605 6240
133 181 6240
270 422 6240
268 581 6240
252 368 6240
40 322 6240
118 376 6240
137 356 6240
52 127 6240
262 370 6240
265 462 6240
75 210 6240
92 368 6240
8 596 6240
72 368 6240
221 265 6240
186 337 6240
170 599 6240
216 549 6240
126 240 6240
255 338 6240
229 508 6240
298 570 6240
16 472 6240
158 264 6240
293 430 6240
131 342 6240
145 484 6240
248 292 6240
