0 1 6280
1 2 6280
2 3 6280
3 4 6280
4 5 6280
5 6 6280
6 7 6280
7 8 6280
8 9 6280
9 10 6280
10 11 6280
11 12 6280
12 13 6280
13 14 6280
14 15 6280
15 16 6280
16 17 6280
17 18 6280
18 19 6280
19 20 6280
20 21 6280
21 22 6280
22 23 6280
23 24 6280
24 25 6280
25 26 6280
26 27 6280
27 28 6280
28 29 6280
29 30 6280
30 31 6280
31 32 6280
32 33 6280
33 34 6280
34 35 6280
35 36 6280
36 37 6280
37 38 6280
38 39 6280
39 40 6280
40 41 6280
41 42 6280
42 43 6280
43 44 6280
44 45 6280
45 46 6280
46 47 6280
47 48 6280
48 49 6280
49 50 6280
50 51 6280
51 52 6280
52 53 6280
53 54 6280
54 55 6280
55 56 6280
56 57 6280
57 58 6280
58 59 6280
59 60 6280
60 61 6280
61 62 6280
62 63 6280
63 64 6280
64 65 6280
65 66 6280
66 67 6280
67 68 6280
68 69 6280
69 70 6280
70 71 6280
71 72 6280
72 73 6280
73 74 6280
74 75 6280
75 76 6280
76 77 6280
77 78 6280
78 79 6280
79 80 6280
80 81 6280
81 82 6280
82 83 6280
83 84 6280
84 85 6280
85 86 6280
86 87 6280
87 88 6280
88 89 6280
89 90 6280
90 91 6280
91 92 6280
92 93 6280
93 94 6280
94 95 6280
95 96 6280
96 97 6280
97 98 6280
98 99 6280
99 100 6280
100 101 6280
101 102 6280
102 103 6280
103 104 6280
104 105 6280
105 106 6280
106 107 6280
107 108 6280
108 109 6280
109 110 6280
110 111 6280
111 112 6280
112 113 6280
113 114 6280
114 115 6280
115 116 6280
116 117 6280
117 118 6280
118 119 6280
119 120 6280
120 121 6280
121 122 6280
122 123 6280
123 124 6280
124 125 6280
125 126 6280
126 127 6280
127 128 6280
128 129 6280
129 130 6280
130 131 6280
131 132 6280
132 133 6280
133 134 6280
134 135 6280
135 136 6280
136 137 6280
137 138 6280
138 139 6280
139 140 6280
140 141 6280
141 142 6280
142 143 6280
143 144 6280
144 145 6280
145 146 6280
146 147 6280
147 148 6280
148 149 6280
149 150 6280
150 151 6280
151 152 6280
152 153 6280
153 154 6280
154 155 6280
155 156 6280
156 157 6280
157 158 6280
158 159 6280
159 160 6280
160 161 6280
161 162 6280
162 163 6280
163 164 6280
164 165 6280
165 166 6280
166 167 6280
167 168 6280
168 169 6280
169 170 6280
170 171 6280
171 172 6280
172 173 6280
173 174 6280
174 175 6280
175 176 6280
176 177 6280
177 178 6280
178 179 6280
179 180 6280
180 181 6280
181 182 6280
182 183 6280
183 184 6280
184 185 6280
185 186 6280
186 187 6280
187 188 6280
188 189 6280
189 190 6280
190 191 6280
191 192 6280
192 193 6280
193 194 6280
194 195 6280
195 196 6280
196 197 6280
197 198 6280
198 199 6280
199 200 6280
200 201 6280
201 202 6280
202 203 6280
203 204 6280
204 205 6280
205 206 6280
206 207 6280
207 208 6280
208 209 6280
209 210 6280
210 211 6280
211 212 6280
212 213 6280
213 214 6280
214 215 6280
215 216 6280
216 217 6280
217 218 6280
218 219 6280
219 220 6280
220 221 6280
221 222 6280
222 223 6280
223 224 6280
224 225 6280
225 226 6280
226 227 6280
227 228 6280
228 229 6280
229 230 6280
230 231 6280
231 232 6280
232 233 6280
233 234 6280
234 235 6280
235 236 6280
236 237 6280
237 238 6280
238 239 6280
239 240 6280
240 241 6280
241 242 6280
242 243 6280
243 244 6280
244 245 6280
245 246 6280
246 247 6280
247 248 6280
248 249 6280
249 250 6280
250 251 6280
251 252 6280
252 253 6280
253 254 6280
254 255 6280
255 256 6280
256 257 6280
257 258 6280
258 259 6280
259 260 6280
260 261 6280
261 262 6280
262 263 6280
263 264 6280
264 265 6280
265 266 6280
266 267 6280
267 268 6280
268 269 6280
269 270 6280
270 271 6280
271 272 6280
272 273 6280
273 274 6280
274 275 6280
275 276 6280
276 277 6280
277 278 6280
278 279 6280
279 280 6280
280 281 6280
281 282 6280
282 283 6280
283 284 6280
284 285 6280
285 286 6280
286 287 6280
287 288 6280
288 289 6280
289 290 6280
290 291 6280
291 292 6280
292 293 6280
293 294 6280
294 295 6280
295 296 6280
296 297 6280
297 298 6280
298 299 6280
299 300 6280
300 301 6280
301 302 6280
302 303 6280
303 304 6280
304 305 6280
305 306 6280
306 307 6280
307 308 6280
308 309 6280
309 310 6280
310 311 6280
311 312 6280
312 313 6280
313 314 6280
314 315 6280
315 316 6280
316 317 6280
317 318 6280
318 319 6280
319 320 6280
320 321 6280
321 322 6280
322 323 6280
323 324 6280
324 325 6280
325 326 6280
326 327 6280
327 328 6280
328 329 6280
329 330 6280
330 331 6280
331 332 6280
332 333 6280
333 334 6280
334 335 6280
335 336 6280
336 337 6280
337 338 6280
338 339 6280
339 340 6280
340 341 6280
341 342 6280
342 343 6280
343 344 6280
344 345 6280
345 346 6280
346 347 6280
347 348 6280
348 349 6280
349 350 6280
350 351 6280
351 352 6280
352 353 6280
353 354 6280
354 355 6280
355 356 6280
356 357 6280
357 358 6280
358 359 6280
359 360 6280
360 361 6280
361 362 6280
362 363 6280
363 364 6280
364 365 6280
365 366 6280
366 367 6280
367 368 6280
368 369 6280
369 370 6280
370 371 6280
371 372 6280
372 373 6280
373 374 6280
374 375 6280
375 376 6280
376 377 6280
377 378 6280
378 379 6280
379 380 6280
380 381 6280
381 382 6280
382 383 6280
383 384 6280
384 385 6280
385 386 6280
386 387 6280
387 388 6280
388 389 6280
389 390 6280
390 391 6280
391 392 6280
392 393 6280
393 394 6280
394 395 6280
395 396 6280
396 397 6280
397 398 6280
398 399 6280
399 400 6280
400 401 6280
401 402 6280
402 403 6280
403 404 6280
404 405 6280
405 406 6280
406 407 6280
407 408 6280
408 409 6280
409 410 6280
410 411 6280
411 412 6280
412 413 6280
413 414 6280
414 415 6280
415 416 6280
416 417 6280
417 418 6280
418 419 6280
419 420 6280
420 421 6280
421 422 6280
422 423 6280
423 424 6280
424 425 6280
425 426 6280
426 427 6280
427 428 6280
428 429 6280
429 430 6280
430 431 6280
431 432 6280
432 433 6280
433 434 6280
434 435 6280
435 436 6280
436 437 6280
437 438 6280
438 439 6280
439 440 6280
440 441 6280
441 442 6280
442 443 6280
443 444 6280
444 445 6280
445 446 6280
446 447 6280
447 448 6280
448 449 6280
449 450 6280
450 451 6280
451 452 6280
452 453 6280
453 454 6280
454 455 6280
455 456 6280
456 457 6280
457 458 6280
458 459 6280
459 460 6280
460 461 6280
461 462 6280
462 463 6280
463 464 6280
464 465 6280
465 466 6280
466 467 6280
467 468 6280
468 469 6280
469 470 6280
470 471 6280
471 472 6280
472 473 6280
473 474 6280
474 475 6280
475 476 6280
476 477 6280
477 478 6280
478 479 6280
479 480 6280
480 481 6280
481 482 6280
482 483 6280
483 484 6280
484 485 6280
485 486 6280
486 487 6280
487 488 6280
488 489 6280
489 490 6280
490 491 6280
491 492 6280
492 493 6280
493 494 6280
494 495 6280
495 496 6280
496 497 6280
497 498 6280
498 499 6280
499 500 6280
500 501 6280
501 502 6280
502 503 6280
503 504 6280
504 505 6280
505 506 6280
506 507 6280
507 508 6280
508 509 6280
509 510 6280
510 511 6280
511 512 6280
512 513 6280
513 514 6280
514 515 6280
515 516 6280
516 517 6280
517 518 6280
518 519 6280
519 520 6280
520 521 6280
521 522 6280
522 523 6280
523 524 6280
524 525 6280
525 526 6280
526 527 6280
527 528 6280
528 529 6280
529 530 6280
530 531 6280
531 532 6280
532 533 6280
533 534 6280
534 535 6280
535 536 6280
536 537 6280
537 538 6280
538 539 6280
539 540 6280
540 541 6280
541 542 6280
542 543 6280
543 544 6280
544 545 6280
545 546 6280
546 547 6280
547 548 6280
548 549 6280
549 550 6280
550 551 6280
551 552 6280
552 553 6280
553 554 6280
554 555 6280
555 556 6280
556 557 6280
557 558 6280
558 559 6280
559 560 6280
560 561 6280
561 562 6280
562 563 6280
563 564 6280
564 565 6280
565 566 6280
566 567 6280
567 568 6280
568 569 6280
569 570 6280
570 571 6280
571 572 6280
572 573 6280
573 574 6280
574 575 6280
575 576 6280
576 577 6280
577 578 6280
578 579 6280
579 580 6280
580 581 6280
581 582 6280
582 583 6280
583 584 6280
584 585 6280
585 586 6280
586 587 6280
587 588 6280
588 589 6280
589 590 6280
590 591 6280
591 592 6280
592 593 6280
593 594 6280
594 595 6280
595 596 6280
596 597 6280
597 598 6280
598 599 6280
599 600 6280
600 601 6280
601 602 6280
602 603 6280
603 604 6280
604 605 6280
605 606 6280
606 607 6280
607 608 6280
608 609 6280
609 610 6280
610 611 6280
611 612 6280
612 613 6280
613 614 6280
614 615 6280
615 616 6280
616 617 6280
617 618 6280
618 619 6280
619 620 6280
620 621 6280
621 622 6280
622 623 6280
623 624 6280
624 625 6280
625 626 6280
626 627 6280
116 272 6280
226 243 6280
199 351 6280
68 271 6280
117 334 6280
83 438 6280
0 97 6280
123 546 6280
96 395 6280
17 299 6280
234 496 6280
95 440 6280
29 471 6280
7 159 6280
222 266 6280
126 198 6280
210 213 6280
200 343 6280
291 599 6280
271 592 6280
266 535 6280
285 479 6280
278 410 6280
253 498 6280
37 459 6280
285 354 6280
149 247 6280
218 438 6280
91 476 6280
127 273 6280
18 358 6280
207 475 6280
129 196 6280
130 214 6280
190 515 6280
237 463 6280
233 381 6280
300 596 6280
14 16 6280
1 182 6280
60 81 6280
46 73 6280
228 279 6280
313 443 6280
120 130 6280
193 312 6280
152 590 6280
233 367 6280
200 459 6280
104 313 6280
4 512 6280
300 314 6280
289 601 6280
181 396 6280
256 417 6280
16 336 6280
21 429 6280
177 374 6280
280 432 6280
94 299 6280
67 307 6280
126 144 6280
305 419 6280
121 147 6280
244 359 6280
32 160 6280
253 309 6280
153 407 6280
216 230 6280
153 224 6280
147 195 6280
213 399 6280
234 278 6280
116 333 6280
286 560 6280
307 411 6280
55 355 6280
57 273 6280
176 210 6280
0 106 6280
219 330 6280
86 614 6280
218 553 6280
16 394 6280
7 317 6280
29 62 6280
111 460 6280
180 578 6280
12 274 6280
98 422 6280
150 290 6280
281 571 6280
49 517 6280
280 531 6280
140 462 6280
124 169 6280
151 599 6280
90 115 6280
235 532 6280
173 385 6280
3 103 6280
199 433 6280
237 587 6280
30 286 6280
157 204 6280
95 408 6280
289 496 6280
256 621 6280
82 200 6280
176 588 6280
23 514 6280
150 493 6280
43 296 6280
148 376 6280
193 591 6280
62 96 6280
101 116 6280
257 386 6280
308 532 6280
89 353 6280
299 433 6280
22 301 6280
95 537 6280
99 623 6280
208 243 6280
163 195 6280
230 258 6280
236 450 6280
207 469 6280
133 457 6280
187 233 6280
203 436 6280
244 430 6280
87 251 6280
307 458 6280
190 210 6280
53 92 6280
67 359 6280
279 612 6280
17 138 6280
299 318 6280
186 296 6280
25 416 6280
124 293 6280
115 555 6280
3 346 6280
259 342 6280
179 625 6280
297 358 6280
101 571 6280
287 367 6280
292 594 6280
235 385 6280
34 509 6280
159 546 6280
288 519 6280
110 459 6280
82 148 6280
0 338 6280
74 516 6280
12 452 6280
166 494 6280
297 317 6280
232 619 6280
74 426 6280
59 205 6280
187 237 6280
8 534 6280
220 227 6280
244 419 6280
110 169 6280
54 144 6280
218 304 6280
228 231 6280
18 194 6280
101 378 6280
219 525 6280
2 424 6280
310 427 6280
153 601 6280
252 615 6280
123 434 6280
160 428 6280
132 511 6280
244 261 6280
176 404 6280
289 515 6280
42 237 6280
50 225 6280
212 467 6280
2 220 6280
122 212 6280
200 485 6280
255 319 6280
186 482 6280
70 236 6280
137 478 6280
309 370 6280
314 376 6280
307 420 6280
306 319 6280
287 545 6280
265 545 6280
176 221 6280
62 306 6280
25 336 6280
34 535 6280
89 396 6280
293 414 6280
288 565 6280
166 587 6280
47 185 6280
112 256 6280
303 486 6280
88 462 6280
82 402 6280
220 291 6280
50 343 6280
241 331 6280
178 210 6280
18 451 6280
148 584 6280
74 226 6280
77 506 6280
290 325 6280
82 357 6280
256 612 6280
81 535 6280
131 257 6280
94 198 6280
28 222 6280
277 341 6280
161 245 6280
301 452 6280
13 159 6280
119 539 6280
296 311 6280
239 614 6280
142 551 6280
13 268 6280
213 511 6280
212 224 6280
221 473 6280
37 362 6280
270 363 6280
31 396 6280
277 339 6280
196 448 6280
44 421 6280
308 526 6280
19 366 6280
61 100 6280
71 212 6280
173 540 6280
121 150 6280
294 614 6280
90 400 6280
24 62 6280
291 597 6280
142 223 6280
293 524 6280
11 406 6280
230 562 6280
205 440 6280
229 589 6280
184 329 6280
154 600 6280
161 168 6280
294 329 6280
139 601 6280
167 578 6280
263 320 6280
154 161 6280
267 301 6280
77 423 6280
47 469 6280
234 477 6280
97 242 6280
82 369 6280
63 536 6280
138 462 6280
181 466 6280
285 470 6280
65 579 6280
37 367 6280
162 349 6280
186 348 6280
207 435 6280
110 618 6280
254 451 6280
247 377 6280
207 281 6280
77 527 6280
286 466 6280
17 384 6280
108 305 6280
268 319 6280
205 294 6280
257 297 6280
274 620 6280
224 332 6280
172 224 6280
46 83 6280
254 327 6280
10 331 6280
156 556 6280
259 491 6280
282 460 6280
201 522 6280
73 92 6280
71 219 6280
168 538 6280
62 423 6280
63 363 6280
171 495 6280
56 152 6280
176 508 6280
160 391 6280
100 418 6280
203 569 6280
262 442 6280
102 591 6280
287 433 6280
66 94 6280
279 395 6280
89 367 6280
275 465 6280
67 204 6280
81 332 6280
266 513 6280
308 601 6280
12 91 6280
152 555 6280
197 608 6280
153 366 6280
0 283 6280
183 336 6280
182 342 6280
290 416 6280
4 461 6280
162 292 6280
23 323 6280
204 327 6280
112 277 6280
25 50 6280
278 478 6280
52 607 6280
309 527 6280
271 490 6280
127 306 6280
147 424 6280
99 602 6280
298 441 6280
63 301 6280
20 118 6280
149 182 6280
209 310 6280
166 486 6280
124 304 6280
278 473 6280
19 280 6280
241 270 6280
267 325 6280
288 434 6280
50 616 6280
75 202 6280
14 467 6280
120 471 6280
155 561 6280
237 309 6280
67 472 6280
93 191 6280
206 449 6280
241 606 6280
82 317 6280
168 222 6280
52 553 6280
74 583 6280
78 231 6280
237 585 6280
147 263 6280
85 531 6280
9 624 6280
2 172 6280
97 347 6280
81 290 6280
297 514 6280
131 497 6280
159 225 6280
118 623 6280
121 309 6280
206 398 6280
243 547 6280
210 388 6280
67 307 6280
218 431 6280
156 483 6280
153 356 6280
194 275 6280
266 608 6280
151 501 6280
181 523 6280
61 500 6280
41 502 6280
171 272 6280
178 212 6280
159 269 6280
180 550 6280
208 254 6280
139 218 6280
62 516 6280
34 561 6280
225 279 6280
229 323 6280
181 264 6280
38 274 6280
96 296 6280
77 559 6280
10 216 6280
97 407 6280
232 462 6280
5 347 6280
40 282 6280
286 361 6280
106 273 6280
300 474 6280
97 594 6280
144 562 6280
306 451 6280
140 482 6280
139 424 6280
238 382 6280
251 287 6280
140 157 6280
64 270 6280
268 613 6280
296 572 6280
36 182 6280
168 230 6280
143 588 6280
83 515 6280
170 568 6280
111 179 6280
160 401 6280
220 451 6280
131 554 6280
205 576 6280
147 601 6280
151 193 6280
19 527 6280
63 169 6280
256 532 6280
241 328 6280
197 513 6280
182 595 6280
302 512 6280
82 280 6280
115 265 6280
61 506 6280
231 496 6280
12 313 6280
234 319 6280
114 397 6280
218 498 6280
134 550 6280
53 561 6280
297 324 6280
302 311 6280
63 496 6280
290 327 6280
175 308 6280
106 222 6280
98 521 6280
230 518 6280
30 150 6280
115 172 6280
144 440 6280
266 598 6280
311 434 6280
220 611 6280
102 607 6280
123 212 6280
202 585 6280
284 420 6280
102 404 6280
73 260 6280
74 304 6280
109 376 6280
89 574 6280
277 439 6280
286 622 6280
313 499 6280
255 580 6280
81 547 6280
246 605 6280
197 448 6280
263 544 6280
72 431 6280
34 587 6280
31 290 6280
270 564 6280
226 398 6280
7 299 6280
91 387 6280
40 404 6280
171 364 6280
8 308 6280
286 587 6280
86 521 6280
288 298 6280
90 609 6280
109 183 6280
133 289 6280
5 161 6280
250 252 6280
134 310 6280
19 148 6280
287 455 6280
272 382 6280
287 545 6280
236 559 6280
274 611 6280
274 552 6280
207 439 6280
154 488 6280
43 328 6280
108 608 6280
78 282 6280
294 575 6280
305 511 6280
287 465 6280
38 109 6280
141 498 6280
139 372 6280
60 299 6280
106 597 6280
108 121 6280
167 233 6280
15 538 6280
300 448 6280
228 285 6280
240 567 6280
260 335 6280
84 569 6280
97 415 6280
189 360 6280
22 391 6280
250 506 6280
264 479 6280
296 488 6280
267 376 6280
296 398 6280
165 566 6280
271 438 6280
263 439 6280
50 414 6280
50 266 6280
82 236 6280
138 527 6280
255 472 6280
297 305 6280
113 207 6280
101 536 6280
140 258 6280
66 268 6280
279 302 6280
21 294 6280
96 407 6280
151 593 6280
253 530 6280
63 112 6280
37 500 6280
227 365 6280
192 360 6280
245 354 6280
84 326 6280
122 298 6280
264 301 6280
215 398 6280
225 592 6280
312 467 6280
208 462 6280
211 580 6280
70 296 6280
41 384 6280
171 517 6280
170 391 6280
308 387 6280
192 545 6280
301 445 6280
167 334 6280
232 325 6280
234 422 6280
252 349 6280
306 580 6280
177 230 6280
193 548 6280
288 290 6280
136 502 6280
140 490 6280
220 487 6280
270 302 6280
298 555 6280
83 463 6280
256 303 6280
295 411 6280
296 621 6280
120 132 6280
248 379 6280
256 351 6280
304 379 6280
12 306 6280
188 358 6280
219 562 6280
49 187 6280
38 608 6280
314 330 6280
282 400 6280
195 486 6280
81 319 6280
73 77 6280
204 303 6280
39 383 6280
113 331 6280
