0 1 6320
1 2 6320
2 3 6320
3 4 6320
4 5 6320
5 6 6320
6 7 6320
7 8 6320
8 9 6320
9 10 6320
10 11 6320
11 12 6320
12 13 6320
13 14 6320
14 15 6320
15 16 6320
16 17 6320
17 18 6320
18 19 6320
19 20 6320
20 21 6320
21 22 6320
22 23 6320
23 24 6320
24 25 6320
25 26 6320
26 27 6320
27 28 6320
28 29 6320
29 30 6320
30 31 6320
31 32 6320
32 33 6320
33 34 6320
34 35 6320
35 36 6320
36 37 6320
37 38 6320
38 39 6320
39 40 6320
40 41 6320
41 42 6320
42 43 6320
43 44 6320
44 45 6320
45 46 6320
46 47 6320
47 48 6320
48 49 6320
49 50 6320
50 51 6320
51 52 6320
52 53 6320
53 54 6320
54 55 6320
55 56 6320
56 57 6320
57 58 6320
58 59 6320
59 60 6320
60 61 6320
61 62 6320
62 63 6320
63 64 6320
64 65 6320
65 66 6320
66 67 6320
67 68 6320
68 69 6320
69 70 6320
70 71 6320
71 72 6320
72 73 6320
73 74 6320
74 75 6320
75 76 6320
76 77 6320
77 78 6320
78 79 6320
79 80 6320
80 81 6320
81 82 6320
82 83 6320
83 84 6320
84 85 6320
85 86 6320
86 87 6320
87 88 6320
88 89 6320
89 90 6320
90 91 6320
91 92 6320
92 93 6320
93 94 6320
94 95 6320
95 96 6320
96 97 6320
97 98 6320
98 99 6320
99 100 6320
100 101 6320
101 102 6320
102 103 6320
103 104 6320
104 105 6320
105 106 6320
106 107 6320
107 108 6320
108 109 6320
109 110 6320
110 111 6320
111 112 6320
112 113 6320
113 114 6320
114 115 6320
115 116 6320
116 117 6320
117 118 6320
118 119 6320
119 120 6320
120 121 6320
121 122 6320
122 123 6320
123 124 6320
124 125 6320
125 126 6320
126 127 6320
127 128 6320
128 129 6320
129 130 6320
130 131 6320
131 132 6320
132 133 6320
133 134 6320
134 135 6320
135 136 6320
136 137 6320
137 138 6320
138 139 6320
139 140 6320
140 141 6320
141 142 6320
142 143 6320
143 144 6320
144 145 6320
145 146 6320
146 147 6320
147 148 6320
148 149 6320
149 150 6320
150 151 6320
151 152 6320
152 153 6320
153 154 6320
154 155 6320
155 156 6320
156 157 6320
157 158 6320
158 159 6320
159 160 6320
160 161 6320
161 162 6320
162 163 6320
163 164 6320
164 165 6320
165 166 6320
166 167 6320
167 168 6320
168 169 6320
169 170 6320
170 171 6320
171 172 6320
172 173 6320
173 174 6320
174 175 6320
175 176 6320
176 177 6320
177 178 6320
178 179 6320
179 180 6320
180 181 6320
181 182 6320
182 183 6320
183 184 6320
184 185 6320
185 186 6320
186 187 6320
187 188 6320
188 189 6320
189 190 6320
190 191 6320
191 192 6320
192 193 6320
193 194 6320
194 195 6320
195 196 6320
196 197 6320
197 198 6320
198 199 6320
199 200 6320
200 201 6320
201 202 6320
202 203 6320
203 204 6320
204 205 6320
205 206 6320
206 207 6320
207 208 6320
208 209 6320
209 210 6320
210 211 6320
211 212 6320
212 213 6320
213 214 6320
214 215 6320
215 216 6320
216 217 6320
217 218 6320
218 219 6320
219 220 6320
220 221 6320
221 222 6320
222 223 6320
223 224 6320
224 225 6320
225 226 6320
226 227 6320
227 228 6320
228 229 6320
229 230 6320
230 231 6320
231 232 6320
232 233 6320
233 234 6320
234 235 6320
235 236 6320
236 237 6320
237 238 6320
238 239 6320
239 240 6320
240 241 6320
241 242 6320
242 243 6320
243 244 6320
244 245 6320
245 246 6320
246 247 6320
247 248 6320
248 249 6320
249 250 6320
250 251 6320
251 252 6320
252 253 6320
253 254 6320
254 255 6320
255 256 6320
256 257 6320
257 258 6320
258 259 6320
259 260 6320
260 261 6320
261 262 6320
262 263 6320
263 264 6320
264 265 6320
265 266 6320
266 267 6320
267 268 6320
268 269 6320
269 270 6320
270 271 6320
271 272 6320
272 273 6320
273 274 6320
274 275 6320
275 276 6320
276 277 6320
277 278 6320
278 279 6320
279 280 6320
280 281 6320
281 282 6320
282 283 6320
283 284 6320
284 285 6320
285 286 6320
286 287 6320
287 288 6320
288 289 6320
289 290 6320
290 291 6320
291 292 6320
292 293 6320
293 294 6320
294 295 6320
295 296 6320
296 297 6320
297 298 6320
298 299 6320
299 300 6320
300 301 6320
301 302 6320
302 303 6320
303 304 6320
304 305 6320
305 306 6320
306 307 6320
307 308 6320
308 309 6320
309 310 6320
310 311 6320
311 312 6320
312 313 6320
313 314 6320
314 315 6320
315 316 6320
316 317 6320
317 318 6320
318 319 6320
319 320 6320
320 321 6320
321 322 6320
322 323 6320
323 324 6320
324 325 6320
325 326 6320
326 327 6320
327 328 6320
328 329 6320
329 330 6320
330 331 6320
331 332 6320
332 333 6320
333 334 6320
334 335 6320
335 336 6320
336 337 6320
337 338 6320
338 339 6320
339 340 6320
340 341 6320
341 342 6320
342 343 6320
343 344 6320
344 345 6320
345 346 6320
346 347 6320
347 348 6320
348 349 6320
349 350 6320
350 351 6320
351 352 6320
352 353 6320
353 354 6320
354 355 6320
355 356 6320
356 357 6320
357 358 6320
358 359 6320
359 360 6320
360 361 6320
361 362 6320
362 363 6320
363 364 6320
364 365 6320
365 366 6320
366 367 6320
367 368 6320
368 369 6320
369 370 6320
370 371 6320
371 372 6320
372 373 6320
373 374 6320
374 375 6320
375 376 6320
376 377 6320
377 378 6320
378 379 6320
379 380 6320
380 381 6320
381 382 6320
382 383 6320
383 384 6320
384 385 6320
385 386 6320
386 387 6320
387 388 6320
388 389 6320
389 390 6320
390 391 6320
391 392 6320
392 393 6320
393 394 6320
394 395 6320
395 396 6320
396 397 6320
397 398 6320
398 399 6320
399 400 6320
400 401 6320
401 402 6320
402 403 6320
403 404 6320
404 405 6320
405 406 6320
406 407 6320
407 408 6320
408 409 6320
409 410 6320
410 411 6320
411 412 6320
412 413 6320
413 414 6320
414 415 6320
415 416 6320
416 417 6320
417 418 6320
418 419 6320
419 420 6320
420 421 6320
421 422 6320
422 423 6320
423 424 6320
424 425 6320
425 426 6320
426 427 6320
427 428 6320
428 429 6320
429 430 6320
430 431 6320
431 432 6320
432 433 6320
433 434 6320
434 435 6320
435 436 6320
436 437 6320
437 438 6320
438 439 6320
439 440 6320
440 441 6320
441 442 6320
442 443 6320
443 444 6320
444 445 6320
445 446 6320
446 447 6320
447 448 6320
448 449 6320
449 450 6320
450 451 6320
451 452 6320
452 453 6320
453 454 6320
454 455 6320
455 456 6320
456 457 6320
457 458 6320
458 459 6320
459 460 6320
460 461 6320
461 462 6320
462 463 6320
463 464 6320
464 465 6320
465 466 6320
466 467 6320
467 468 6320
468 469 6320
469 470 6320
470 471 6320
471 472 6320
472 473 6320
473 474 6320
474 475 6320
475 476 6320
476 477 6320
477 478 6320
478 479 6320
479 480 6320
480 481 6320
481 482 6320
482 483 6320
483 484 6320
484 485 6320
485 486 6320
486 487 6320
487 488 6320
488 489 6320
489 490 6320
490 491 6320
491 492 6320
492 493 6320
493 494 6320
494 495 6320
495 496 6320
496 497 6320
497 498 6320
498 499 6320
499 500 6320
500 501 6320
501 502 6320
502 503 6320
503 504 6320
504 505 6320
505 506 6320
506 507 6320
507 508 6320
508 509 6320
509 510 6320
510 511 6320
511 512 6320
512 513 6320
513 514 6320
514 515 6320
515 516 6320
516 517 6320
517 518 6320
518 519 6320
519 520 6320
520 521 6320
521 522 6320
522 523 6320
523 524 6320
524 525 6320
525 526 6320
526 527 6320
527 528 6320
528 529 6320
529 530 6320
530 531 6320
531 532 6320
532 533 6320
533 534 6320
534 535 6320
535 536 6320
536 537 6320
537 538 6320
538 539 6320
539 540 6320
540 541 6320
541 542 6320
542 543 6320
543 544 6320
544 545 6320
545 546 6320
546 547 6320
547 548 6320
548 549 6320
549 550 6320
550 551 6320
551 552 6320
552 553 6320
553 554 6320
554 555 6320
555 556 6320
556 557 6320
557 558 6320
558 559 6320
559 560 6320
560 561 6320
561 562 6320
562 563 6320
563 564 6320
564 565 6320
565 566 6320
566 567 6320
567 568 6320
568 569 6320
569 570 6320
570 571 6320
571 572 6320
572 573 6320
573 574 6320
574 575 6320
575 576 6320
576 577 6320
577 578 6320
578 579 6320
579 580 6320
580 581 6320
581 582 6320
582 583 6320
583 584 6320
584 585 6320
585 586 6320
586 587 6320
587 588 6320
588 589 6320
589 590 6320
590 591 6320
591 592 6320
592 593 6320
593 594 6320
594 595 6320
595 596 6320
596 597 6320
597 598 6320
598 599 6320
599 600 6320
600 601 6320
601 602 6320
602 603 6320
603 604 6320
604 605 6320
605 606 6320
606 607 6320
607 608 6320
608 609 6320
609 610 6320
610 611 6320
611 612 6320
612 613 6320
613 614 6320
614 615 6320
615 616 6320
616 617 6320
617 618 6320
618 619 6320
619 620 6320
620 621 6320
621 622 6320
622 623 6320
623 624 6320
624 625 6320
625 626 6320
626 627 6320
627 628 6320
628 629 6320
629 630 6320
630 631 6320
49 592 6320
282 601 6320
306 604 6320
156 525 6320
195 499 6320
295 319 6320
97 169 6320
146 310 6320
54 596 6320
307 413 6320
139 412 6320
161 554 6320
22 301 6320
26 109 6320
159 499 6320
52 381 6320
314 345 6320
263 347 6320
267 412 6320
300 491 6320
25 438 6320
167 197 6320
175 318 6320
138 301 6320
145 352 6320
236 459 6320
77 103 6320
108 330 6320
21 394 6320
147 186 6320
111 340 6320
176 397 6320
76 222 6320
107 438 6320
232 603 6320
291 617 6320
45 513 6320
283 339 6320
118 439 6320
255 342 6320
52 93 6320
279 582 6320
61 412 6320
222 272 6320
216 266 6320
13 186 6320
272 299 6320
133 162 6320
2 113 6320
14 46 6320
193 623 6320
80 569 6320
86 157 6320
6 10 6320
42 325 6320
18 446 6320
285 389 6320
299 577 6320
24 316 6320
257 378 6320
65 350 6320
147 254 6320
65 353 6320
196 263 6320
167 599 6320
185 312 6320
171 234 6320
208 622 6320
174 618 6320
62 175 6320
238 609 6320
29 133 6320
85 227 6320
198 529 6320
253 320 6320
193 537 6320
165 542 6320
301 375 6320
266 414 6320
162 437 6320
250 594 6320
33 111 6320
292 612 6320
129 279 6320
7 202 6320
222 605 6320
146 370 6320
253 278 6320
307 445 6320
23 49 6320
284 439 6320
291 347 6320
199 293 6320
57 623 6320
206 212 6320
210 285 6320
262 592 6320
51 503 6320
282 477 6320
61 188 6320
193 396 6320
180 443 6320
50 63 6320
203 517 6320
245 278 6320
210 318 6320
185 437 6320
148 160 6320
10 273 6320
195 570 6320
227 630 6320
310 443 6320
190 234 6320
2 193 6320
102 282 6320
151 619 6320
30 278 6320
81 225 6320
275 350 6320
35 618 6320
273 349 6320
181 590 6320
166 488 6320
231 386 6320
116 135 6320
53 586 6320
243 369 6320
51 509 6320
26 40 6320
143 627 6320
238 484 6320
52 330 6320
159 291 6320
258 288 6320
249 554 6320
132 194 6320
297 460 6320
309 330 6320
177 396 6320
152 418 6320
1 380 6320
53 145 6320
227 234 6320
224 434 6320
117 625 6320
212 481 6320
66 605 6320
214 584 6320
50 441 6320
167 213 6320
212 350 6320
142 272 6320
107 445 6320
247 359 6320
301 489 6320
165 415 6320
247 382 6320
183 504 6320
27 472 6320
69 271 6320
144 209 6320
280 560 6320
220 334 6320
60 364 6320
227 535 6320
231 441 6320
231 576 6320
191 502 6320
267 385 6320
63 611 6320
227 275 6320
273 372 6320
245 461 6320
42 495 6320
240 631 6320
274 426 6320
43 209 6320
147 289 6320
6 336 6320
238 397 6320
270 578 6320
142 446 6320
251 423 6320
231 521 6320
185 490 6320
53 385 6320
88 511 6320
257 436 6320
94 336 6320
145 483 6320
74 124 6320
200 248 6320
308 470 6320
315 570 6320
97 509 6320
39 558 6320
285 428 6320
238 526 6320
84 593 6320
111 611 6320
265 581 6320
232 381 6320
101 400 6320
288 433 6320
184 527 6320
55 538 6320
6 384 6320
111 313 6320
153 179 6320
68 354 6320
193 605 6320
125 625 6320
202 611 6320
76 244 6320
258 275 6320
108 499 6320
127 281 6320
14 182 6320
105 493 6320
230 418 6320
37 630 6320
310 459 6320
295 619 6320
220 623 6320
177 394 6320
301 307 6320
231 554 6320
159 321 6320
114 564 6320
289 403 6320
29 319 6320
65 359 6320
99 426 6320
207 258 6320
295 408 6320
78 210 6320
45 248 6320
88 100 6320
36 452 6320
120 405 6320
182 254 6320
177 277 6320
138 563 6320
221 429 6320
51 69 6320
170 325 6320
255 458 6320
106 313 6320
164 322 6320
47 521 6320
84 126 6320
149 211 6320
53 294 6320
159 472 6320
111 526 6320
106 323 6320
227 339 6320
44 548 6320
275 582 6320
106 154 6320
58 507 6320
129 551 6320
212 272 6320
19 142 6320
236 496 6320
102 126 6320
60 203 6320
301 423 6320
251 458 6320
315 467 6320
168 377 6320
237 311 6320
21 630 6320
181 484 6320
262 627 6320
178 631 6320
200 530 6320
168 375 6320
117 625 6320
172 197 6320
258 626 6320
241 418 6320
152 186 6320
28 256 6320
101 477 6320
116 537 6320
145 541 6320
3 536 6320
160 439 6320
266 452 6320
227 554 6320
285 499 6320
262 558 6320
0 113 6320
128 372 6320
183 247 6320
58 511 6320
170 421 6320
82 345 6320
36 150 6320
300 304 6320
181 262 6320
196 313 6320
23 474 6320
123 272 6320
19 558 6320
59 258 6320
253 315 6320
31 183 6320
91 179 6320
113 485 6320
114 531 6320
256 601 6320
278 370 6320
98 218 6320
250 256 6320
94 545 6320
182 456 6320
4 323 6320
76 537 6320
268 370 6320
168 518 6320
175 613 6320
253 410 6320
156 219 6320
286 377 6320
304 322 6320
204 550 6320
284 412 6320
136 264 6320
117 443 6320
102 249 6320
190 530 6320
138 149 6320
224 283 6320
204 227 6320
104 606 6320
268 324 6320
237 400 6320
158 342 6320
226 409 6320
287 626 6320
53 55 6320
284 559 6320
47 290 6320
32 415 6320
173 403 6320
263 418 6320
176 584 6320
20 405 6320
264 360 6320
217 409 6320
75 355 6320
193 620 6320
226 563 6320
165 288 6320
137 529 6320
205 525 6320
278 555 6320
72 519 6320
77 299 6320
135 261 6320
237 571 6320
308 428 6320
173 454 6320
106 511 6320
98 221 6320
81 83 6320
10 213 6320
258 463 6320
271 397 6320
86 368 6320
198 269 6320
254 422 6320
138 490 6320
51 326 6320
114 541 6320
116 329 6320
251 299 6320
60 72 6320
293 363 6320
221 473 6320
10 341 6320
282 493 6320
152 302 6320
233 496 6320
146 393 6320
273 543 6320
78 486 6320
51 69 6320
226 268 6320
144 502 6320
217 301 6320
259 602 6320
182 420 6320
265 560 6320
305 461 6320
0 626 6320
277 375 6320
165 274 6320
150 493 6320
151 572 6320
262 364 6320
217 282 6320
227 542 6320
142 528 6320
81 319 6320
115 328 6320
200 607 6320
118 515 6320
54 490 6320
191 510 6320
44 327 6320
214 334 6320
314 496 6320
10 441 6320
28 350 6320
135 573 6320
133 600 6320
70 429 6320
227 348 6320
61 449 6320
7 242 6320
67 389 6320
272 459 6320
171 336 6320
27 360 6320
117 145 6320
149 160 6320
113 512 6320
110 242 6320
252 614 6320
12 123 6320
71 449 6320
187 328 6320
148 344 6320
166 485 6320
19 205 6320
42 155 6320
142 386 6320
238 389 6320
292 538 6320
66 125 6320
315 547 6320
316 374 6320
54 345 6320
12 76 6320
203 215 6320
18 246 6320
66 472 6320
278 601 6320
59 259 6320
127 499 6320
315 403 6320
19 386 6320
153 293 6320
232 367 6320
2 100 6320
141 441 6320
225 409 6320
73 333 6320
25 330 6320
113 429 6320
312 577 6320
176 205 6320
96 256 6320
216 554 6320
257 357 6320
134 597 6320
309 613 6320
19 35 6320
193 538 6320
215 520 6320
276 445 6320
62 95 6320
207 286 6320
36 154 6320
186 512 6320
211 480 6320
279 495 6320
265 557 6320
223 393 6320
46 450 6320
112 165 6320
103 299 6320
187 381 6320
205 324 6320
7 177 6320
158 357 6320
131 264 6320
199 499 6320
263 544 6320
201 384 6320
115 459 6320
98 175 6320
136 201 6320
160 341 6320
307 393 6320
270 621 6320
107 182 6320
277 554 6320
192 605 6320
43 338 6320
209 341 6320
21 465 6320
296 604 6320
0 518 6320
228 551 6320
94 486 6320
148 164 6320
175 459 6320
69 297 6320
316 531 6320
175 355 6320
85 162 6320
55 135 6320
169 609 6320
147 181 6320
104 537 6320
44 491 6320
37 209 6320
61 256 6320
257 303 6320
230 349 6320
146 168 6320
47 236 6320
12 240 6320
57 498 6320
210 460 6320
206 465 6320
60 394 6320
85 145 6320
249 382 6320
260 378 6320
216 524 6320
62 620 6320
311 468 6320
155 249 6320
310 319 6320
125 596 6320
171 195 6320
259 631 6320
207 456 6320
264 378 6320
143 327 6320
98 524 6320
51 223 6320
57 623 6320
16 570 6320
253 445 6320
162 173 6320
227 554 6320
88 393 6320
157 476 6320
133 478 6320
50 406 6320
119 627 6320
315 536 6320
102 302 6320
232 559 6320
150 284 6320
11 381 6320
120 177 6320
8 270 6320
267 464 6320
42 47 6320
132 354 6320
144 229 6320
55 335 6320
244 543 6320
1 325 6320
302 401 6320
144 615 6320
122 617 6320
46 386 6320
57 386 6320
16 85 6320
119 436 6320
158 618 6320
9 310 6320
150 599 6320
187 322 6320
90 380 6320
80 89 6320
274 420 6320
216 279 6320
45 203 6320
131 579 6320
52 493 6320
258 352 6320
112 197 6320
28 422 6320
148 474 6320
48 115 6320
91 175 6320
252 393 6320
102 388 6320
228 554 6320
98 334 6320
313 395 6320
254 557 6320
5 182 6320
152 542 6320
8 291 6320
25 160 6320
24 535 6320
254 585 6320
15 470 6320
168 454 6320
0 548 6320
28 62 6320
113 304 6320
102 164 6320
139 181 6320
271 490 6320
59 224 6320
76 560 6320
288 520 6320
259 585 6320
232 566 6320
132 334 6320
313 547 6320
155 599 6320
306 436 6320
310 451 6320
210 220 6320
257 620 6320
42 507 6320
28 564 6320
