0 1 6360
1 2 6360
2 3 6360
3 4 6360
4 5 6360
5 6 6360
6 7 6360
7 8 6360
8 9 6360
9 10 6360
10 11 6360
11 12 6360
12 13 6360
13 14 6360
14 15 6360
15 16 6360
16 17 6360
17 18 6360
18 19 6360
19 20 6360
20 21 6360
21 22 6360
22 23 6360
23 24 6360
24 25 6360
25 26 6360
26 27 6360
27 28 6360
28 29 6360
29 30 6360
30 31 6360
31 32 6360
32 33 6360
33 34 6360
34 35 6360
35 36 6360
36 37 6360
37 38 6360
38 39 6360
39 40 6360
40 41 6360
41 42 6360
42 43 6360
43 44 6360
44 45 6360
45 46 6360
46 47 6360
47 48 6360
48 49 6360
49 50 6360
50 51 6360
51 52 6360
52 53 6360
53 54 6360
54 55 6360
55 56 6360
56 57 6360
57 58 6360
58 59 6360
59 60 6360
60 61 6360
61 62 6360
62 63 6360
63 64 6360
64 65 6360
65 66 6360
66 67 6360
67 68 6360
68 69 6360
69 70 6360
70 71 6360
71 72 6360
72 73 6360
73 74 6360
74 75 6360
75 76 6360
76 77 6360
77 78 6360
78 79 6360
79 80 6360
80 81 6360
81 82 6360
82 83 6360
83 84 6360
84 85 6360
85 86 6360
86 87 6360
87 88 6360
88 89 6360
89 90 6360
90 91 6360
91 92 6360
92 93 6360
93 94 6360
94 95 6360
95 96 6360
96 97 6360
97 98 6360
98 99 6360
99 100 6360
100 101 6360
101 102 6360
102 103 6360
103 104 6360
104 105 6360
105 106 6360
106 107 6360
107 108 6360
108 109 6360
109 110 6360
110 111 6360
111 112 6360
112 113 6360
113 114 6360
114 115 6360
115 116 6360
116 117 6360
117 118 6360
118 119 6360
119 120 6360
120 121 6360
121 122 6360
122 123 6360
123 124 6360
124 125 6360
125 126 6360
126 127 6360
127 128 6360
128 129 6360
129 130 6360
130 131 6360
131 132 6360
132 133 6360
133 134 6360
134 135 6360
135 136 6360
136 137 6360
137 138 6360
138 139 6360
139 140 6360
140 141 6360
141 142 6360
142 143 6360
143 144 6360
144 145 6360
145 146 6360
146 147 6360
147 148 6360
148 149 6360
149 150 6360
150 151 6360
151 152 6360
152 153 6360
153 154 6360
154 155 6360
155 156 6360
156 157 6360
157 158 6360
158 159 6360
159 160 6360
160 161 6360
161 162 6360
162 163 6360
163 164 6360
164 165 6360
165 166 6360
166 167 6360
167 168 6360
168 169 6360
169 170 6360
170 171 6360
171 172 6360
172 173 6360
173 174 6360
174 175 6360
175 176 6360
176 177 6360
177 178 6360
178 179 6360
179 180 6360
180 181 6360
181 182 6360
182 183 6360
183 184 6360
184 185 6360
185 186 6360
186 187 6360
187 188 6360
188 189 6360
189 190 6360
190 191 6360
191 192 6360
192 193 6360
193 194 6360
194 195 6360
195 196 6360
196 197 6360
197 198 6360
198 199 6360
199 200 6360
200 201 6360
201 202 6360
202 203 6360
203 204 6360
204 205 6360
205 206 6360
206 207 6360
207 208 6360
208 209 6360
209 210 6360
210 211 6360
211 212 6360
212 213 6360
213 214 6360
214 215 6360
215 216 6360
216 217 6360
217 218 6360
218 219 6360
219 220 6360
220 221 6360
221 222 6360
222 223 6360
223 224 6360
224 225 6360
225 226 6360
226 227 6360
227 228 6360
228 229 6360
229 230 6360
230 231 6360
231 232 6360
232 233 6360
233 234 6360
234 235 6360
235 236 6360
236 237 6360
237 238 6360
238 239 6360
239 240 6360
240 241 6360
241 242 6360
242 243 6360
243 244 6360
244 245 6360
245 246 6360
246 247 6360
247 248 6360
248 249 6360
249 250 6360
250 251 6360
251 252 6360
252 253 6360
253 254 6360
254 255 6360
255 256 6360
256 257 6360
257 258 6360
258 259 6360
259 260 6360
260 261 6360
261 262 6360
262 263 6360
263 264 6360
264 265 6360
265 266 6360
266 267 6360
267 268 6360
268 269 6360
269 270 6360
270 271 6360
271 272 6360
272 273 6360
273 274 6360
274 275 6360
275 276 6360
276 277 6360
277 278 6360
278 279 6360
279 280 6360
280 281 6360
281 282 6360
282 283 6360
283 284 6360
284 285 6360
285 286 6360
286 287 6360
287 288 6360
288 289 6360
289 290 6360
290 291 6360
291 292 6360
292 293 6360
293 294 6360
294 295 6360
295 296 6360
296 297 6360
297 298 6360
298 299 6360
299 300 6360
300 301 6360
301 302 6360
302 303 6360
303 304 6360
304 305 6360
305 306 6360
306 307 6360
307 308 6360
308 309 6360
309 310 6360
310 311 6360
311 312 6360
312 313 6360
313 314 6360
314 315 6360
315 316 6360
316 317 6360
317 318 6360
318 319 6360
319 320 6360
320 321 6360
321 322 6360
322 323 6360
323 324 6360
324 325 6360
325 326 6360
326 327 6360
327 328 6360
328 329 6360
329 330 6360
330 331 6360
331 332 6360
332 333 6360
333 334 6360
334 335 6360
335 336 6360
336 337 6360
337 338 6360
338 339 6360
339 340 6360
340 341 6360
341 342 6360
342 343 6360
343 344 6360
344 345 6360
345 346 6360
346 347 6360
347 348 6360
348 349 6360
349 350 6360
350 351 6360
351 352 6360
352 353 6360
353 354 6360
354 355 6360
355 356 6360
356 357 6360
357 358 6360
358 359 6360
359 360 6360
360 361 6360
361 362 6360
362 363 6360
363 364 6360
364 365 6360
365 366 6360
366 367 6360
367 368 6360
368 369 6360
369 370 6360
370 371 6360
371 372 6360
372 373 6360
373 374 6360
374 375 6360
375 376 6360
376 377 6360
377 378 6360
378 379 6360
379 380 6360
380 381 6360
381 382 6360
382 383 6360
383 384 6360
384 385 6360
385 386 6360
386 387 6360
387 388 6360
388 389 6360
389 390 6360
390 391 6360
391 392 6360
392 393 6360
393 394 6360
394 395 6360
395 396 6360
396 397 6360
397 398 6360
398 399 6360
399 400 6360
400 401 6360
401 402 6360
402 403 6360
403 404 6360
404 405 6360
405 406 6360
406 407 6360
407 408 6360
408 409 6360
409 410 6360
410 411 6360
411 412 6360
412 413 6360
413 414 6360
414 415 6360
415 416 6360
416 417 6360
417 418 6360
418 419 6360
419 420 6360
420 421 6360
421 422 6360
422 423 6360
423 424 6360
424 425 6360
425 426 6360
426 427 6360
427 428 6360
428 429 6360
429 430 6360
430 431 6360
431 432 6360
432 433 6360
433 434 6360
434 435 6360
435 436 6360
436 437 6360
437 438 6360
438 439 6360
439 440 6360
440 441 6360
441 442 6360
442 443 6360
443 444 6360
444 445 6360
445 446 6360
446 447 6360
447 448 6360
448 449 6360
449 450 6360
450 451 6360
451 452 6360
452 453 6360
453 454 6360
454 455 6360
455 456 6360
456 457 6360
457 458 6360
458 459 6360
459 460 6360
460 461 6360
461 462 6360
462 463 6360
463 464 6360
464 465 6360
465 466 6360
466 467 6360
467 468 6360
468 469 6360
469 470 6360
470 471 6360
471 472 6360
472 473 6360
473 474 6360
474 475 6360
475 476 6360
476 477 6360
477 478 6360
478 479 6360
479 480 6360
480 481 6360
481 482 6360
482 483 6360
483 484 6360
484 485 6360
485 486 6360
486 487 6360
487 488 6360
488 489 6360
489 490 6360
490 491 6360
491 492 6360
492 493 6360
493 494 6360
494 495 6360
495 496 6360
496 497 6360
497 498 6360
498 499 6360
499 500 6360
500 501 6360
501 502 6360
502 503 6360
503 504 6360
504 505 6360
505 506 6360
506 507 6360
507 508 6360
508 509 6360
509 510 6360
510 511 6360
511 512 6360
512 513 6360
513 514 6360
514 515 6360
515 516 6360
516 517 6360
517 518 6360
518 519 6360
519 520 6360
520 521 6360
521 522 6360
522 523 6360
523 524 6360
524 525 6360
525 526 6360
526 527 6360
527 528 6360
528 529 6360
529 530 6360
530 531 6360
531 532 6360
532 533 6360
533 534 6360
534 535 6360
535 536 6360
536 537 6360
537 538 6360
538 539 6360
539 540 6360
540 541 6360
541 542 6360
542 543 6360
543 544 6360
544 545 6360
545 546 6360
546 547 6360
547 548 6360
548 549 6360
549 550 6360
550 551 6360
551 552 6360
552 553 6360
553 554 6360
554 555 6360
555 556 6360
556 557 6360
557 558 6360
558 559 6360
559 560 6360
560 561 6360
561 562 6360
562 563 6360
563 564 6360
564 565 6360
565 566 6360
566 567 6360
567 568 6360
568 569 6360
569 570 6360
570 571 6360
571 572 6360
572 573 6360
573 574 6360
574 575 6360
575 576 6360
576 577 6360
577 578 6360
578 579 6360
579 580 6360
580 581 6360
581 582 6360
582 583 6360
583 584 6360
584 585 6360
585 586 6360
586 587 6360
587 588 6360
588 589 6360
589 590 6360
590 591 6360
591 592 6360
592 593 6360
593 594 6360
594 595 6360
595 596 6360
596 597 6360
597 598 6360
598 599 6360
599 600 6360
600 601 6360
601 602 6360
602 603 6360
603 604 6360
604 605 6360
605 606 6360
606 607 6360
607 608 6360
608 609 6360
609 610 6360
610 611 6360
611 612 6360
612 613 6360
613 614 6360
614 615 6360
615 616 6360
616 617 6360
617 618 6360
618 619 6360
619 620 6360
620 621 6360
621 622 6360
622 623 6360
623 624 6360
624 625 6360
625 626 6360
626 627 6360
627 628 6360
628 629 6360
629 630 6360
630 631 6360
631 632 6360
632 633 6360
633 634 6360
634 635 6360
28 250 6360
200 463 6360
297 326 6360
280 536 6360
163 509 6360
173 470 6360
298 324 6360
303 311 6360
54 373 6360
219 585 6360
250 260 6360
74 501 6360
243 607 6360
287 499 6360
2 74 6360
41 379 6360
204 367 6360
18 409 6360
184 501 6360
238 347 6360
272 527 6360
288 550 6360
15 252 6360
147 419 6360
65 537 6360
262 358 6360
92 554 6360
167 587 6360
284 612 6360
84 97 6360
166 387 6360
14 65 6360
195 546 6360
12 238 6360
28 497 6360
128 213 6360
39 613 6360
23 188 6360
97 180 6360
260 627 6360
168 406 6360
160 335 6360
212 555 6360
256 336 6360
102 592 6360
212 406 6360
263 357 6360
239 493 6360
239 434 6360
154 601 6360
181 535 6360
184 557 6360
126 346 6360
276 420 6360
87 392 6360
17 440 6360
10 190 6360
138 512 6360
150 196 6360
114 245 6360
232 262 6360
10 58 6360
232 305 6360
0 23 6360
74 353 6360
49 635 6360
88 122 6360
70 210 6360
293 435 6360
180 413 6360
127 231 6360
311 568 6360
42 425 6360
246 466 6360
269 382 6360
142 210 6360
214 368 6360
240 572 6360
61 501 6360
194 313 6360
249 346 6360
219 221 6360
303 329 6360
287 353 6360
165 258 6360
137 543 6360
220 291 6360
245 546 6360
258 592 6360
107 505 6360
197 427 6360
159 589 6360
100 130 6360
279 611 6360
270 353 6360
241 403 6360
155 424 6360
110 406 6360
200 326 6360
215 236 6360
298 514 6360
285 536 6360
145 226 6360
22 454 6360
295 377 6360
150 372 6360
97 296 6360
300 417 6360
307 413 6360
294 611 6360
155 428 6360
44 408 6360
45 621 6360
314 593 6360
281 310 6360
254 276 6360
177 283 6360
161 257 6360
34 610 6360
281 583 6360
47 397 6360
300 523 6360
36 594 6360
209 365 6360
0 351 6360
37 60 6360
122 605 6360
9 594 6360
238 286 6360
58 162 6360
234 556 6360
3 268 6360
18 289 6360
287 566 6360
79 528 6360
65 158 6360
54 59 6360
6 17 6360
218 356 6360
185 197 6360
141 535 6360
141 591 6360
165 543 6360
175 399 6360
285 500 6360
118 183 6360
134 564 6360
185 427 6360
145 425 6360
100 276 6360
242 385 6360
96 221 6360
105 620 6360
151 408 6360
92 288 6360
116 392 6360
46 303 6360
234 380 6360
83 274 6360
26 431 6360
142 401 6360
159 230 6360
155 185 6360
260 519 6360
89 360 6360
7 33 6360
103 230 6360
103 347 6360
147 175 6360
94 357 6360
264 459 6360
188 331 6360
200 383 6360
244 554 6360
85 418 6360
229 270 6360
267 425 6360
106 166 6360
69 545 6360
230 610 6360
268 614 6360
31 180 6360
223 275 6360
152 236 6360
176 385 6360
113 387 6360
84 248 6360
107 568 6360
250 469 6360
280 399 6360
76 172 6360
255 303 6360
178 519 6360
49 506 6360
242 449 6360
264 379 6360
305 408 6360
167 224 6360
25 601 6360
189 283 6360
213 612 6360
114 358 6360
168 528 6360
243 430 6360
19 503 6360
112 558 6360
154 517 6360
5 39 6360
258 471 6360
210 325 6360
232 523 6360
80 217 6360
211 277 6360
257 294 6360
305 571 6360
35 423 6360
276 511 6360
100 537 6360
26 180 6360
250 501 6360
177 405 6360
166 462 6360
280 296 6360
51 399 6360
236 280 6360
107 224 6360
173 566 6360
97 293 6360
209 301 6360
295 586 6360
169 187 6360
61 627 6360
293 415 6360
224 453 6360
292 583 6360
179 607 6360
0 236 6360
304 413 6360
281 339 6360
119 621 6360
140 164 6360
167 616 6360
160 462 6360
93 617 6360
313 519 6360
132 556 6360
79 544 6360
232 457 6360
156 614 6360
301 575 6360
186 304 6360
289 526 6360
197 314 6360
66 461 6360
271 403 6360
89 330 6360
34 533 6360
172 216 6360
43 47 6360
288 581 6360
36 140 6360
238 409 6360
290 554 6360
163 253 6360
218 545 6360
41 150 6360
148 630 6360
225 260 6360
150 203 6360
24 409 6360
179 183 6360
0 236 6360
50 552 6360
308 494 6360
202 438 6360
138 380 6360
3 23 6360
258 528 6360
84 614 6360
189 242 6360
198 619 6360
220 252 6360
14 144 6360
79 621 6360
60 185 6360
248 323 6360
238 252 6360
64 193 6360
257 555 6360
119 256 6360
39 122 6360
260 395 6360
275 402 6360
184 290 6360
65 268 6360
33 142 6360
296 349 6360
210 532 6360
224 315 6360
4 308 6360
162 425 6360
168 457 6360
136 173 6360
27 505 6360
126 231 6360
105 576 6360
186 201 6360
196 265 6360
242 463 6360
128 385 6360
137 365 6360
245 310 6360
119 196 6360
237 402 6360
278 295 6360
15 600 6360
175 626 6360
295 527 6360
95 154 6360
247 381 6360
202 348 6360
83 414 6360
175 532 6360
64 197 6360
19 594 6360
102 176 6360
26 402 6360
70 266 6360
158 366 6360
302 621 6360
192 470 6360
283 609 6360
98 572 6360
184 401 6360
183 538 6360
119 502 6360
297 548 6360
127 443 6360
163 606 6360
223 487 6360
6 272 6360
50 320 6360
275 550 6360
233 283 6360
33 77 6360
85 580 6360
316 588 6360
121 476 6360
16 229 6360
227 265 6360
214 559 6360
57 292 6360
304 351 6360
247 323 6360
223 613 6360
92 614 6360
230 371 6360
55 394 6360
173 619 6360
81 623 6360
122 306 6360
118 293 6360
238 471 6360
71 342 6360
171 501 6360
131 145 6360
65 381 6360
119 267 6360
19 543 6360
218 613 6360
36 197 6360
240 523 6360
121 499 6360
188 612 6360
315 486 6360
1 496 6360
162 593 6360
179 440 6360
160 168 6360
185 410 6360
145 255 6360
125 594 6360
129 325 6360
257 345 6360
276 487 6360
4 262 6360
254 498 6360
300 473 6360
265 450 6360
234 602 6360
8 587 6360
83 120 6360
205 472 6360
11 427 6360
131 607 6360
120 229 6360
99 471 6360
255 631 6360
166 206 6360
165 200 6360
123 540 6360
79 555 6360
17 324 6360
156 444 6360
128 476 6360
45 228 6360
317 508 6360
313 635 6360
18 233 6360
190 336 6360
303 574 6360
159 265 6360
260 425 6360
116 598 6360
234 443 6360
211 385 6360
114 414 6360
38 340 6360
105 323 6360
43 241 6360
286 288 6360
222 293 6360
203 287 6360
98 127 6360
286 347 6360
114 237 6360
222 396 6360
289 563 6360
190 263 6360
198 546 6360
278 532 6360
64 251 6360
33 101 6360
19 79 6360
258 558 6360
82 615 6360
169 323 6360
102 429 6360
213 592 6360
51 340 6360
237 387 6360
311 505 6360
302 383 6360
90 284 6360
257 588 6360
186 224 6360
220 541 6360
157 325 6360
47 176 6360
180 247 6360
7 468 6360
67 217 6360
261 300 6360
123 313 6360
99 383 6360
229 281 6360
64 107 6360
41 82 6360
275 465 6360
212 478 6360
1 192 6360
227 321 6360
15 229 6360
39 112 6360
195 271 6360
307 549 6360
223 506 6360
121 137 6360
124 461 6360
93 542 6360
202 483 6360
15 149 6360
229 238 6360
34 572 6360
37 589 6360
171 367 6360
121 331 6360
283 591 6360
76 520 6360
53 424 6360
190 592 6360
153 185 6360
20 277 6360
234 264 6360
25 162 6360
300 541 6360
220 460 6360
53 122 6360
55 208 6360
209 524 6360
190 566 6360
25 231 6360
12 463 6360
13 506 6360
202 214 6360
1 61 6360
164 562 6360
69 114 6360
192 559 6360
39 562 6360
116 480 6360
38 115 6360
20 152 6360
121 366 6360
218 564 6360
147 249 6360
253 261 6360
94 153 6360
271 521 6360
163 197 6360
229 533 6360
30 173 6360
293 353 6360
196 281 6360
141 268 6360
273 294 6360
237 501 6360
155 312 6360
103 329 6360
252 318 6360
25 425 6360
136 204 6360
103 584 6360
48 440 6360
216 250 6360
30 329 6360
17 168 6360
86 294 6360
252 409 6360
93 283 6360
29 86 6360
232 581 6360
244 415 6360
249 359 6360
47 283 6360
8 77 6360
190 288 6360
194 438 6360
233 461 6360
90 562 6360
136 147 6360
165 519 6360
177 359 6360
89 127 6360
289 393 6360
234 349 6360
242 443 6360
37 97 6360
30 70 6360
74 613 6360
111 377 6360
85 256 6360
26 104 6360
69 153 6360
162 510 6360
30 315 6360
211 554 6360
96 313 6360
225 396 6360
3 328 6360
94 233 6360
55 374 6360
178 626 6360
175 509 6360
235 237 6360
10 497 6360
6 364 6360
266 413 6360
154 358 6360
263 409 6360
181 615 6360
274 569 6360
197 350 6360
275 416 6360
190 526 6360
105 333 6360
285 407 6360
289 572 6360
90 485 6360
255 561 6360
314 575 6360
282 403 6360
187 584 6360
158 372 6360
163 297 6360
176 233 6360
184 265 6360
36 261 6360
273 450 6360
312 497 6360
303 569 6360
5 146 6360
67 470 6360
188 223 6360
198 468 6360
308 380 6360
0 45 6360
19 594 6360
256 626 6360
71 234 6360
230 415 6360
16 301 6360
195 477 6360
285 377 6360
215 586 6360
54 190 6360
276 545 6360
229 600 6360
100 423 6360
164 592 6360
205 522 6360
161 316 6360
120 481 6360
311 564 6360
173 361 6360
88 456 6360
217 504 6360
269 610 6360
282 483 6360
44 420 6360
265 409 6360
176 222 6360
257 278 6360
54 524 6360
171 339 6360
29 233 6360
137 314 6360
249 597 6360
317 581 6360
112 521 6360
11 83 6360
132 247 6360
