0 1 6400
1 2 6400
2 3 6400
3 4 6400
4 5 6400
5 6 6400
6 7 6400
7 8 6400
8 9 6400
9 10 6400
10 11 6400
11 12 6400
12 13 6400
13 14 6400
14 15 6400
15 16 6400
16 17 6400
17 18 6400
18 19 6400
19 20 6400
20 21 6400
21 22 6400
22 23 6400
23 24 6400
24 25 6400
25 26 6400
26 27 6400
27 28 6400
28 29 6400
29 30 6400
30 31 6400
31 32 6400
32 33 6400
33 34 6400
34 35 6400
35 36 6400
36 37 6400
37 38 6400
38 39 6400
39 40 6400
40 41 6400
41 42 6400
42 43 6400
43 44 6400
44 45 6400
45 46 6400
46 47 6400
47 48 6400
48 49 6400
49 50 6400
50 51 6400
51 52 6400
52 53 6400
53 54 6400
54 55 6400
55 56 6400
56 57 6400
57 58 6400
58 59 6400
59 60 6400
60 61 6400
61 62 6400
62 63 6400
63 64 6400
64 65 6400
65 66 6400
66 67 6400
67 68 6400
68 69 6400
69 70 6400
70 71 6400
71 72 6400
72 73 6400
73 74 6400
74 75 6400
75 76 6400
76 77 6400
77 78 6400
78 79 6400
79 80 6400
80 81 6400
81 82 6400
82 83 6400
83 84 6400
84 85 6400
85 86 6400
86 87 6400
87 88 6400
88 89 6400
89 90 6400
90 91 6400
91 92 6400
92 93 6400
93 94 6400
94 95 6400
95 96 6400
96 97 6400
97 98 6400
98 99 6400
99 100 6400
100 101 6400
101 102 6400
102 103 6400
103 104 6400
104 105 6400
105 106 6400
106 107 6400
107 108 6400
108 109 6400
109 110 6400
110 111 6400
111 112 6400
112 113 6400
113 114 6400
114 115 6400
115 116 6400
116 117 6400
117 118 6400
118 119 6400
119 120 6400
120 121 6400
121 122 6400
122 123 6400
123 124 6400
124 125 6400
125 126 6400
126 127 6400
127 128 6400
128 129 6400
129 130 6400
130 131 6400
131 132 6400
132 133 6400
133 134 6400
134 135 6400
135 136 6400
136 137 6400
137 138 6400
138 139 6400
139 140 6400
140 141 6400
141 142 6400
142 143 6400
143 144 6400
144 145 6400
145 146 6400
146 147 6400
147 148 6400
148 149 6400
149 150 6400
150 151 6400
151 152 6400
152 153 6400
153 154 6400
154 155 6400
155 156 6400
156 157 6400
157 158 6400
158 159 6400
159 160 6400
160 161 6400
161 162 6400
162 163 6400
163 164 6400
164 165 6400
165 166 6400
166 167 6400
167 168 6400
168 169 6400
169 170 6400
170 171 6400
171 172 6400
172 173 6400
173 174 6400
174 175 6400
175 176 6400
176 177 6400
177 178 6400
178 179 6400
179 180 6400
180 181 6400
181 182 6400
182 183 6400
183 184 6400
184 185 6400
185 186 6400
186 187 6400
187 188 6400
188 189 6400
189 190 6400
190 191 6400
191 192 6400
192 193 6400
193 194 6400
194 195 6400
195 196 6400
196 197 6400
197 198 6400
198 199 6400
199 200 6400
200 201 6400
201 202 6400
202 203 6400
203 204 6400
204 205 6400
205 206 6400
206 207 6400
207 208 6400
208 209 6400
209 210 6400
210 211 6400
211 212 6400
212 213 6400
213 214 6400
214 215 6400
215 216 6400
216 217 6400
217 218 6400
218 219 6400
219 220 6400
220 221 6400
221 222 6400
222 223 6400
223 224 6400
224 225 6400
225 226 6400
226 227 6400
227 228 6400
228 229 6400
229 230 6400
230 231 6400
231 232 6400
232 233 6400
233 234 6400
234 235 6400
235 236 6400
236 237 6400
237 238 6400
238 239 6400
239 240 6400
240 241 6400
241 242 6400
242 243 6400
243 244 6400
244 245 6400
245 246 6400
246 247 6400
247 248 6400
248 249 6400
249 250 6400
250 251 6400
251 252 6400
252 253 6400
253 254 6400
254 255 6400
255 256 6400
256 257 6400
257 258 6400
258 259 6400
259 260 6400
260 261 6400
261 262 6400
262 263 6400
263 264 6400
264 265 6400
265 266 6400
266 267 6400
267 268 6400
268 269 6400
269 270 6400
270 271 6400
271 272 6400
272 273 6400
273 274 6400
274 275 6400
275 276 6400
276 277 6400
277 278 6400
278 279 6400
279 280 6400
280 281 6400
281 282 6400
282 283 6400
283 284 6400
284 285 6400
285 286 6400
286 287 6400
287 288 6400
288 289 6400
289 290 6400
290 291 6400
291 292 6400
292 293 6400
293 294 6400
294 295 6400
295 296 6400
296 297 6400
297 298 6400
298 299 6400
299 300 6400
300 301 6400
301 302 6400
302 303 6400
303 304 6400
304 305 6400
305 306 6400
306 307 6400
307 308 6400
308 309 6400
309 310 6400
310 311 6400
311 312 6400
312 313 6400
313 314 6400
314 315 6400
315 316 6400
316 317 6400
317 318 6400
318 319 6400
319 320 6400
320 321 6400
321 322 6400
322 323 6400
323 324 6400
324 325 6400
325 326 6400
326 327 6400
327 328 6400
328 329 6400
329 330 6400
330 331 6400
331 332 6400
332 333 6400
333 334 6400
334 335 6400
335 336 6400
336 337 6400
337 338 6400
338 339 6400
339 340 6400
340 341 6400
341 342 6400
342 343 6400
343 344 6400
344 345 6400
345 346 6400
346 347 6400
347 348 6400
348 349 6400
349 350 6400
350 351 6400
351 352 6400
352 353 6400
353 354 6400
354 355 6400
355 356 6400
356 357 6400
357 358 6400
358 359 6400
359 360 6400
360 361 6400
361 362 6400
362 363 6400
363 364 6400
364 365 6400
365 366 6400
366 367 6400
367 368 6400
368 369 6400
369 370 6400
370 371 6400
371 372 6400
372 373 6400
373 374 6400
374 375 6400
375 376 6400
376 377 6400
377 378 6400
378 379 6400
379 380 6400
380 381 6400
381 382 6400
382 383 6400
383 384 6400
384 385 6400
385 386 6400
386 387 6400
387 388 6400
388 389 6400
389 390 6400
390 391 6400
391 392 6400
392 393 6400
393 394 6400
394 395 6400
395 396 6400
396 397 6400
397 398 6400
398 399 6400
399 400 6400
400 401 6400
401 402 6400
402 403 6400
403 404 6400
404 405 6400
405 406 6400
406 407 6400
407 408 6400
408 409 6400
409 410 6400
410 411 6400
411 412 6400
412 413 6400
413 414 6400
414 415 6400
415 416 6400
416 417 6400
417 418 6400
418 419 6400
419 420 6400
420 421 6400
421 422 6400
422 423 6400
423 424 6400
424 425 6400
425 426 6400
426 427 6400
427 428 6400
428 429 6400
429 430 6400
430 431 6400
431 432 6400
432 433 6400
433 434 6400
434 435 6400
435 436 6400
436 437 6400
437 438 6400
438 439 6400
439 440 6400
440 441 6400
441 442 6400
442 443 6400
443 444 6400
444 445 6400
445 446 6400
446 447 6400
447 448 6400
448 449 6400
449 450 6400
450 451 6400
451 452 6400
452 453 6400
453 454 6400
454 455 6400
455 456 6400
456 457 6400
457 458 6400
458 459 6400
459 460 6400
460 461 6400
461 462 6400
462 463 6400
463 464 6400
464 465 6400
465 466 6400
466 467 6400
467 468 6400
468 469 6400
469 470 6400
470 471 6400
471 472 6400
472 473 6400
473 474 6400
474 475 6400
475 476 6400
476 477 6400
477 478 6400
478 479 6400
479 480 6400
480 481 6400
481 482 6400
482 483 6400
483 484 6400
484 485 6400
485 486 6400
486 487 6400
487 488 6400
488 489 6400
489 490 6400
490 491 6400
491 492 6400
492 493 6400
493 494 6400
494 495 6400
495 496 6400
496 497 6400
497 498 6400
498 499 6400
499 500 6400
500 501 6400
501 502 6400
502 503 6400
503 504 6400
504 505 6400
505 506 6400
506 507 6400
507 508 6400
508 509 6400
509 510 6400
510 511 6400
511 512 6400
512 513 6400
513 514 6400
514 515 6400
515 516 6400
516 517 6400
517 518 6400
518 519 6400
519 520 6400
520 521 6400
521 522 6400
522 523 6400
523 524 6400
524 525 6400
525 526 6400
526 527 6400
527 528 6400
528 529 6400
529 530 6400
530 531 6400
531 532 6400
532 533 6400
533 534 6400
534 535 6400
535 536 6400
536 537 6400
537 538 6400
538 539 6400
539 540 6400
540 541 6400
541 542 6400
542 543 6400
543 544 6400
544 545 6400
545 546 6400
546 547 6400
547 548 6400
548 549 6400
549 550 6400
550 551 6400
551 552 6400
552 553 6400
553 554 6400
554 555 6400
555 556 6400
556 557 6400
557 558 6400
558 559 6400
559 560 6400
560 561 6400
561 562 6400
562 563 6400
563 564 6400
564 565 6400
565 566 6400
566 567 6400
567 568 6400
568 569 6400
569 570 6400
570 571 6400
571 572 6400
572 573 6400
573 574 6400
574 575 6400
575 576 6400
576 577 6400
577 578 6400
578 579 6400
579 580 6400
580 581 6400
581 582 6400
582 583 6400
583 584 6400
584 585 6400
585 586 6400
586 587 6400
587 588 6400
588 589 6400
589 590 6400
590 591 6400
591 592 6400
592 593 6400
593 594 6400
594 595 6400
595 596 6400
596 597 6400
597 598 6400
598 599 6400
599 600 6400
600 601 6400
601 602 6400
602 603 6400
603 604 6400
604 605 6400
605 606 6400
606 607 6400
607 608 6400
608 609 6400
609 610 6400
610 611 6400
611 612 6400
612 613 6400
613 614 6400
614 615 6400
615 616 6400
616 617 6400
617 618 6400
618 619 6400
619 620 6400
620 621 6400
621 622 6400
622 623 6400
623 624 6400
624 625 6400
625 626 6400
626 627 6400
627 628 6400
628 629 6400
629 630 6400
630 631 6400
631 632 6400
632 633 6400
633 634 6400
634 635 6400
635 636 6400
636 637 6400
637 638 6400
638 639 6400
28 337 6400
252 325 6400
246 557 6400
247 454 6400
21 622 6400
197 288 6400
242 395 6400
211 608 6400
281 351 6400
315 555 6400
236 400 6400
60 199 6400
308 375 6400
218 332 6400
308 387 6400
103 433 6400
192 588 6400
25 350 6400
259 461 6400
169 616 6400
74 616 6400
117 600 6400
81 250 6400
233 585 6400
215 382 6400
216 318 6400
218 254 6400
120 508 6400
240 486 6400
51 330 6400
317 517 6400
140 634 6400
13 497 6400
274 386 6400
20 420 6400
71 249 6400
305 582 6400
235 402 6400
142 318 6400
182 450 6400
284 564 6400
267 351 6400
278 366 6400
207 460 6400
248 258 6400
200 623 6400
190 608 6400
228 373 6400
230 570 6400
4 169 6400
116 174 6400
210 590 6400
232 629 6400
231 468 6400
195 268 6400
87 362 6400
75 273 6400
226 397 6400
214 401 6400
242 528 6400
193 473 6400
298 552 6400
271 601 6400
265 335 6400
113 217 6400
69 232 6400
98 550 6400
44 66 6400
307 481 6400
112 479 6400
87 112 6400
253 509 6400
172 553 6400
317 578 6400
219 527 6400
42 567 6400
158 594 6400
264 613 6400
210 310 6400
76 273 6400
148 219 6400
64 420 6400
95 245 6400
185 314 6400
271 452 6400
47 561 6400
109 181 6400
275 574 6400
141 408 6400
179 224 6400
193 202 6400
206 297 6400
231 630 6400
88 466 6400
78 532 6400
86 262 6400
49 153 6400
264 614 6400
155 574 6400
110 126 6400
116 221 6400
305 477 6400
9 463 6400
309 451 6400
18 467 6400
134 211 6400
105 620 6400
193 319 6400
100 635 6400
314 540 6400
62 239 6400
96 184 6400
33 412 6400
205 419 6400
232 436 6400
129 435 6400
93 255 6400
129 518 6400
283 489 6400
243 555 6400
1 194 6400
221 525 6400
284 311 6400
274 361 6400
277 354 6400
179 614 6400
299 503 6400
86 426 6400
227 295 6400
225 382 6400
278 352 6400
48 578 6400
67 122 6400
215 539 6400
142 302 6400
23 299 6400
141 554 6400
308 401 6400
32 431 6400
54 359 6400
146 170 6400
159 617 6400
86 570 6400
304 453 6400
319 529 6400
221 485 6400
111 485 6400
122 452 6400
58 323 6400
234 581 6400
305 538 6400
182 297 6400
51 343 6400
141 188 6400
151 566 6400
139 519 6400
165 532 6400
208 475 6400
180 520 6400
176 458 6400
81 422 6400
123 372 6400
50 460 6400
185 466 6400
103 474 6400
182 189 6400
121 533 6400
46 544 6400
160 604 6400
255 579 6400
269 465 6400
253 562 6400
130 240 6400
110 229 6400
155 527 6400
261 431 6400
58 150 6400
314 342 6400
143 587 6400
223 272 6400
259 569 6400
307 425 6400
282 308 6400
33 100 6400
208 617 6400
269 429 6400
32 226 6400
238 615 6400
100 208 6400
21 578 6400
50 581 6400
26 388 6400
235 498 6400
120 288 6400
26 79 6400
149 523 6400
54 460 6400
238 574 6400
70 278 6400
220 516 6400
35 532 6400
17 94 6400
50 367 6400
1 204 6400
159 192 6400
3 567 6400
224 249 6400
200 522 6400
128 307 6400
197 512 6400
136 616 6400
206 610 6400
26 584 6400
301 448 6400
229 413 6400
75 350 6400
30 599 6400
60 164 6400
36 419 6400
53 401 6400
68 627 6400
128 603 6400
215 581 6400
312 579 6400
51 396 6400
111 195 6400
306 507 6400
231 601 6400
189 304 6400
270 427 6400
151 213 6400
46 609 6400
264 429 6400
60 390 6400
170 203 6400
51 62 6400
88 392 6400
62 280 6400
8 103 6400
288 542 6400
225 543 6400
173 468 6400
159 237 6400
65 310 6400
116 203 6400
179 350 6400
23 500 6400
316 413 6400
32 424 6400
27 83 6400
4 122 6400
94 604 6400
267 416 6400
229 401 6400
16 163 6400
130 295 6400
317 371 6400
196 402 6400
125 482 6400
131 512 6400
225 551 6400
147 231 6400
156 518 6400
69 391 6400
211 367 6400
301 420 6400
208 469 6400
120 301 6400
86 614 6400
318 347 6400
320 392 6400
33 392 6400
274 409 6400
58 184 6400
67 554 6400
87 390 6400
315 608 6400
10 486 6400
134 441 6400
38 524 6400
194 623 6400
125 385 6400
164 602 6400
263 373 6400
155 255 6400
290 636 6400
41 500 6400
270 398 6400
50 111 6400
132 285 6400
0 176 6400
148 341 6400
54 204 6400
1 182 6400
7 32 6400
153 617 6400
242 539 6400
254 379 6400
290 520 6400
36 128 6400
317 440 6400
47 617 6400
226 289 6400
203 328 6400
26 456 6400
286 513 6400
22 181 6400
30 137 6400
241 520 6400
191 568 6400
40 87 6400
40 106 6400
144 264 6400
255 310 6400
176 632 6400
234 491 6400
150 590 6400
46 402 6400
4 440 6400
222 274 6400
273 458 6400
148 156 6400
167 230 6400
226 487 6400
103 512 6400
290 605 6400
227 557 6400
144 593 6400
256 593 6400
42 237 6400
135 395 6400
237 314 6400
124 562 6400
3 626 6400
227 230 6400
189 325 6400
236 499 6400
115 520 6400
219 268 6400
39 318 6400
281 580 6400
290 333 6400
264 331 6400
228 339 6400
192 475 6400
198 529 6400
217 608 6400
65 568 6400
65 527 6400
240 525 6400
258 615 6400
133 242 6400
21 396 6400
95 408 6400
273 418 6400
164 197 6400
23 113 6400
20 345 6400
80 287 6400
251 512 6400
14 390 6400
63 192 6400
224 293 6400
15 379 6400
174 462 6400
108 509 6400
173 414 6400
11 152 6400
191 431 6400
290 625 6400
263 469 6400
95 284 6400
57 519 6400
188 228 6400
283 298 6400
106 462 6400
316 351 6400
171 561 6400
120 468 6400
132 400 6400
186 437 6400
39 216 6400
297 550 6400
163 386 6400
53 418 6400
204 475 6400
87 561 6400
36 334 6400
313 484 6400
171 219 6400
260 329 6400
288 577 6400
205 559 6400
186 550 6400
295 383 6400
72 395 6400
288 337 6400
222 523 6400
166 470 6400
104 198 6400
142 313 6400
217 324 6400
3 428 6400
230 322 6400
7 317 6400
281 392 6400
227 513 6400
28 336 6400
17 222 6400
162 262 6400
269 409 6400
206 428 6400
272 515 6400
254 565 6400
114 609 6400
132 261 6400
205 350 6400
42 486 6400
271 325 6400
172 577 6400
37 635 6400
195 282 6400
193 422 6400
131 140 6400
283 361 6400
30 584 6400
109 408 6400
93 329 6400
158 501 6400
50 109 6400
59 295 6400
96 129 6400
262 558 6400
169 639 6400
116 342 6400
52 327 6400
148 359 6400
307 373 6400
51 629 6400
264 475 6400
68 297 6400
82 140 6400
114 627 6400
8 573 6400
10 245 6400
254 422 6400
153 327 6400
270 491 6400
251 617 6400
310 590 6400
126 192 6400
87 96 6400
63 318 6400
319 495 6400
261 555 6400
264 269 6400
15 473 6400
223 262 6400
163 441 6400
183 417 6400
54 251 6400
146 483 6400
168 617 6400
191 394 6400
280 513 6400
19 372 6400
229 528 6400
294 613 6400
150 277 6400
60 623 6400
99 232 6400
6 317 6400
108 634 6400
246 312 6400
46 180 6400
258 481 6400
288 345 6400
234 349 6400
80 396 6400
272 438 6400
91 209 6400
29 311 6400
44 125 6400
70 181 6400
119 486 6400
277 287 6400
64 126 6400
268 629 6400
227 596 6400
309 362 6400
135 139 6400
289 347 6400
54 630 6400
122 339 6400
6 400 6400
303 580 6400
290 366 6400
12 174 6400
307 500 6400
202 302 6400
200 549 6400
14 301 6400
171 454 6400
184 213 6400
261 583 6400
21 496 6400
96 308 6400
29 265 6400
172 454 6400
41 245 6400
136 401 6400
149 434 6400
140 360 6400
290 599 6400
56 523 6400
201 638 6400
27 548 6400
17 185 6400
315 390 6400
288 453 6400
93 434 6400
152 473 6400
199 561 6400
13 173 6400
286 514 6400
92 114 6400
127 312 6400
156 236 6400
101 571 6400
204 215 6400
258 477 6400
227 479 6400
145 484 6400
231 442 6400
82 499 6400
296 342 6400
283 374 6400
74 242 6400
245 433 6400
82 534 6400
78 378 6400
153 331 6400
172 494 6400
58 323 6400
228 273 6400
253 371 6400
107 521 6400
71 107 6400
145 401 6400
34 90 6400
198 281 6400
251 376 6400
237 527 6400
210 524 6400
184 234 6400
149 290 6400
165 451 6400
8 223 6400
58 220 6400
266 454 6400
296 594 6400
284 360 6400
217 301 6400
269 374 6400
122 430 6400
279 460 6400
134 292 6400
131 189 6400
283 456 6400
314 401 6400
72 410 6400
270 441 6400
58 202 6400
184 578 6400
220 457 6400
288 596 6400
187 483 6400
19 53 6400
18 204 6400
39 550 6400
25 264 6400
47 198 6400
245 543 6400
287 441 6400
159 367 6400
151 589 6400
19 125 6400
106 215 6400
290 465 6400
212 481 6400
289 472 6400
131 589 6400
134 163 6400
307 430 6400
167 390 6400
306 469 6400
319 523 6400
150 521 6400
138 539 6400
67 123 6400
219 589 6400
77 213 6400
42 376 6400
136 437 6400
221 364 6400
91 191 6400
31 277 6400
319 567 6400
250 252 6400
211 348 6400
96 478 6400
228 600 6400
13 121 6400
89 362 6400
92 269 6400
54 237 6400
287 313 6400
140 310 6400
202 516 6400
157 438 6400
145 249 6400
105 557 6400
277 553 6400
37 435 6400
198 225 6400
28 273 6400
185 445 6400
72 592 6400
302 541 6400
31 280 6400
143 343 6400
52 487 6400
30 173 6400
296 377 6400
32 88 6400
270 517 6400
