0 1 6440
1 2 6440
2 3 6440
3 4 6440
4 5 6440
5 6 6440
6 7 6440
7 8 6440
8 9 6440
9 10 6440
10 11 6440
11 12 6440
12 13 6440
13 14 6440
14 15 6440
15 16 6440
16 17 6440
17 18 6440
18 19 6440
19 20 6440
20 21 6440
21 22 6440
22 23 6440
23 24 6440
24 25 6440
25 26 6440
26 27 6440
27 28 6440
28 29 6440
29 30 6440
30 31 6440
31 32 6440
32 33 6440
33 34 6440
34 35 6440
35 36 6440
36 37 6440
37 38 6440
38 39 6440
39 40 6440
40 41 6440
41 42 6440
42 43 6440
43 44 6440
44 45 6440
45 46 6440
46 47 6440
47 48 6440
48 49 6440
49 50 6440
50 51 6440
51 52 6440
52 53 6440
53 54 6440
54 55 6440
55 56 6440
56 57 6440
57 58 6440
58 59 6440
59 60 6440
60 61 6440
61 62 6440
62 63 6440
63 64 6440
64 65 6440
65 66 6440
66 67 6440
67 68 6440
68 69 6440
69 70 6440
70 71 6440
71 72 6440
72 73 6440
73 74 6440
74 75 6440
75 76 6440
76 77 6440
77 78 6440
78 79 6440
79 80 6440
80 81 6440
81 82 6440
82 83 6440
83 84 6440
84 85 6440
85 86 6440
86 87 6440
87 88 6440
88 89 6440
89 90 6440
90 91 6440
91 92 6440
92 93 6440
93 94 6440
94 95 6440
95 96 6440
96 97 6440
97 98 6440
98 99 6440
99 100 6440
100 101 6440
101 102 6440
102 103 6440
103 104 6440
104 105 6440
105 106 6440
106 107 6440
107 108 6440
108 109 6440
109 110 6440
110 111 6440
111 112 6440
112 113 6440
113 114 6440
114 115 6440
115 116 6440
116 117 6440
117 118 6440
118 119 6440
119 120 6440
120 121 6440
121 122 6440
122 123 6440
123 124 6440
124 125 6440
125 126 6440
126 127 6440
127 128 6440
128 129 6440
129 130 6440
130 131 6440
131 132 6440
132 133 6440
133 134 6440
134 135 6440
135 136 6440
136 137 6440
137 138 6440
138 139 6440
139 140 6440
140 141 6440
141 142 6440
142 143 6440
143 144 6440
144 145 6440
145 146 6440
146 147 6440
147 148 6440
148 149 6440
149 150 6440
150 151 6440
151 152 6440
152 153 6440
153 154 6440
154 155 6440
155 156 6440
156 157 6440
157 158 6440
158 159 6440
159 160 6440
160 161 6440
161 162 6440
162 163 6440
163 164 6440
164 165 6440
165 166 6440
166 167 6440
167 168 6440
168 169 6440
169 170 6440
170 171 6440
171 172 6440
172 173 6440
173 174 6440
174 175 6440
175 176 6440
176 177 6440
177 178 6440
178 179 6440
179 180 6440
180 181 6440
181 182 6440
182 183 6440
183 184 6440
184 185 6440
185 186 6440
186 187 6440
187 188 6440
188 189 6440
189 190 6440
190 191 6440
191 192 6440
192 193 6440
193 194 6440
194 195 6440
195 196 6440
196 197 6440
197 198 6440
198 199 6440
199 200 6440
200 201 6440
201 202 6440
202 203 6440
203 204 6440
204 205 6440
205 206 6440
206 207 6440
207 208 6440
208 209 6440
209 210 6440
210 211 6440
211 212 6440
212 213 6440
213 214 6440
214 215 6440
215 216 6440
216 217 6440
217 218 6440
218 219 6440
219 220 6440
220 221 6440
221 222 6440
222 223 6440
223 224 6440
224 225 6440
225 226 6440
226 227 6440
227 228 6440
228 229 6440
229 230 6440
230 231 6440
231 232 6440
232 233 6440
233 234 6440
234 235 6440
235 236 6440
236 237 6440
237 238 6440
238 239 6440
239 240 6440
240 241 6440
241 242 6440
242 243 6440
243 244 6440
244 245 6440
245 246 6440
246 247 6440
247 248 6440
248 249 6440
249 250 6440
250 251 6440
251 252 6440
252 253 6440
253 254 6440
254 255 6440
255 256 6440
256 257 6440
257 258 6440
258 259 6440
259 260 6440
260 261 6440
261 262 6440
262 263 6440
263 264 6440
264 265 6440
265 266 6440
266 267 6440
267 268 6440
268 269 6440
269 270 6440
270 271 6440
271 272 6440
272 273 6440
273 274 6440
274 275 6440
275 276 6440
276 277 6440
277 278 6440
278 279 6440
279 280 6440
280 281 6440
281 282 6440
282 283 6440
283 284 6440
284 285 6440
285 286 6440
286 287 6440
287 288 6440
288 289 6440
289 290 6440
290 291 6440
291 292 6440
292 293 6440
293 294 6440
294 295 6440
295 296 6440
296 297 6440
297 298 6440
298 299 6440
299 300 6440
300 301 6440
301 302 6440
302 303 6440
303 304 6440
304 305 6440
305 306 6440
306 307 6440
307 308 6440
308 309 6440
309 310 6440
310 311 6440
311 312 6440
312 313 6440
313 314 6440
314 315 6440
315 316 6440
316 317 6440
317 318 6440
318 319 6440
319 320 6440
320 321 6440
321 322 6440
322 323 6440
323 324 6440
324 325 6440
325 326 6440
326 327 6440
327 328 6440
328 329 6440
329 330 6440
330 331 6440
331 332 6440
332 333 6440
333 334 6440
334 335 6440
335 336 6440
336 337 6440
337 338 6440
338 339 6440
339 340 6440
340 341 6440
341 342 6440
342 343 6440
343 344 6440
344 345 6440
345 346 6440
346 347 6440
347 348 6440
348 349 6440
349 350 6440
350 351 6440
351 352 6440
352 353 6440
353 354 6440
354 355 6440
355 356 6440
356 357 6440
357 358 6440
358 359 6440
359 360 6440
360 361 6440
361 362 6440
362 363 6440
363 364 6440
364 365 6440
365 366 6440
366 367 6440
367 368 6440
368 369 6440
369 370 6440
370 371 6440
371 372 6440
372 373 6440
373 374 6440
374 375 6440
375 376 6440
376 377 6440
377 378 6440
378 379 6440
379 380 6440
380 381 6440
381 382 6440
382 383 6440
383 384 6440
384 385 6440
385 386 6440
386 387 6440
387 388 6440
388 389 6440
389 390 6440
390 391 6440
391 392 6440
392 393 6440
393 394 6440
394 395 6440
395 396 6440
396 397 6440
397 398 6440
398 399 6440
399 400 6440
400 401 6440
401 402 6440
402 403 6440
403 404 6440
404 405 6440
405 406 6440
406 407 6440
407 408 6440
408 409 6440
409 410 6440
410 411 6440
411 412 6440
412 413 6440
413 414 6440
414 415 6440
415 416 6440
416 417 6440
417 418 6440
418 419 6440
419 420 6440
420 421 6440
421 422 6440
422 423 6440
423 424 6440
424 425 6440
425 426 6440
426 427 6440
427 428 6440
428 429 6440
429 430 6440
430 431 6440
431 432 6440
432 433 6440
433 434 6440
434 435 6440
435 436 6440
436 437 6440
437 438 6440
438 439 6440
439 440 6440
440 441 6440
441 442 6440
442 443 6440
443 444 6440
444 445 6440
445 446 6440
446 447 6440
447 448 6440
448 449 6440
449 450 6440
450 451 6440
451 452 6440
452 453 6440
453 454 6440
454 455 6440
455 456 6440
456 457 6440
457 458 6440
458 459 6440
459 460 6440
460 461 6440
461 462 6440
462 463 6440
463 464 6440
464 465 6440
465 466 6440
466 467 6440
467 468 6440
468 469 6440
469 470 6440
470 471 6440
471 472 6440
472 473 6440
473 474 6440
474 475 6440
475 476 6440
476 477 6440
477 478 6440
478 479 6440
479 480 6440
480 481 6440
481 482 6440
482 483 6440
483 484 6440
484 485 6440
485 486 6440
486 487 6440
487 488 6440
488 489 6440
489 490 6440
490 491 6440
491 492 6440
492 493 6440
493 494 6440
494 495 6440
495 496 6440
496 497 6440
497 498 6440
498 499 6440
499 500 6440
500 501 6440
501 502 6440
502 503 6440
503 504 6440
504 505 6440
505 506 6440
506 507 6440
507 508 6440
508 509 6440
509 510 6440
510 511 6440
511 512 6440
512 513 6440
513 514 6440
514 515 6440
515 516 6440
516 517 6440
517 518 6440
518 519 6440
519 520 6440
520 521 6440
521 522 6440
522 523 6440
523 524 6440
524 525 6440
525 526 6440
526 527 6440
527 528 6440
528 529 6440
529 530 6440
530 531 6440
531 532 6440
532 533 6440
533 534 6440
534 535 6440
535 536 6440
536 537 6440
537 538 6440
538 539 6440
539 540 6440
540 541 6440
541 542 6440
542 543 6440
543 544 6440
544 545 6440
545 546 6440
546 547 6440
547 548 6440
548 549 6440
549 550 6440
550 551 6440
551 552 6440
552 553 6440
553 554 6440
554 555 6440
555 556 6440
556 557 6440
557 558 6440
558 559 6440
559 560 6440
560 561 6440
561 562 6440
562 563 6440
563 564 6440
564 565 6440
565 566 6440
566 567 6440
567 568 6440
568 569 6440
569 570 6440
570 571 6440
571 572 6440
572 573 6440
573 574 6440
574 575 6440
575 576 6440
576 577 6440
577 578 6440
578 579 6440
579 580 6440
580 581 6440
581 582 6440
582 583 6440
583 584 6440
584 585 6440
585 586 6440
586 587 6440
587 588 6440
588 589 6440
589 590 6440
590 591 6440
591 592 6440
592 593 6440
593 594 6440
594 595 6440
595 596 6440
596 597 6440
597 598 6440
598 599 6440
599 600 6440
600 601 6440
601 602 6440
602 603 6440
603 604 6440
604 605 6440
605 606 6440
606 607 6440
607 608 6440
608 609 6440
609 610 6440
610 611 6440
611 612 6440
612 613 6440
613 614 6440
614 615 6440
615 616 6440
616 617 6440
617 618 6440
618 619 6440
619 620 6440
620 621 6440
621 622 6440
622 623 6440
623 624 6440
624 625 6440
625 626 6440
626 627 6440
627 628 6440
628 629 6440
629 630 6440
630 631 6440
631 632 6440
632 633 6440
633 634 6440
634 635 6440
635 636 6440
636 637 6440
637 638 6440
638 639 6440
639 640 6440
640 641 6440
641 642 6440
642 643 6440
83 356 6440
272 411 6440
312 430 6440
15 163 6440
7 527 6440
209 277 6440
292 319 6440
51 635 6440
75 340 6440
51 469 6440
223 269 6440
289 522 6440
49 158 6440
222 319 6440
126 357 6440
285 525 6440
225 569 6440
178 463 6440
248 469 6440
247 550 6440
230 465 6440
24 453 6440
170 366 6440
51 533 6440
176 597 6440
312 419 6440
222 521 6440
5 368 6440
208 389 6440
155 320 6440
256 321 6440
303 564 6440
282 576 6440
183 407 6440
320 510 6440
20 411 6440
292 474 6440
298 574 6440
150 557 6440
211 361 6440
23 284 6440
145 580 6440
294 629 6440
318 516 6440
127 255 6440
47 326 6440
124 159 6440
233 264 6440
14 338 6440
188 465 6440
299 566 6440
63 640 6440
46 462 6440
100 123 6440
139 421 6440
93 329 6440
220 446 6440
260 353 6440
69 193 6440
219 485 6440
308 631 6440
145 543 6440
83 138 6440
172 199 6440
64 128 6440
305 441 6440
14 531 6440
140 230 6440
184 224 6440
208 319 6440
294 321 6440
222 358 6440
313 426 6440
125 406 6440
72 153 6440
136 407 6440
55 301 6440
169 285 6440
265 597 6440
56 185 6440
3 404 6440
105 625 6440
131 141 6440
143 547 6440
221 476 6440
7 630 6440
109 401 6440
243 542 6440
302 387 6440
210 492 6440
281 446 6440
313 607 6440
258 476 6440
151 551 6440
243 626 6440
284 534 6440
219 628 6440
137 491 6440
110 561 6440
51 189 6440
36 86 6440
262 362 6440
287 545 6440
174 342 6440
297 619 6440
129 527 6440
114 515 6440
129 438 6440
68 542 6440
51 337 6440
203 448 6440
22 224 6440
124 399 6440
128 367 6440
51 523 6440
25 151 6440
45 533 6440
314 592 6440
101 469 6440
227 338 6440
151 559 6440
314 617 6440
202 356 6440
317 367 6440
103 529 6440
248 371 6440
132 639 6440
124 315 6440
246 372 6440
285 453 6440
6 524 6440
184 483 6440
63 216 6440
5 433 6440
304 458 6440
267 460 6440
133 141 6440
1 566 6440
182 241 6440
257 557 6440
163 211 6440
174 284 6440
238 460 6440
161 641 6440
275 596 6440
107 198 6440
103 527 6440
175 206 6440
144 250 6440
127 416 6440
292 425 6440
77 108 6440
171 637 6440
88 643 6440
36 396 6440
158 501 6440
256 473 6440
159 307 6440
243 550 6440
235 354 6440
321 634 6440
301 405 6440
258 523 6440
246 523 6440
13 210 6440
144 575 6440
64 436 6440
145 266 6440
178 204 6440
293 353 6440
106 477 6440
270 509 6440
258 294 6440
291 590 6440
190 539 6440
110 330 6440
57 155 6440
306 620 6440
200 415 6440
122 637 6440
274 448 6440
306 488 6440
95 637 6440
25 349 6440
225 555 6440
312 493 6440
26 351 6440
26 605 6440
7 275 6440
73 396 6440
121 261 6440
266 306 6440
77 546 6440
209 283 6440
183 325 6440
118 220 6440
47 440 6440
182 598 6440
221 630 6440
69 418 6440
69 534 6440
314 528 6440
206 541 6440
220 534 6440
148 156 6440
287 368 6440
202 244 6440
66 371 6440
262 619 6440
110 249 6440
304 317 6440
57 339 6440
58 389 6440
237 346 6440
106 211 6440
20 493 6440
315 552 6440
12 188 6440
163 639 6440
206 554 6440
6 146 6440
199 201 6440
182 335 6440
20 35 6440
187 621 6440
245 601 6440
249 345 6440
100 143 6440
299 453 6440
257 480 6440
145 529 6440
228 478 6440
44 470 6440
321 390 6440
132 467 6440
247 598 6440
16 359 6440
80 444 6440
29 357 6440
262 532 6440
280 339 6440
29 37 6440
305 485 6440
304 348 6440
89 470 6440
186 316 6440
314 429 6440
114 423 6440
306 507 6440
10 452 6440
106 540 6440
109 283 6440
32 413 6440
200 483 6440
96 167 6440
195 301 6440
2 608 6440
13 209 6440
168 307 6440
164 420 6440
221 267 6440
53 537 6440
29 453 6440
188 405 6440
144 547 6440
214 472 6440
3 620 6440
117 147 6440
225 249 6440
130 620 6440
170 643 6440
225 571 6440
184 238 6440
320 487 6440
15 354 6440
142 629 6440
194 545 6440
246 486 6440
123 287 6440
188 588 6440
110 623 6440
66 266 6440
72 491 6440
38 549 6440
136 259 6440
28 630 6440
67 451 6440
75 238 6440
208 411 6440
211 298 6440
184 397 6440
183 371 6440
11 43 6440
216 502 6440
155 190 6440
42 599 6440
303 308 6440
278 520 6440
206 546 6440
207 239 6440
172 552 6440
20 548 6440
18 404 6440
137 241 6440
147 357 6440
151 581 6440
309 360 6440
148 593 6440
184 602 6440
135 322 6440
258 307 6440
70 397 6440
102 514 6440
269 531 6440
285 508 6440
298 437 6440
319 573 6440
137 552 6440
170 206 6440
240 623 6440
309 600 6440
53 490 6440
255 273 6440
194 336 6440
83 140 6440
181 550 6440
46 236 6440
162 453 6440
320 565 6440
93 363 6440
149 414 6440
90 376 6440
273 437 6440
315 455 6440
321 559 6440
159 363 6440
246 396 6440
255 480 6440
248 441 6440
265 268 6440
281 462 6440
285 574 6440
149 583 6440
315 411 6440
264 271 6440
34 552 6440
142 339 6440
278 517 6440
81 209 6440
120 452 6440
133 317 6440
150 238 6440
128 314 6440
17 35 6440
177 181 6440
53 89 6440
310 456 6440
76 377 6440
321 629 6440
219 618 6440
11 631 6440
217 259 6440
314 570 6440
155 342 6440
179 318 6440
217 606 6440
97 537 6440
210 430 6440
313 571 6440
79 492 6440
259 431 6440
317 580 6440
72 287 6440
46 559 6440
147 385 6440
165 234 6440
37 479 6440
135 145 6440
44 202 6440
123 421 6440
136 214 6440
289 332 6440
48 127 6440
170 466 6440
43 458 6440
310 524 6440
23 228 6440
286 577 6440
64 219 6440
224 323 6440
280 399 6440
87 317 6440
235 320 6440
282 547 6440
293 419 6440
22 598 6440
302 519 6440
264 379 6440
23 368 6440
69 83 6440
268 313 6440
278 569 6440
221 629 6440
248 521 6440
49 254 6440
249 390 6440
215 351 6440
267 578 6440
301 401 6440
149 210 6440
248 298 6440
225 478 6440
106 471 6440
168 511 6440
227 549 6440
74 335 6440
319 348 6440
129 215 6440
166 458 6440
98 581 6440
77 413 6440
174 281 6440
158 376 6440
273 437 6440
169 293 6440
45 514 6440
176 318 6440
252 455 6440
75 449 6440
67 290 6440
244 388 6440
104 309 6440
194 624 6440
118 279 6440
86 111 6440
114 279 6440
52 105 6440
24 465 6440
321 632 6440
92 631 6440
87 636 6440
138 336 6440
65 469 6440
189 420 6440
308 469 6440
207 538 6440
196 533 6440
216 466 6440
35 56 6440
163 267 6440
253 389 6440
72 427 6440
203 291 6440
62 372 6440
297 549 6440
232 461 6440
263 513 6440
179 581 6440
104 157 6440
140 423 6440
181 408 6440
140 171 6440
128 168 6440
19 310 6440
147 233 6440
171 347 6440
30 380 6440
232 392 6440
100 611 6440
159 473 6440
183 444 6440
13 544 6440
31 146 6440
231 456 6440
233 268 6440
33 530 6440
267 552 6440
301 558 6440
197 532 6440
289 619 6440
62 355 6440
149 205 6440
220 367 6440
99 113 6440
313 535 6440
147 591 6440
320 507 6440
30 396 6440
29 478 6440
188 498 6440
153 509 6440
96 599 6440
268 534 6440
164 402 6440
146 616 6440
106 572 6440
215 403 6440
76 433 6440
299 367 6440
49 622 6440
316 364 6440
245 344 6440
246 257 6440
304 340 6440
256 577 6440
303 401 6440
229 377 6440
162 519 6440
166 420 6440
128 173 6440
259 543 6440
123 142 6440
90 372 6440
89 120 6440
224 413 6440
10 85 6440
198 521 6440
7 387 6440
169 480 6440
30 643 6440
110 546 6440
91 341 6440
69 219 6440
35 438 6440
262 566 6440
206 549 6440
98 478 6440
186 318 6440
321 458 6440
158 439 6440
147 316 6440
202 610 6440
309 487 6440
45 493 6440
52 223 6440
150 301 6440
311 441 6440
114 169 6440
321 400 6440
0 189 6440
163 336 6440
35 336 6440
171 615 6440
189 446 6440
146 201 6440
8 409 6440
197 489 6440
197 293 6440
188 476 6440
70 214 6440
192 354 6440
145 493 6440
266 500 6440
312 605 6440
68 178 6440
52 551 6440
74 209 6440
273 634 6440
271 569 6440
249 419 6440
104 162 6440
166 526 6440
115 347 6440
114 308 6440
73 307 6440
269 325 6440
101 474 6440
51 461 6440
250 298 6440
85 157 6440
241 564 6440
273 625 6440
255 551 6440
50 514 6440
100 133 6440
137 164 6440
309 606 6440
70 354 6440
193 618 6440
54 364 6440
113 134 6440
318 448 6440
218 608 6440
196 346 6440
144 575 6440
62 452 6440
214 551 6440
294 351 6440
244 348 6440
307 620 6440
108 201 6440
298 516 6440
11 136 6440
105 423 6440
279 339 6440
34 300 6440
69 516 6440
95 477 6440
197 333 6440
274 420 6440
125 312 6440
49 397 6440
150 502 6440
43 417 6440
308 470 6440
283 457 6440
145 216 6440
107 143 6440
60 175 6440
283 402 6440
322 643 6440
273 526 6440
109 639 6440
172 605 6440
87 210 6440
243 465 6440
300 608 6440
77 486 6440
245 584 6440
281 339 6440
294 421 6440
315 545 6440
250 611 6440
139 347 6440
301 476 6440
197 395 6440
307 496 6440
303 506 6440
266 495 6440
203 631 6440
282 361 6440
104 500 6440
60 261 6440
87 509 6440
189 378 6440
89 221 6440
66 528 6440
276 534 6440
228 612 6440
259 568 6440
304 598 6440
242 457 6440
