0 1 6480
1 2 6480
2 3 6480
3 4 6480
4 5 6480
5 6 6480
6 7 6480
7 8 6480
8 9 6480
9 10 6480
10 11 6480
11 12 6480
12 13 6480
13 14 6480
14 15 6480
15 16 6480
16 17 6480
17 18 6480
18 19 6480
19 20 6480
20 21 6480
21 22 6480
22 23 6480
23 24 6480
24 25 6480
25 26 6480
26 27 6480
27 28 6480
28 29 6480
29 30 6480
30 31 6480
31 32 6480
32 33 6480
33 34 6480
34 35 6480
35 36 6480
36 37 6480
37 38 6480
38 39 6480
39 40 6480
40 41 6480
41 42 6480
42 43 6480
43 44 6480
44 45 6480
45 46 6480
46 47 6480
47 48 6480
48 49 6480
49 50 6480
50 51 6480
51 52 6480
52 53 6480
53 54 6480
54 55 6480
55 56 6480
56 57 6480
57 58 6480
58 59 6480
59 60 6480
60 61 6480
61 62 6480
62 63 6480
63 64 6480
64 65 6480
65 66 6480
66 67 6480
67 68 6480
68 69 6480
69 70 6480
70 71 6480
71 72 6480
72 73 6480
73 74 6480
74 75 6480
75 76 6480
76 77 6480
77 78 6480
78 79 6480
79 80 6480
80 81 6480
81 82 6480
82 83 6480
83 84 6480
84 85 6480
85 86 6480
86 87 6480
87 88 6480
88 89 6480
89 90 6480
90 91 6480
91 92 6480
92 93 6480
93 94 6480
94 95 6480
95 96 6480
96 97 6480
97 98 6480
98 99 6480
99 100 6480
100 101 6480
101 102 6480
102 103 6480
103 104 6480
104 105 6480
105 106 6480
106 107 6480
107 108 6480
108 109 6480
109 110 6480
110 111 6480
111 112 6480
112 113 6480
113 114 6480
114 115 6480
115 116 6480
116 117 6480
117 118 6480
118 119 6480
119 120 6480
120 121 6480
121 122 6480
122 123 6480
123 124 6480
124 125 6480
125 126 6480
126 127 6480
127 128 6480
128 129 6480
129 130 6480
130 131 6480
131 132 6480
132 133 6480
133 134 6480
134 135 6480
135 136 6480
136 137 6480
137 138 6480
138 139 6480
139 140 6480
140 141 6480
141 142 6480
142 143 6480
143 144 6480
144 145 6480
145 146 6480
146 147 6480
147 148 6480
148 149 6480
149 150 6480
150 151 6480
151 152 6480
152 153 6480
153 154 6480
154 155 6480
155 156 6480
156 157 6480
157 158 6480
158 159 6480
159 160 6480
160 161 6480
161 162 6480
162 163 6480
163 164 6480
164 165 6480
165 166 6480
166 167 6480
167 168 6480
168 169 6480
169 170 6480
170 171 6480
171 172 6480
172 173 6480
173 174 6480
174 175 6480
175 176 6480
176 177 6480
177 178 6480
178 179 6480
179 180 6480
180 181 6480
181 182 6480
182 183 6480
183 184 6480
184 185 6480
185 186 6480
186 187 6480
187 188 6480
188 189 6480
189 190 6480
190 191 6480
191 192 6480
192 193 6480
193 194 6480
194 195 6480
195 196 6480
196 197 6480
197 198 6480
198 199 6480
199 200 6480
200 201 6480
201 202 6480
202 203 6480
203 204 6480
204 205 6480
205 206 6480
206 207 6480
207 208 6480
208 209 6480
209 210 6480
210 211 6480
211 212 6480
212 213 6480
213 214 6480
214 215 6480
215 216 6480
216 217 6480
217 218 6480
218 219 6480
219 220 6480
220 221 6480
221 222 6480
222 223 6480
223 224 6480
224 225 6480
225 226 6480
226 227 6480
227 228 6480
228 229 6480
229 230 6480
230 231 6480
231 232 6480
232 233 6480
233 234 6480
234 235 6480
235 236 6480
236 237 6480
237 238 6480
238 239 6480
239 240 6480
240 241 6480
241 242 6480
242 243 6480
243 244 6480
244 245 6480
245 246 6480
246 247 6480
247 248 6480
248 249 6480
249 250 6480
250 251 6480
251 252 6480
252 253 6480
253 254 6480
254 255 6480
255 256 6480
256 257 6480
257 258 6480
258 259 6480
259 260 6480
260 261 6480
261 262 6480
262 263 6480
263 264 6480
264 265 6480
265 266 6480
266 267 6480
267 268 6480
268 269 6480
269 270 6480
270 271 6480
271 272 6480
272 273 6480
273 274 6480
274 275 6480
275 276 6480
276 277 6480
277 278 6480
278 279 6480
279 280 6480
280 281 6480
281 282 6480
282 283 6480
283 284 6480
284 285 6480
285 286 6480
286 287 6480
287 288 6480
288 289 6480
289 290 6480
290 291 6480
291 292 6480
292 293 6480
293 294 6480
294 295 6480
295 296 6480
296 297 6480
297 298 6480
298 299 6480
299 300 6480
300 301 6480
301 302 6480
302 303 6480
303 304 6480
304 305 6480
305 306 6480
306 307 6480
307 308 6480
308 309 6480
309 310 6480
310 311 6480
311 312 6480
312 313 6480
313 314 6480
314 315 6480
315 316 6480
316 317 6480
317 318 6480
318 319 6480
319 320 6480
320 321 6480
321 322 6480
322 323 6480
323 324 6480
324 325 6480
325 326 6480
326 327 6480
327 328 6480
328 329 6480
329 330 6480
330 331 6480
331 332 6480
332 333 6480
333 334 6480
334 335 6480
335 336 6480
336 337 6480
337 338 6480
338 339 6480
339 340 6480
340 341 6480
341 342 6480
342 343 6480
343 344 6480
344 345 6480
345 346 6480
346 347 6480
347 348 6480
348 349 6480
349 350 6480
350 351 6480
351 352 6480
352 353 6480
353 354 6480
354 355 6480
355 356 6480
356 357 6480
357 358 6480
358 359 6480
359 360 6480
360 361 6480
361 362 6480
362 363 6480
363 364 6480
364 365 6480
365 366 6480
366 367 6480
367 368 6480
368 369 6480
369 370 6480
370 371 6480
371 372 6480
372 373 6480
373 374 6480
374 375 6480
375 376 6480
376 377 6480
377 378 6480
378 379 6480
379 380 6480
380 381 6480
381 382 6480
382 383 6480
383 384 6480
384 385 6480
385 386 6480
386 387 6480
387 388 6480
388 389 6480
389 390 6480
390 391 6480
391 392 6480
392 393 6480
393 394 6480
394 395 6480
395 396 6480
396 397 6480
397 398 6480
398 399 6480
399 400 6480
400 401 6480
401 402 6480
402 403 6480
403 404 6480
404 405 6480
405 406 6480
406 407 6480
407 408 6480
408 409 6480
409 410 6480
410 411 6480
411 412 6480
412 413 6480
413 414 6480
414 415 6480
415 416 6480
416 417 6480
417 418 6480
418 419 6480
419 420 6480
420 421 6480
421 422 6480
422 423 6480
423 424 6480
424 425 6480
425 426 6480
426 427 6480
427 428 6480
428 429 6480
429 430 6480
430 431 6480
431 432 6480
432 433 6480
433 434 6480
434 435 6480
435 436 6480
436 437 6480
437 438 6480
438 439 6480
439 440 6480
440 441 6480
441 442 6480
442 443 6480
443 444 6480
444 445 6480
445 446 6480
446 447 6480
447 448 6480
448 449 6480
449 450 6480
450 451 6480
451 452 6480
452 453 6480
453 454 6480
454 455 6480
455 456 6480
456 457 6480
457 458 6480
458 459 6480
459 460 6480
460 461 6480
461 462 6480
462 463 6480
463 464 6480
464 465 6480
465 466 6480
466 467 6480
467 468 6480
468 469 6480
469 470 6480
470 471 6480
471 472 6480
472 473 6480
473 474 6480
474 475 6480
475 476 6480
476 477 6480
477 478 6480
478 479 6480
479 480 6480
480 481 6480
481 482 6480
482 483 6480
483 484 6480
484 485 6480
485 486 6480
486 487 6480
487 488 6480
488 489 6480
489 490 6480
490 491 6480
491 492 6480
492 493 6480
493 494 6480
494 495 6480
495 496 6480
496 497 6480
497 498 6480
498 499 6480
499 500 6480
500 501 6480
501 502 6480
502 503 6480
503 504 6480
504 505 6480
505 506 6480
506 507 6480
507 508 6480
508 509 6480
509 510 6480
510 511 6480
511 512 6480
512 513 6480
513 514 6480
514 515 6480
515 516 6480
516 517 6480
517 518 6480
518 519 6480
519 520 6480
520 521 6480
521 522 6480
522 523 6480
523 524 6480
524 525 6480
525 526 6480
526 527 6480
527 528 6480
528 529 6480
529 530 6480
530 531 6480
531 532 6480
532 533 6480
533 534 6480
534 535 6480
535 536 6480
536 537 6480
537 538 6480
538 539 6480
539 540 6480
540 541 6480
541 542 6480
542 543 6480
543 544 6480
544 545 6480
545 546 6480
546 547 6480
547 548 6480
548 549 6480
549 550 6480
550 551 6480
551 552 6480
552 553 6480
553 554 6480
554 555 6480
555 556 6480
556 557 6480
557 558 6480
558 559 6480
559 560 6480
560 561 6480
561 562 6480
562 563 6480
563 564 6480
564 565 6480
565 566 6480
566 567 6480
567 568 6480
568 569 6480
569 570 6480
570 571 6480
571 572 6480
572 573 6480
573 574 6480
574 575 6480
575 576 6480
576 577 6480
577 578 6480
578 579 6480
579 580 6480
580 581 6480
581 582 6480
582 583 6480
583 584 6480
584 585 6480
585 586 6480
586 587 6480
587 588 6480
588 589 6480
589 590 6480
590 591 6480
591 592 6480
592 593 6480
593 594 6480
594 595 6480
595 596 6480
596 597 6480
597 598 6480
598 599 6480
599 600 6480
600 601 6480
601 602 6480
602 603 6480
603 604 6480
604 605 6480
605 606 6480
606 607 6480
607 608 6480
608 609 6480
609 610 6480
610 611 6480
611 612 6480
612 613 6480
613 614 6480
614 615 6480
615 616 6480
616 617 6480
617 618 6480
618 619 6480
619 620 6480
620 621 6480
621 622 6480
622 623 6480
623 624 6480
624 625 6480
625 626 6480
626 627 6480
627 628 6480
628 629 6480
629 630 6480
630 631 6480
631 632 6480
632 633 6480
633 634 6480
634 635 6480
635 636 6480
636 637 6480
637 638 6480
638 639 6480
639 640 6480
640 641 6480
641 642 6480
642 643 6480
643 644 6480
644 645 6480
645 646 6480
646 647 6480
232 347 6480
240 426 6480
95 304 6480
152 287 6480
17 529 6480
22 308 6480
170 640 6480
8 175 6480
308 635 6480
172 185 6480
252 545 6480
215 503 6480
0 128 6480
117 208 6480
276 563 6480
138 319 6480
71 199 6480
304 322 6480
11 626 6480
26 518 6480
146 622 6480
157 355 6480
143 472 6480
67 278 6480
262 466 6480
157 420 6480
182 479 6480
46 307 6480
27 87 6480
261 354 6480
122 326 6480
207 361 6480
236 423 6480
95 501 6480
251 414 6480
95 187 6480
112 449 6480
200 206 6480
205 351 6480
266 379 6480
48 367 6480
80 431 6480
20 350 6480
31 359 6480
7 484 6480
47 103 6480
83 559 6480
79 532 6480
72 359 6480
99 373 6480
42 305 6480
194 473 6480
110 573 6480
206 343 6480
236 646 6480
61 206 6480
154 435 6480
102 622 6480
133 403 6480
206 276 6480
37 115 6480
204 233 6480
67 79 6480
290 510 6480
60 328 6480
215 350 6480
7 396 6480
199 323 6480
265 394 6480
132 212 6480
209 345 6480
118 159 6480
1 285 6480
34 505 6480
245 519 6480
197 643 6480
234 632 6480
279 374 6480
124 484 6480
18 418 6480
121 510 6480
209 366 6480
79 133 6480
34 164 6480
283 519 6480
322 523 6480
239 554 6480
278 418 6480
243 634 6480
324 347 6480
107 459 6480
224 239 6480
104 435 6480
118 255 6480
39 210 6480
174 418 6480
260 581 6480
46 497 6480
193 506 6480
139 593 6480
259 340 6480
73 334 6480
279 567 6480
275 501 6480
206 512 6480
67 332 6480
210 234 6480
199 630 6480
157 544 6480
311 425 6480
219 301 6480
96 499 6480
85 254 6480
244 551 6480
74 357 6480
4 597 6480
269 320 6480
225 244 6480
217 493 6480
83 209 6480
38 381 6480
152 567 6480
128 239 6480
201 641 6480
73 511 6480
157 356 6480
225 580 6480
256 637 6480
53 146 6480
37 335 6480
295 470 6480
129 596 6480
111 527 6480
46 367 6480
128 551 6480
219 298 6480
127 589 6480
302 383 6480
138 392 6480
224 552 6480
315 431 6480
143 454 6480
31 432 6480
6 239 6480
200 549 6480
324 467 6480
146 617 6480
24 474 6480
14 171 6480
65 443 6480
10 337 6480
291 456 6480
249 425 6480
93 163 6480
278 417 6480
155 259 6480
304 600 6480
121 546 6480
157 248 6480
217 542 6480
312 380 6480
268 394 6480
201 498 6480
290 392 6480
182 593 6480
190 505 6480
322 602 6480
140 177 6480
47 537 6480
254 326 6480
250 441 6480
171 205 6480
267 575 6480
60 525 6480
163 240 6480
71 161 6480
166 215 6480
290 435 6480
250 325 6480
45 58 6480
22 462 6480
291 544 6480
52 172 6480
267 430 6480
147 496 6480
132 567 6480
235 359 6480
2 221 6480
112 179 6480
309 443 6480
22 552 6480
215 620 6480
139 491 6480
236 299 6480
126 344 6480
198 461 6480
170 426 6480
237 502 6480
283 599 6480
170 191 6480
142 455 6480
219 247 6480
33 168 6480
150 277 6480
293 577 6480
96 643 6480
235 433 6480
158 460 6480
169 197 6480
65 411 6480
144 417 6480
222 577 6480
279 547 6480
62 406 6480
237 514 6480
215 645 6480
151 288 6480
123 150 6480
233 579 6480
293 510 6480
13 472 6480
236 353 6480
255 405 6480
176 325 6480
174 249 6480
304 325 6480
236 482 6480
184 486 6480
62 557 6480
132 379 6480
130 190 6480
80 539 6480
59 173 6480
209 422 6480
117 172 6480
41 199 6480
2 530 6480
278 478 6480
181 517 6480
11 56 6480
157 548 6480
167 618 6480
27 61 6480
236 256 6480
44 509 6480
281 318 6480
46 547 6480
59 309 6480
52 193 6480
82 199 6480
122 627 6480
37 105 6480
257 413 6480
145 414 6480
221 640 6480
58 499 6480
111 316 6480
288 429 6480
161 320 6480
94 394 6480
95 128 6480
306 349 6480
164 482 6480
207 384 6480
268 646 6480
95 99 6480
91 237 6480
202 358 6480
318 539 6480
303 593 6480
20 474 6480
267 378 6480
116 118 6480
178 638 6480
243 277 6480
46 360 6480
119 551 6480
153 603 6480
49 180 6480
116 545 6480
201 515 6480
138 509 6480
277 493 6480
63 546 6480
222 430 6480
72 317 6480
236 257 6480
137 597 6480
139 628 6480
310 500 6480
303 310 6480
230 498 6480
83 245 6480
149 476 6480
294 347 6480
120 227 6480
185 216 6480
298 416 6480
164 500 6480
58 560 6480
250 434 6480
169 172 6480
251 439 6480
277 295 6480
218 264 6480
115 241 6480
255 503 6480
282 394 6480
3 46 6480
268 428 6480
264 269 6480
4 598 6480
313 594 6480
194 490 6480
150 428 6480
192 541 6480
142 217 6480
322 355 6480
9 235 6480
284 589 6480
74 526 6480
126 499 6480
200 256 6480
174 476 6480
93 343 6480
39 429 6480
99 327 6480
151 553 6480
139 212 6480
315 341 6480
122 199 6480
113 365 6480
77 522 6480
185 271 6480
217 273 6480
296 638 6480
11 36 6480
76 614 6480
21 177 6480
249 619 6480
224 560 6480
249 335 6480
261 455 6480
68 151 6480
41 617 6480
167 471 6480
150 445 6480
202 479 6480
126 151 6480
100 262 6480
240 262 6480
138 509 6480
93 575 6480
152 351 6480
306 316 6480
97 439 6480
39 626 6480
268 316 6480
5 216 6480
123 582 6480
198 257 6480
1 380 6480
143 390 6480
122 276 6480
220 254 6480
198 619 6480
8 21 6480
153 592 6480
266 584 6480
131 582 6480
15 568 6480
171 389 6480
89 188 6480
179 555 6480
212 323 6480
111 487 6480
183 444 6480
113 406 6480
215 275 6480
1 42 6480
133 339 6480
149 455 6480
227 455 6480
155 261 6480
312 351 6480
108 288 6480
139 470 6480
92 425 6480
156 429 6480
209 359 6480
122 160 6480
198 554 6480
54 606 6480
117 124 6480
187 418 6480
46 305 6480
153 337 6480
88 645 6480
105 129 6480
99 421 6480
34 225 6480
298 417 6480
219 456 6480
296 405 6480
101 454 6480
286 580 6480
120 402 6480
42 272 6480
303 472 6480
19 60 6480
104 587 6480
34 259 6480
169 396 6480
93 311 6480
143 212 6480
44 450 6480
297 460 6480
324 629 6480
103 464 6480
90 179 6480
231 248 6480
155 442 6480
47 157 6480
213 558 6480
180 445 6480
11 249 6480
70 159 6480
254 465 6480
245 437 6480
55 290 6480
92 633 6480
267 365 6480
37 295 6480
187 234 6480
8 513 6480
41 53 6480
176 473 6480
14 647 6480
92 490 6480
40 202 6480
85 284 6480
289 304 6480
124 638 6480
321 500 6480
58 128 6480
202 248 6480
33 72 6480
147 422 6480
141 146 6480
18 382 6480
108 193 6480
197 398 6480
72 374 6480
23 359 6480
26 532 6480
267 459 6480
59 513 6480
218 539 6480
262 485 6480
214 339 6480
167 365 6480
199 538 6480
90 190 6480
142 626 6480
285 290 6480
204 628 6480
160 541 6480
62 196 6480
135 632 6480
302 475 6480
309 514 6480
100 171 6480
315 487 6480
172 477 6480
16 449 6480
214 242 6480
64 405 6480
108 299 6480
157 645 6480
132 548 6480
315 638 6480
128 273 6480
150 175 6480
114 513 6480
18 613 6480
95 568 6480
160 533 6480
270 385 6480
298 605 6480
99 222 6480
292 484 6480
35 472 6480
32 384 6480
177 571 6480
32 77 6480
288 423 6480
270 495 6480
150 597 6480
296 537 6480
311 400 6480
5 509 6480
11 374 6480
249 598 6480
275 477 6480
201 224 6480
106 432 6480
112 629 6480
135 290 6480
305 390 6480
256 283 6480
68 154 6480
55 507 6480
41 116 6480
164 359 6480
293 566 6480
85 191 6480
11 152 6480
217 341 6480
43 98 6480
174 591 6480
300 395 6480
1 209 6480
8 246 6480
71 194 6480
249 361 6480
45 564 6480
111 495 6480
74 338 6480
313 470 6480
152 160 6480
256 571 6480
45 492 6480
175 403 6480
11 330 6480
98 515 6480
153 161 6480
315 574 6480
275 299 6480
264 357 6480
306 561 6480
6 157 6480
102 166 6480
20 255 6480
217 645 6480
16 444 6480
15 646 6480
109 361 6480
230 392 6480
57 371 6480
87 142 6480
206 598 6480
273 388 6480
258 551 6480
142 515 6480
316 417 6480
159 533 6480
155 528 6480
0 441 6480
317 388 6480
27 294 6480
79 136 6480
190 194 6480
241 351 6480
153 551 6480
28 340 6480
70 234 6480
293 378 6480
20 53 6480
131 220 6480
153 618 6480
174 504 6480
79 443 6480
101 641 6480
286 507 6480
219 323 6480
90 350 6480
264 547 6480
233 493 6480
96 559 6480
305 314 6480
233 280 6480
177 226 6480
61 273 6480
86 498 6480
85 305 6480
148 396 6480
139 229 6480
183 186 6480
166 282 6480
159 169 6480
222 626 6480
295 377 6480
192 512 6480
292 465 6480
179 359 6480
66 328 6480
51 236 6480
138 484 6480
93 644 6480
248 327 6480
175 427 6480
82 503 6480
199 226 6480
275 431 6480
279 468 6480
170 619 6480
7 503 6480
282 417 6480
148 199 6480
246 472 6480
272 346 6480
229 638 6480
72 519 6480
261 628 6480
307 359 6480
321 372 6480
297 343 6480
84 217 6480
7 97 6480
273 489 6480
210 572 6480
5 209 6480
194 483 6480
188 348 6480
12 337 6480
116 232 6480
51 406 6480
218 604 6480
185 503 6480
41 228 6480
269 451 6480
25 537 6480
28 399 6480
297 497 6480
157 202 6480
146 345 6480
70 632 6480
24 141 6480
229 242 6480
60 102 6480
264 326 6480
31 528 6480
320 612 6480
254 285 6480
