0 1 640
1 2 640
2 3 640
3 4 640
4 5 640
5 6 640
6 7 640
7 8 640
8 9 640
9 10 640
10 11 640
11 12 640
12 13 640
13 14 640
14 15 640
15 16 640
16 17 640
17 18 640
18 19 640
19 20 640
20 21 640
21 22 640
22 23 640
23 24 640
24 25 640
25 26 640
26 27 640
27 28 640
28 29 640
29 30 640
30 31 640
31 32 640
32 33 640
33 34 640
34 35 640
35 36 640
36 37 640
37 38 640
38 39 640
39 40 640
40 41 640
41 42 640
42 43 640
43 44 640
44 45 640
45 46 640
46 47 640
47 48 640
48 49 640
49 50 640
50 51 640
51 52 640
52 53 640
53 54 640
54 55 640
55 56 640
56 57 640
57 58 640
58 59 640
59 60 640
60 61 640
61 62 640
62 63 640
18 53 640
13 18 640
4 33 640
30 58 640
25 62 640
30 57 640
18 35 640
14 29 640
8 38 640
27 35 640
16 46 640
11 15 640
29 54 640
30 34 640
30 38 640
11 14 640
17 60 640
24 29 640
16 61 640
32 55 640
27 62 640
21 42 640
2 61 640
32 57 640
12 30 640
16 20 640
13 38 640
11 16 640
14 20 640
18 33 640
15 18 640
28 46 640
11 58 640
32 48 640
4 6 640
1 31 640
2 13 640
8 38 640
5 54 640
30 63 640
25 56 640
13 30 640
16 40 640
15 59 640
15 59 640
29 58 640
26 57 640
14 21 640
31 42 640
26 56 640
22 24 640
25 52 640
8 33 640
25 53 640
18 41 640
10 63 640
14 33 640
24 28 640
0 50 640
24 48 640
24 45 640
11 22 640
15 48 640
