0 1 6520
1 2 6520
2 3 6520
3 4 6520
4 5 6520
5 6 6520
6 7 6520
7 8 6520
8 9 6520
9 10 6520
10 11 6520
11 12 6520
12 13 6520
13 14 6520
14 15 6520
15 16 6520
16 17 6520
17 18 6520
18 19 6520
19 20 6520
20 21 6520
21 22 6520
22 23 6520
23 24 6520
24 25 6520
25 26 6520
26 27 6520
27 28 6520
28 29 6520
29 30 6520
30 31 6520
31 32 6520
32 33 6520
33 34 6520
34 35 6520
35 36 6520
36 37 6520
37 38 6520
38 39 6520
39 40 6520
40 41 6520
41 42 6520
42 43 6520
43 44 6520
44 45 6520
45 46 6520
46 47 6520
47 48 6520
48 49 6520
49 50 6520
50 51 6520
51 52 6520
52 53 6520
53 54 6520
54 55 6520
55 56 6520
56 57 6520
57 58 6520
58 59 6520
59 60 6520
60 61 6520
61 62 6520
62 63 6520
63 64 6520
64 65 6520
65 66 6520
66 67 6520
67 68 6520
68 69 6520
69 70 6520
70 71 6520
71 72 6520
72 73 6520
73 74 6520
74 75 6520
75 76 6520
76 77 6520
77 78 6520
78 79 6520
79 80 6520
80 81 6520
81 82 6520
82 83 6520
83 84 6520
84 85 6520
85 86 6520
86 87 6520
87 88 6520
88 89 6520
89 90 6520
90 91 6520
91 92 6520
92 93 6520
93 94 6520
94 95 6520
95 96 6520
96 97 6520
97 98 6520
98 99 6520
99 100 6520
100 101 6520
101 102 6520
102 103 6520
103 104 6520
104 105 6520
105 106 6520
106 107 6520
107 108 6520
108 109 6520
109 110 6520
110 111 6520
111 112 6520
112 113 6520
113 114 6520
114 115 6520
115 116 6520
116 117 6520
117 118 6520
118 119 6520
119 120 6520
120 121 6520
121 122 6520
122 123 6520
123 124 6520
124 125 6520
125 126 6520
126 127 6520
127 128 6520
128 129 6520
129 130 6520
130 131 6520
131 132 6520
132 133 6520
133 134 6520
134 135 6520
135 136 6520
136 137 6520
137 138 6520
138 139 6520
139 140 6520
140 141 6520
141 142 6520
142 143 6520
143 144 6520
144 145 6520
145 146 6520
146 147 6520
147 148 6520
148 149 6520
149 150 6520
150 151 6520
151 152 6520
152 153 6520
153 154 6520
154 155 6520
155 156 6520
156 157 6520
157 158 6520
158 159 6520
159 160 6520
160 161 6520
161 162 6520
162 163 6520
163 164 6520
164 165 6520
165 166 6520
166 167 6520
167 168 6520
168 169 6520
169 170 6520
170 171 6520
171 172 6520
172 173 6520
173 174 6520
174 175 6520
175 176 6520
176 177 6520
177 178 6520
178 179 6520
179 180 6520
180 181 6520
181 182 6520
182 183 6520
183 184 6520
184 185 6520
185 186 6520
186 187 6520
187 188 6520
188 189 6520
189 190 6520
190 191 6520
191 192 6520
192 193 6520
193 194 6520
194 195 6520
195 196 6520
196 197 6520
197 198 6520
198 199 6520
199 200 6520
200 201 6520
201 202 6520
202 203 6520
203 204 6520
204 205 6520
205 206 6520
206 207 6520
207 208 6520
208 209 6520
209 210 6520
210 211 6520
211 212 6520
212 213 6520
213 214 6520
214 215 6520
215 216 6520
216 217 6520
217 218 6520
218 219 6520
219 220 6520
220 221 6520
221 222 6520
222 223 6520
223 224 6520
224 225 6520
225 226 6520
226 227 6520
227 228 6520
228 229 6520
229 230 6520
230 231 6520
231 232 6520
232 233 6520
233 234 6520
234 235 6520
235 236 6520
236 237 6520
237 238 6520
238 239 6520
239 240 6520
240 241 6520
241 242 6520
242 243 6520
243 244 6520
244 245 6520
245 246 6520
246 247 6520
247 248 6520
248 249 6520
249 250 6520
250 251 6520
251 252 6520
252 253 6520
253 254 6520
254 255 6520
255 256 6520
256 257 6520
257 258 6520
258 259 6520
259 260 6520
260 261 6520
261 262 6520
262 263 6520
263 264 6520
264 265 6520
265 266 6520
266 267 6520
267 268 6520
268 269 6520
269 270 6520
270 271 6520
271 272 6520
272 273 6520
273 274 6520
274 275 6520
275 276 6520
276 277 6520
277 278 6520
278 279 6520
279 280 6520
280 281 6520
281 282 6520
282 283 6520
283 284 6520
284 285 6520
285 286 6520
286 287 6520
287 288 6520
288 289 6520
289 290 6520
290 291 6520
291 292 6520
292 293 6520
293 294 6520
294 295 6520
295 296 6520
296 297 6520
297 298 6520
298 299 6520
299 300 6520
300 301 6520
301 302 6520
302 303 6520
303 304 6520
304 305 6520
305 306 6520
306 307 6520
307 308 6520
308 309 6520
309 310 6520
310 311 6520
311 312 6520
312 313 6520
313 314 6520
314 315 6520
315 316 6520
316 317 6520
317 318 6520
318 319 6520
319 320 6520
320 321 6520
321 322 6520
322 323 6520
323 324 6520
324 325 6520
325 326 6520
326 327 6520
327 328 6520
328 329 6520
329 330 6520
330 331 6520
331 332 6520
332 333 6520
333 334 6520
334 335 6520
335 336 6520
336 337 6520
337 338 6520
338 339 6520
339 340 6520
340 341 6520
341 342 6520
342 343 6520
343 344 6520
344 345 6520
345 346 6520
346 347 6520
347 348 6520
348 349 6520
349 350 6520
350 351 6520
351 352 6520
352 353 6520
353 354 6520
354 355 6520
355 356 6520
356 357 6520
357 358 6520
358 359 6520
359 360 6520
360 361 6520
361 362 6520
362 363 6520
363 364 6520
364 365 6520
365 366 6520
366 367 6520
367 368 6520
368 369 6520
369 370 6520
370 371 6520
371 372 6520
372 373 6520
373 374 6520
374 375 6520
375 376 6520
376 377 6520
377 378 6520
378 379 6520
379 380 6520
380 381 6520
381 382 6520
382 383 6520
383 384 6520
384 385 6520
385 386 6520
386 387 6520
387 388 6520
388 389 6520
389 390 6520
390 391 6520
391 392 6520
392 393 6520
393 394 6520
394 395 6520
395 396 6520
396 397 6520
397 398 6520
398 399 6520
399 400 6520
400 401 6520
401 402 6520
402 403 6520
403 404 6520
404 405 6520
405 406 6520
406 407 6520
407 408 6520
408 409 6520
409 410 6520
410 411 6520
411 412 6520
412 413 6520
413 414 6520
414 415 6520
415 416 6520
416 417 6520
417 418 6520
418 419 6520
419 420 6520
420 421 6520
421 422 6520
422 423 6520
423 424 6520
424 425 6520
425 426 6520
426 427 6520
427 428 6520
428 429 6520
429 430 6520
430 431 6520
431 432 6520
432 433 6520
433 434 6520
434 435 6520
435 436 6520
436 437 6520
437 438 6520
438 439 6520
439 440 6520
440 441 6520
441 442 6520
442 443 6520
443 444 6520
444 445 6520
445 446 6520
446 447 6520
447 448 6520
448 449 6520
449 450 6520
450 451 6520
451 452 6520
452 453 6520
453 454 6520
454 455 6520
455 456 6520
456 457 6520
457 458 6520
458 459 6520
459 460 6520
460 461 6520
461 462 6520
462 463 6520
463 464 6520
464 465 6520
465 466 6520
466 467 6520
467 468 6520
468 469 6520
469 470 6520
470 471 6520
471 472 6520
472 473 6520
473 474 6520
474 475 6520
475 476 6520
476 477 6520
477 478 6520
478 479 6520
479 480 6520
480 481 6520
481 482 6520
482 483 6520
483 484 6520
484 485 6520
485 486 6520
486 487 6520
487 488 6520
488 489 6520
489 490 6520
490 491 6520
491 492 6520
492 493 6520
493 494 6520
494 495 6520
495 496 6520
496 497 6520
497 498 6520
498 499 6520
499 500 6520
500 501 6520
501 502 6520
502 503 6520
503 504 6520
504 505 6520
505 506 6520
506 507 6520
507 508 6520
508 509 6520
509 510 6520
510 511 6520
511 512 6520
512 513 6520
513 514 6520
514 515 6520
515 516 6520
516 517 6520
517 518 6520
518 519 6520
519 520 6520
520 521 6520
521 522 6520
522 523 6520
523 524 6520
524 525 6520
525 526 6520
526 527 6520
527 528 6520
528 529 6520
529 530 6520
530 531 6520
531 532 6520
532 533 6520
533 534 6520
534 535 6520
535 536 6520
536 537 6520
537 538 6520
538 539 6520
539 540 6520
540 541 6520
541 542 6520
542 543 6520
543 544 6520
544 545 6520
545 546 6520
546 547 6520
547 548 6520
548 549 6520
549 550 6520
550 551 6520
551 552 6520
552 553 6520
553 554 6520
554 555 6520
555 556 6520
556 557 6520
557 558 6520
558 559 6520
559 560 6520
560 561 6520
561 562 6520
562 563 6520
563 564 6520
564 565 6520
565 566 6520
566 567 6520
567 568 6520
568 569 6520
569 570 6520
570 571 6520
571 572 6520
572 573 6520
573 574 6520
574 575 6520
575 576 6520
576 577 6520
577 578 6520
578 579 6520
579 580 6520
580 581 6520
581 582 6520
582 583 6520
583 584 6520
584 585 6520
585 586 6520
586 587 6520
587 588 6520
588 589 6520
589 590 6520
590 591 6520
591 592 6520
592 593 6520
593 594 6520
594 595 6520
595 596 6520
596 597 6520
597 598 6520
598 599 6520
599 600 6520
600 601 6520
601 602 6520
602 603 6520
603 604 6520
604 605 6520
605 606 6520
606 607 6520
607 608 6520
608 609 6520
609 610 6520
610 611 6520
611 612 6520
612 613 6520
613 614 6520
614 615 6520
615 616 6520
616 617 6520
617 618 6520
618 619 6520
619 620 6520
620 621 6520
621 622 6520
622 623 6520
623 624 6520
624 625 6520
625 626 6520
626 627 6520
627 628 6520
628 629 6520
629 630 6520
630 631 6520
631 632 6520
632 633 6520
633 634 6520
634 635 6520
635 636 6520
636 637 6520
637 638 6520
638 639 6520
639 640 6520
640 641 6520
641 642 6520
642 643 6520
643 644 6520
644 645 6520
645 646 6520
646 647 6520
647 648 6520
648 649 6520
649 650 6520
650 651 6520
199 209 6520
145 441 6520
85 316 6520
114 336 6520
311 314 6520
70 513 6520
190 321 6520
145 384 6520
207 447 6520
189 534 6520
50 266 6520
287 293 6520
307 639 6520
95 144 6520
248 340 6520
287 475 6520
30 556 6520
13 232 6520
304 467 6520
161 647 6520
289 323 6520
89 384 6520
245 399 6520
241 558 6520
143 324 6520
151 384 6520
173 325 6520
156 620 6520
137 615 6520
213 629 6520
321 486 6520
239 459 6520
164 571 6520
9 618 6520
31 79 6520
112 189 6520
309 338 6520
0 589 6520
237 402 6520
21 335 6520
203 310 6520
98 400 6520
6 40 6520
66 368 6520
186 482 6520
154 384 6520
79 431 6520
244 333 6520
58 317 6520
42 184 6520
207 462 6520
18 167 6520
164 407 6520
205 533 6520
259 285 6520
85 433 6520
210 271 6520
182 595 6520
114 532 6520
275 544 6520
7 225 6520
195 421 6520
303 406 6520
263 543 6520
206 549 6520
91 412 6520
0 44 6520
8 164 6520
141 499 6520
166 520 6520
202 550 6520
118 130 6520
284 292 6520
225 406 6520
244 422 6520
49 175 6520
48 647 6520
141 575 6520
149 650 6520
239 262 6520
135 546 6520
241 353 6520
169 580 6520
10 462 6520
45 551 6520
183 650 6520
29 146 6520
137 199 6520
59 161 6520
102 119 6520
113 593 6520
235 500 6520
179 644 6520
43 221 6520
42 259 6520
181 398 6520
275 489 6520
265 641 6520
132 506 6520
291 379 6520
25 330 6520
123 220 6520
164 408 6520
56 106 6520
289 560 6520
76 242 6520
7 363 6520
53 164 6520
258 400 6520
235 388 6520
91 630 6520
88 423 6520
233 380 6520
24 451 6520
205 624 6520
42 287 6520
80 511 6520
149 632 6520
143 265 6520
117 194 6520
207 602 6520
206 255 6520
125 357 6520
205 481 6520
281 556 6520
280 612 6520
75 291 6520
27 215 6520
271 594 6520
158 272 6520
156 353 6520
30 497 6520
202 293 6520
81 553 6520
221 425 6520
45 67 6520
135 270 6520
117 172 6520
218 643 6520
172 407 6520
65 251 6520
67 424 6520
135 285 6520
313 492 6520
145 406 6520
252 426 6520
181 295 6520
199 648 6520
306 353 6520
218 515 6520
7 122 6520
129 300 6520
26 421 6520
231 430 6520
270 435 6520
204 245 6520
154 626 6520
37 601 6520
264 459 6520
53 318 6520
284 618 6520
271 513 6520
15 598 6520
225 338 6520
160 420 6520
125 592 6520
150 281 6520
63 119 6520
174 588 6520
314 445 6520
191 559 6520
200 512 6520
136 170 6520
75 522 6520
269 298 6520
121 498 6520
100 309 6520
204 636 6520
129 648 6520
253 312 6520
207 549 6520
129 459 6520
167 452 6520
265 324 6520
76 542 6520
87 398 6520
24 115 6520
16 227 6520
56 459 6520
151 592 6520
322 640 6520
69 330 6520
220 563 6520
81 387 6520
87 541 6520
305 484 6520
71 258 6520
77 611 6520
325 561 6520
260 310 6520
92 323 6520
98 243 6520
171 340 6520
307 541 6520
219 370 6520
257 530 6520
54 237 6520
32 178 6520
108 536 6520
313 405 6520
64 552 6520
90 565 6520
180 456 6520
254 500 6520
143 499 6520
42 634 6520
20 180 6520
258 644 6520
163 454 6520
250 375 6520
190 274 6520
150 261 6520
87 133 6520
115 530 6520
125 312 6520
279 563 6520
243 509 6520
314 370 6520
19 451 6520
301 366 6520
185 593 6520
149 250 6520
108 290 6520
207 322 6520
24 131 6520
248 606 6520
203 465 6520
149 617 6520
227 608 6520
294 597 6520
315 464 6520
144 589 6520
147 219 6520
313 518 6520
48 637 6520
98 367 6520
63 375 6520
239 307 6520
100 399 6520
33 603 6520
11 234 6520
193 327 6520
208 621 6520
33 284 6520
98 635 6520
325 371 6520
148 460 6520
4 388 6520
225 393 6520
318 323 6520
122 422 6520
122 301 6520
3 597 6520
256 263 6520
19 228 6520
172 253 6520
183 187 6520
265 438 6520
85 567 6520
162 262 6520
303 509 6520
275 384 6520
182 532 6520
35 545 6520
31 269 6520
234 580 6520
178 394 6520
123 413 6520
235 290 6520
68 304 6520
96 209 6520
309 648 6520
171 429 6520
204 485 6520
87 188 6520
325 556 6520
310 445 6520
28 640 6520
305 521 6520
143 597 6520
91 275 6520
162 613 6520
51 645 6520
303 617 6520
16 56 6520
77 397 6520
25 558 6520
147 526 6520
253 491 6520
102 403 6520
159 416 6520
291 514 6520
165 205 6520
239 445 6520
96 607 6520
96 368 6520
106 159 6520
80 606 6520
163 579 6520
219 590 6520
188 301 6520
232 274 6520
23 622 6520
150 347 6520
258 389 6520
148 599 6520
172 609 6520
177 232 6520
121 522 6520
3 258 6520
4 338 6520
212 474 6520
319 413 6520
159 543 6520
43 400 6520
267 640 6520
134 184 6520
93 467 6520
91 435 6520
46 258 6520
191 294 6520
303 474 6520
253 327 6520
197 319 6520
51 503 6520
254 533 6520
324 621 6520
237 350 6520
86 579 6520
37 572 6520
269 363 6520
115 536 6520
163 628 6520
140 434 6520
313 357 6520
107 176 6520
270 348 6520
70 538 6520
127 572 6520
159 440 6520
290 506 6520
34 484 6520
75 231 6520
152 613 6520
31 188 6520
49 307 6520
1 146 6520
82 332 6520
297 454 6520
253 553 6520
84 193 6520
42 156 6520
271 510 6520
176 508 6520
321 630 6520
312 521 6520
219 524 6520
151 208 6520
219 286 6520
177 493 6520
155 474 6520
232 634 6520
117 556 6520
20 93 6520
150 455 6520
237 279 6520
180 525 6520
186 297 6520
79 106 6520
310 476 6520
218 634 6520
55 359 6520
95 531 6520
64 159 6520
100 217 6520
167 234 6520
141 229 6520
277 486 6520
157 579 6520
135 381 6520
25 483 6520
109 499 6520
139 621 6520
279 440 6520
179 250 6520
202 477 6520
190 312 6520
154 400 6520
12 411 6520
229 428 6520
296 320 6520
99 258 6520
300 365 6520
256 367 6520
308 332 6520
160 606 6520
205 221 6520
111 640 6520
298 457 6520
50 453 6520
268 597 6520
59 390 6520
136 524 6520
317 539 6520
70 131 6520
258 381 6520
223 452 6520
217 556 6520
298 554 6520
322 433 6520
89 532 6520
245 583 6520
28 429 6520
317 333 6520
260 526 6520
276 367 6520
29 282 6520
302 523 6520
164 289 6520
5 517 6520
278 491 6520
59 376 6520
125 311 6520
259 456 6520
262 584 6520
265 391 6520
136 166 6520
79 204 6520
174 263 6520
195 551 6520
30 246 6520
316 391 6520
18 212 6520
312 491 6520
236 629 6520
195 298 6520
255 504 6520
138 246 6520
126 183 6520
241 373 6520
210 454 6520
83 288 6520
199 453 6520
228 351 6520
208 511 6520
201 216 6520
120 298 6520
316 414 6520
279 429 6520
254 471 6520
25 135 6520
178 498 6520
250 318 6520
37 569 6520
293 620 6520
35 369 6520
4 267 6520
129 290 6520
200 261 6520
185 593 6520
230 513 6520
219 292 6520
54 414 6520
128 149 6520
133 356 6520
27 521 6520
79 622 6520
183 388 6520
173 641 6520
154 405 6520
26 34 6520
120 177 6520
240 469 6520
202 518 6520
314 358 6520
116 504 6520
25 40 6520
281 615 6520
303 523 6520
23 441 6520
99 247 6520
263 436 6520
180 548 6520
130 464 6520
41 371 6520
211 374 6520
21 142 6520
29 309 6520
301 440 6520
157 271 6520
243 346 6520
135 530 6520
249 291 6520
56 153 6520
81 334 6520
287 575 6520
184 292 6520
278 288 6520
147 501 6520
65 515 6520
169 270 6520
192 414 6520
174 412 6520
212 559 6520
35 295 6520
82 346 6520
217 223 6520
325 645 6520
54 336 6520
287 471 6520
315 321 6520
326 573 6520
129 506 6520
244 542 6520
21 112 6520
112 447 6520
7 458 6520
127 376 6520
173 649 6520
312 650 6520
160 245 6520
134 252 6520
155 583 6520
131 205 6520
237 274 6520
262 351 6520
175 584 6520
287 497 6520
163 419 6520
123 549 6520
138 230 6520
131 205 6520
172 482 6520
61 104 6520
181 648 6520
102 558 6520
266 428 6520
280 392 6520
235 423 6520
316 414 6520
206 531 6520
203 326 6520
289 616 6520
233 467 6520
74 161 6520
72 506 6520
25 326 6520
145 192 6520
319 437 6520
279 582 6520
18 72 6520
189 275 6520
48 642 6520
73 477 6520
264 313 6520
121 193 6520
173 564 6520
153 577 6520
243 385 6520
89 354 6520
57 575 6520
50 335 6520
174 565 6520
249 397 6520
236 337 6520
88 487 6520
307 389 6520
266 639 6520
83 264 6520
42 475 6520
47 400 6520
263 637 6520
116 136 6520
3 513 6520
169 475 6520
205 334 6520
23 544 6520
118 215 6520
190 510 6520
27 581 6520
185 626 6520
172 294 6520
288 592 6520
149 418 6520
95 150 6520
125 641 6520
171 378 6520
94 297 6520
149 430 6520
244 637 6520
112 237 6520
224 281 6520
55 646 6520
154 477 6520
256 640 6520
59 469 6520
41 511 6520
127 442 6520
119 366 6520
114 149 6520
219 286 6520
83 347 6520
296 439 6520
71 494 6520
13 101 6520
306 529 6520
242 430 6520
197 619 6520
46 182 6520
63 141 6520
177 433 6520
102 268 6520
29 54 6520
183 487 6520
88 254 6520
100 334 6520
36 411 6520
285 650 6520
139 189 6520
256 392 6520
169 392 6520
182 416 6520
324 540 6520
72 627 6520
275 280 6520
93 495 6520
86 437 6520
275 610 6520
112 410 6520
54 597 6520
49 619 6520
199 407 6520
134 543 6520
58 246 6520
304 550 6520
15 409 6520
304 552 6520
223 616 6520
162 582 6520
