0 1 6560
1 2 6560
2 3 6560
3 4 6560
4 5 6560
5 6 6560
6 7 6560
7 8 6560
8 9 6560
9 10 6560
10 11 6560
11 12 6560
12 13 6560
13 14 6560
14 15 6560
15 16 6560
16 17 6560
17 18 6560
18 19 6560
19 20 6560
20 21 6560
21 22 6560
22 23 6560
23 24 6560
24 25 6560
25 26 6560
26 27 6560
27 28 6560
28 29 6560
29 30 6560
30 31 6560
31 32 6560
32 33 6560
33 34 6560
34 35 6560
35 36 6560
36 37 6560
37 38 6560
38 39 6560
39 40 6560
40 41 6560
41 42 6560
42 43 6560
43 44 6560
44 45 6560
45 46 6560
46 47 6560
47 48 6560
48 49 6560
49 50 6560
50 51 6560
51 52 6560
52 53 6560
53 54 6560
54 55 6560
55 56 6560
56 57 6560
57 58 6560
58 59 6560
59 60 6560
60 61 6560
61 62 6560
62 63 6560
63 64 6560
64 65 6560
65 66 6560
66 67 6560
67 68 6560
68 69 6560
69 70 6560
70 71 6560
71 72 6560
72 73 6560
73 74 6560
74 75 6560
75 76 6560
76 77 6560
77 78 6560
78 79 6560
79 80 6560
80 81 6560
81 82 6560
82 83 6560
83 84 6560
84 85 6560
85 86 6560
86 87 6560
87 88 6560
88 89 6560
89 90 6560
90 91 6560
91 92 6560
92 93 6560
93 94 6560
94 95 6560
95 96 6560
96 97 6560
97 98 6560
98 99 6560
99 100 6560
100 101 6560
101 102 6560
102 103 6560
103 104 6560
104 105 6560
105 106 6560
106 107 6560
107 108 6560
108 109 6560
109 110 6560
110 111 6560
111 112 6560
112 113 6560
113 114 6560
114 115 6560
115 116 6560
116 117 6560
117 118 6560
118 119 6560
119 120 6560
120 121 6560
121 122 6560
122 123 6560
123 124 6560
124 125 6560
125 126 6560
126 127 6560
127 128 6560
128 129 6560
129 130 6560
130 131 6560
131 132 6560
132 133 6560
133 134 6560
134 135 6560
135 136 6560
136 137 6560
137 138 6560
138 139 6560
139 140 6560
140 141 6560
141 142 6560
142 143 6560
143 144 6560
144 145 6560
145 146 6560
146 147 6560
147 148 6560
148 149 6560
149 150 6560
150 151 6560
151 152 6560
152 153 6560
153 154 6560
154 155 6560
155 156 6560
156 157 6560
157 158 6560
158 159 6560
159 160 6560
160 161 6560
161 162 6560
162 163 6560
163 164 6560
164 165 6560
165 166 6560
166 167 6560
167 168 6560
168 169 6560
169 170 6560
170 171 6560
171 172 6560
172 173 6560
173 174 6560
174 175 6560
175 176 6560
176 177 6560
177 178 6560
178 179 6560
179 180 6560
180 181 6560
181 182 6560
182 183 6560
183 184 6560
184 185 6560
185 186 6560
186 187 6560
187 188 6560
188 189 6560
189 190 6560
190 191 6560
191 192 6560
192 193 6560
193 194 6560
194 195 6560
195 196 6560
196 197 6560
197 198 6560
198 199 6560
199 200 6560
200 201 6560
201 202 6560
202 203 6560
203 204 6560
204 205 6560
205 206 6560
206 207 6560
207 208 6560
208 209 6560
209 210 6560
210 211 6560
211 212 6560
212 213 6560
213 214 6560
214 215 6560
215 216 6560
216 217 6560
217 218 6560
218 219 6560
219 220 6560
220 221 6560
221 222 6560
222 223 6560
223 224 6560
224 225 6560
225 226 6560
226 227 6560
227 228 6560
228 229 6560
229 230 6560
230 231 6560
231 232 6560
232 233 6560
233 234 6560
234 235 6560
235 236 6560
236 237 6560
237 238 6560
238 239 6560
239 240 6560
240 241 6560
241 242 6560
242 243 6560
243 244 6560
244 245 6560
245 246 6560
246 247 6560
247 248 6560
248 249 6560
249 250 6560
250 251 6560
251 252 6560
252 253 6560
253 254 6560
254 255 6560
255 256 6560
256 257 6560
257 258 6560
258 259 6560
259 260 6560
260 261 6560
261 262 6560
262 263 6560
263 264 6560
264 265 6560
265 266 6560
266 267 6560
267 268 6560
268 269 6560
269 270 6560
270 271 6560
271 272 6560
272 273 6560
273 274 6560
274 275 6560
275 276 6560
276 277 6560
277 278 6560
278 279 6560
279 280 6560
280 281 6560
281 282 6560
282 283 6560
283 284 6560
284 285 6560
285 286 6560
286 287 6560
287 288 6560
288 289 6560
289 290 6560
290 291 6560
291 292 6560
292 293 6560
293 294 6560
294 295 6560
295 296 6560
296 297 6560
297 298 6560
298 299 6560
299 300 6560
300 301 6560
301 302 6560
302 303 6560
303 304 6560
304 305 6560
305 306 6560
306 307 6560
307 308 6560
308 309 6560
309 310 6560
310 311 6560
311 312 6560
312 313 6560
313 314 6560
314 315 6560
315 316 6560
316 317 6560
317 318 6560
318 319 6560
319 320 6560
320 321 6560
321 322 6560
322 323 6560
323 324 6560
324 325 6560
325 326 6560
326 327 6560
327 328 6560
328 329 6560
329 330 6560
330 331 6560
331 332 6560
332 333 6560
333 334 6560
334 335 6560
335 336 6560
336 337 6560
337 338 6560
338 339 6560
339 340 6560
340 341 6560
341 342 6560
342 343 6560
343 344 6560
344 345 6560
345 346 6560
346 347 6560
347 348 6560
348 349 6560
349 350 6560
350 351 6560
351 352 6560
352 353 6560
353 354 6560
354 355 6560
355 356 6560
356 357 6560
357 358 6560
358 359 6560
359 360 6560
360 361 6560
361 362 6560
362 363 6560
363 364 6560
364 365 6560
365 366 6560
366 367 6560
367 368 6560
368 369 6560
369 370 6560
370 371 6560
371 372 6560
372 373 6560
373 374 6560
374 375 6560
375 376 6560
376 377 6560
377 378 6560
378 379 6560
379 380 6560
380 381 6560
381 382 6560
382 383 6560
383 384 6560
384 385 6560
385 386 6560
386 387 6560
387 388 6560
388 389 6560
389 390 6560
390 391 6560
391 392 6560
392 393 6560
393 394 6560
394 395 6560
395 396 6560
396 397 6560
397 398 6560
398 399 6560
399 400 6560
400 401 6560
401 402 6560
402 403 6560
403 404 6560
404 405 6560
405 406 6560
406 407 6560
407 408 6560
408 409 6560
409 410 6560
410 411 6560
411 412 6560
412 413 6560
413 414 6560
414 415 6560
415 416 6560
416 417 6560
417 418 6560
418 419 6560
419 420 6560
420 421 6560
421 422 6560
422 423 6560
423 424 6560
424 425 6560
425 426 6560
426 427 6560
427 428 6560
428 429 6560
429 430 6560
430 431 6560
431 432 6560
432 433 6560
433 434 6560
434 435 6560
435 436 6560
436 437 6560
437 438 6560
438 439 6560
439 440 6560
440 441 6560
441 442 6560
442 443 6560
443 444 6560
444 445 6560
445 446 6560
446 447 6560
447 448 6560
448 449 6560
449 450 6560
450 451 6560
451 452 6560
452 453 6560
453 454 6560
454 455 6560
455 456 6560
456 457 6560
457 458 6560
458 459 6560
459 460 6560
460 461 6560
461 462 6560
462 463 6560
463 464 6560
464 465 6560
465 466 6560
466 467 6560
467 468 6560
468 469 6560
469 470 6560
470 471 6560
471 472 6560
472 473 6560
473 474 6560
474 475 6560
475 476 6560
476 477 6560
477 478 6560
478 479 6560
479 480 6560
480 481 6560
481 482 6560
482 483 6560
483 484 6560
484 485 6560
485 486 6560
486 487 6560
487 488 6560
488 489 6560
489 490 6560
490 491 6560
491 492 6560
492 493 6560
493 494 6560
494 495 6560
495 496 6560
496 497 6560
497 498 6560
498 499 6560
499 500 6560
500 501 6560
501 502 6560
502 503 6560
503 504 6560
504 505 6560
505 506 6560
506 507 6560
507 508 6560
508 509 6560
509 510 6560
510 511 6560
511 512 6560
512 513 6560
513 514 6560
514 515 6560
515 516 6560
516 517 6560
517 518 6560
518 519 6560
519 520 6560
520 521 6560
521 522 6560
522 523 6560
523 524 6560
524 525 6560
525 526 6560
526 527 6560
527 528 6560
528 529 6560
529 530 6560
530 531 6560
531 532 6560
532 533 6560
533 534 6560
534 535 6560
535 536 6560
536 537 6560
537 538 6560
538 539 6560
539 540 6560
540 541 6560
541 542 6560
542 543 6560
543 544 6560
544 545 6560
545 546 6560
546 547 6560
547 548 6560
548 549 6560
549 550 6560
550 551 6560
551 552 6560
552 553 6560
553 554 6560
554 555 6560
555 556 6560
556 557 6560
557 558 6560
558 559 6560
559 560 6560
560 561 6560
561 562 6560
562 563 6560
563 564 6560
564 565 6560
565 566 6560
566 567 6560
567 568 6560
568 569 6560
569 570 6560
570 571 6560
571 572 6560
572 573 6560
573 574 6560
574 575 6560
575 576 6560
576 577 6560
577 578 6560
578 579 6560
579 580 6560
580 581 6560
581 582 6560
582 583 6560
583 584 6560
584 585 6560
585 586 6560
586 587 6560
587 588 6560
588 589 6560
589 590 6560
590 591 6560
591 592 6560
592 593 6560
593 594 6560
594 595 6560
595 596 6560
596 597 6560
597 598 6560
598 599 6560
599 600 6560
600 601 6560
601 602 6560
602 603 6560
603 604 6560
604 605 6560
605 606 6560
606 607 6560
607 608 6560
608 609 6560
609 610 6560
610 611 6560
611 612 6560
612 613 6560
613 614 6560
614 615 6560
615 616 6560
616 617 6560
617 618 6560
618 619 6560
619 620 6560
620 621 6560
621 622 6560
622 623 6560
623 624 6560
624 625 6560
625 626 6560
626 627 6560
627 628 6560
628 629 6560
629 630 6560
630 631 6560
631 632 6560
632 633 6560
633 634 6560
634 635 6560
635 636 6560
636 637 6560
637 638 6560
638 639 6560
639 640 6560
640 641 6560
641 642 6560
642 643 6560
643 644 6560
644 645 6560
645 646 6560
646 647 6560
647 648 6560
648 649 6560
649 650 6560
650 651 6560
651 652 6560
652 653 6560
653 654 6560
654 655 6560
74 241 6560
196 217 6560
247 653 6560
62 377 6560
230 588 6560
232 464 6560
276 605 6560
176 583 6560
68 541 6560
247 291 6560
234 269 6560
201 321 6560
53 383 6560
172 207 6560
269 500 6560
206 481 6560
259 326 6560
80 614 6560
9 155 6560
326 638 6560
243 265 6560
215 525 6560
134 505 6560
124 435 6560
119 214 6560
310 466 6560
192 245 6560
61 179 6560
46 197 6560
297 606 6560
277 508 6560
77 475 6560
313 461 6560
194 296 6560
256 432 6560
233 464 6560
271 563 6560
141 181 6560
47 82 6560
114 359 6560
73 432 6560
256 330 6560
268 480 6560
88 156 6560
32 108 6560
21 227 6560
158 629 6560
203 420 6560
19 46 6560
39 374 6560
159 623 6560
23 613 6560
88 600 6560
21 513 6560
25 73 6560
163 651 6560
198 605 6560
182 419 6560
196 276 6560
266 306 6560
84 561 6560
139 368 6560
263 341 6560
299 564 6560
26 466 6560
245 362 6560
113 514 6560
165 625 6560
292 437 6560
153 517 6560
152 534 6560
59 380 6560
25 422 6560
255 476 6560
24 361 6560
296 339 6560
247 569 6560
245 647 6560
171 341 6560
82 474 6560
320 362 6560
32 206 6560
196 530 6560
45 433 6560
142 246 6560
81 490 6560
97 115 6560
78 378 6560
237 502 6560
91 527 6560
51 364 6560
297 651 6560
187 237 6560
227 321 6560
181 560 6560
278 612 6560
214 372 6560
151 540 6560
117 142 6560
80 371 6560
199 358 6560
56 600 6560
46 259 6560
299 482 6560
192 245 6560
165 397 6560
33 104 6560
16 459 6560
261 410 6560
20 464 6560
116 129 6560
195 394 6560
58 333 6560
33 522 6560
224 236 6560
265 463 6560
231 394 6560
283 455 6560
134 346 6560
307 458 6560
306 585 6560
232 320 6560
205 294 6560
114 611 6560
269 278 6560
15 394 6560
134 598 6560
295 327 6560
84 511 6560
146 365 6560
148 515 6560
225 589 6560
101 453 6560
291 613 6560
74 290 6560
1 200 6560
187 347 6560
327 507 6560
102 391 6560
197 505 6560
202 446 6560
237 590 6560
70 382 6560
12 542 6560
174 188 6560
223 303 6560
301 367 6560
8 195 6560
26 102 6560
289 444 6560
6 412 6560
231 491 6560
299 649 6560
213 504 6560
136 242 6560
39 269 6560
166 312 6560
38 154 6560
261 302 6560
223 630 6560
193 603 6560
176 209 6560
88 92 6560
6 140 6560
302 581 6560
298 327 6560
267 343 6560
60 283 6560
313 470 6560
116 319 6560
264 510 6560
127 312 6560
45 387 6560
253 606 6560
246 492 6560
251 473 6560
219 586 6560
99 327 6560
296 621 6560
34 614 6560
111 649 6560
273 469 6560
142 473 6560
118 285 6560
45 229 6560
188 476 6560
147 420 6560
277 514 6560
97 427 6560
305 508 6560
122 581 6560
280 445 6560
222 333 6560
243 472 6560
103 574 6560
215 440 6560
7 464 6560
324 477 6560
229 481 6560
173 505 6560
0 190 6560
324 554 6560
16 428 6560
140 520 6560
83 143 6560
267 318 6560
166 464 6560
205 505 6560
194 366 6560
95 536 6560
46 597 6560
319 618 6560
114 169 6560
113 650 6560
222 406 6560
32 348 6560
237 567 6560
303 539 6560
180 327 6560
137 314 6560
112 422 6560
116 239 6560
293 587 6560
153 223 6560
115 423 6560
143 486 6560
230 518 6560
140 418 6560
235 620 6560
52 484 6560
2 124 6560
50 494 6560
81 179 6560
120 340 6560
118 484 6560
318 484 6560
16 87 6560
200 242 6560
170 655 6560
286 595 6560
113 156 6560
17 398 6560
47 448 6560
75 373 6560
52 117 6560
151 446 6560
323 481 6560
276 323 6560
56 508 6560
262 345 6560
102 456 6560
137 517 6560
191 626 6560
174 319 6560
161 444 6560
281 379 6560
55 438 6560
238 261 6560
271 648 6560
40 503 6560
264 417 6560
40 536 6560
182 604 6560
199 488 6560
56 508 6560
98 392 6560
174 282 6560
4 291 6560
120 376 6560
208 429 6560
174 219 6560
245 602 6560
109 208 6560
317 326 6560
73 593 6560
183 296 6560
5 156 6560
192 248 6560
302 577 6560
140 567 6560
134 137 6560
285 507 6560
72 608 6560
224 250 6560
72 609 6560
40 284 6560
195 645 6560
105 302 6560
18 154 6560
77 596 6560
121 535 6560
258 556 6560
103 503 6560
88 558 6560
93 596 6560
183 479 6560
205 611 6560
318 527 6560
211 623 6560
134 563 6560
242 594 6560
73 185 6560
260 489 6560
171 271 6560
311 589 6560
11 492 6560
289 519 6560
326 639 6560
106 507 6560
24 379 6560
165 575 6560
112 308 6560
320 597 6560
242 640 6560
228 403 6560
233 649 6560
138 356 6560
81 350 6560
11 604 6560
273 290 6560
280 393 6560
215 422 6560
219 507 6560
325 534 6560
98 113 6560
296 532 6560
120 198 6560
234 610 6560
207 255 6560
81 608 6560
47 78 6560
109 116 6560
152 301 6560
153 377 6560
121 149 6560
164 172 6560
146 429 6560
286 399 6560
268 381 6560
202 513 6560
92 366 6560
188 227 6560
27 79 6560
272 274 6560
152 605 6560
283 571 6560
324 354 6560
326 373 6560
114 135 6560
103 599 6560
129 160 6560
303 425 6560
283 627 6560
194 630 6560
116 309 6560
286 614 6560
194 640 6560
238 518 6560
275 596 6560
293 440 6560
1 210 6560
112 208 6560
280 627 6560
170 240 6560
18 467 6560
161 327 6560
298 405 6560
260 287 6560
287 399 6560
311 435 6560
246 288 6560
311 601 6560
213 518 6560
173 193 6560
293 649 6560
166 650 6560
190 351 6560
272 442 6560
326 654 6560
224 456 6560
187 356 6560
304 319 6560
237 534 6560
290 409 6560
229 457 6560
23 538 6560
157 293 6560
107 319 6560
265 624 6560
98 162 6560
269 537 6560
207 390 6560
79 275 6560
256 517 6560
273 614 6560
113 187 6560
321 553 6560
297 347 6560
74 513 6560
45 368 6560
49 234 6560
199 347 6560
312 428 6560
186 646 6560
127 241 6560
226 292 6560
278 622 6560
200 325 6560
84 226 6560
54 328 6560
234 546 6560
289 389 6560
280 463 6560
299 357 6560
19 217 6560
221 321 6560
149 177 6560
21 158 6560
153 369 6560
180 563 6560
267 424 6560
220 586 6560
38 126 6560
229 596 6560
318 516 6560
122 497 6560
17 92 6560
139 555 6560
284 522 6560
128 239 6560
305 521 6560
84 406 6560
200 554 6560
229 643 6560
102 338 6560
104 617 6560
29 291 6560
244 432 6560
188 458 6560
269 630 6560
228 524 6560
158 475 6560
195 580 6560
40 61 6560
327 574 6560
162 526 6560
316 460 6560
212 627 6560
239 596 6560
42 512 6560
221 373 6560
186 389 6560
208 622 6560
139 476 6560
234 428 6560
310 549 6560
271 385 6560
116 191 6560
125 398 6560
98 262 6560
80 470 6560
115 454 6560
190 231 6560
76 419 6560
171 644 6560
256 437 6560
217 615 6560
163 624 6560
89 590 6560
176 504 6560
284 344 6560
271 558 6560
237 510 6560
178 363 6560
160 505 6560
264 471 6560
125 436 6560
50 312 6560
24 225 6560
265 434 6560
262 502 6560
254 421 6560
230 326 6560
39 453 6560
303 389 6560
67 552 6560
278 486 6560
156 415 6560
49 251 6560
165 538 6560
232 337 6560
227 262 6560
53 224 6560
280 568 6560
310 398 6560
137 222 6560
161 478 6560
9 370 6560
323 373 6560
255 442 6560
136 497 6560
207 572 6560
11 196 6560
224 400 6560
114 159 6560
179 621 6560
137 195 6560
151 445 6560
274 374 6560
153 587 6560
173 340 6560
164 313 6560
310 496 6560
16 116 6560
102 520 6560
186 427 6560
324 477 6560
50 397 6560
293 518 6560
148 444 6560
67 424 6560
34 433 6560
66 651 6560
70 292 6560
246 527 6560
87 406 6560
41 450 6560
79 362 6560
282 504 6560
47 577 6560
168 543 6560
22 104 6560
173 433 6560
180 453 6560
319 390 6560
142 627 6560
212 489 6560
320 509 6560
230 234 6560
72 181 6560
144 458 6560
82 441 6560
190 650 6560
294 523 6560
74 637 6560
76 126 6560
2 218 6560
285 344 6560
306 514 6560
273 654 6560
188 653 6560
292 537 6560
91 236 6560
296 628 6560
34 588 6560
52 206 6560
186 364 6560
106 326 6560
87 397 6560
196 450 6560
152 385 6560
2 453 6560
283 624 6560
28 256 6560
251 319 6560
237 653 6560
7 654 6560
103 210 6560
255 403 6560
63 396 6560
81 108 6560
65 292 6560
299 357 6560
161 339 6560
87 334 6560
118 553 6560
20 364 6560
186 377 6560
313 626 6560
204 359 6560
104 341 6560
221 233 6560
239 605 6560
318 358 6560
197 252 6560
124 615 6560
3 529 6560
217 546 6560
19 99 6560
107 153 6560
210 327 6560
287 307 6560
99 580 6560
210 580 6560
171 223 6560
239 247 6560
21 260 6560
327 353 6560
87 347 6560
158 448 6560
151 569 6560
114 497 6560
272 321 6560
245 415 6560
119 433 6560
87 224 6560
58 145 6560
101 490 6560
79 524 6560
226 427 6560
166 213 6560
193 578 6560
287 395 6560
89 299 6560
231 535 6560
223 610 6560
42 466 6560
216 598 6560
53 216 6560
150 485 6560
106 585 6560
122 615 6560
313 436 6560
85 307 6560
46 399 6560
266 441 6560
85 305 6560
137 151 6560
27 147 6560
187 508 6560
267 308 6560
326 362 6560
181 493 6560
318 550 6560
302 338 6560
290 455 6560
94 479 6560
126 158 6560
159 499 6560
44 357 6560
116 221 6560
57 402 6560
310 386 6560
300 475 6560
61 316 6560
2 5 6560
133 418 6560
197 391 6560
293 308 6560
298 497 6560
192 266 6560
195 342 6560
