0 1 6600
1 2 6600
2 3 6600
3 4 6600
4 5 6600
5 6 6600
6 7 6600
7 8 6600
8 9 6600
9 10 6600
10 11 6600
11 12 6600
12 13 6600
13 14 6600
14 15 6600
15 16 6600
16 17 6600
17 18 6600
18 19 6600
19 20 6600
20 21 6600
21 22 6600
22 23 6600
23 24 6600
24 25 6600
25 26 6600
26 27 6600
27 28 6600
28 29 6600
29 30 6600
30 31 6600
31 32 6600
32 33 6600
33 34 6600
34 35 6600
35 36 6600
36 37 6600
37 38 6600
38 39 6600
39 40 6600
40 41 6600
41 42 6600
42 43 6600
43 44 6600
44 45 6600
45 46 6600
46 47 6600
47 48 6600
48 49 6600
49 50 6600
50 51 6600
51 52 6600
52 53 6600
53 54 6600
54 55 6600
55 56 6600
56 57 6600
57 58 6600
58 59 6600
59 60 6600
60 61 6600
61 62 6600
62 63 6600
63 64 6600
64 65 6600
65 66 6600
66 67 6600
67 68 6600
68 69 6600
69 70 6600
70 71 6600
71 72 6600
72 73 6600
73 74 6600
74 75 6600
75 76 6600
76 77 6600
77 78 6600
78 79 6600
79 80 6600
80 81 6600
81 82 6600
82 83 6600
83 84 6600
84 85 6600
85 86 6600
86 87 6600
87 88 6600
88 89 6600
89 90 6600
90 91 6600
91 92 6600
92 93 6600
93 94 6600
94 95 6600
95 96 6600
96 97 6600
97 98 6600
98 99 6600
99 100 6600
100 101 6600
101 102 6600
102 103 6600
103 104 6600
104 105 6600
105 106 6600
106 107 6600
107 108 6600
108 109 6600
109 110 6600
110 111 6600
111 112 6600
112 113 6600
113 114 6600
114 115 6600
115 116 6600
116 117 6600
117 118 6600
118 119 6600
119 120 6600
120 121 6600
121 122 6600
122 123 6600
123 124 6600
124 125 6600
125 126 6600
126 127 6600
127 128 6600
128 129 6600
129 130 6600
130 131 6600
131 132 6600
132 133 6600
133 134 6600
134 135 6600
135 136 6600
136 137 6600
137 138 6600
138 139 6600
139 140 6600
140 141 6600
141 142 6600
142 143 6600
143 144 6600
144 145 6600
145 146 6600
146 147 6600
147 148 6600
148 149 6600
149 150 6600
150 151 6600
151 152 6600
152 153 6600
153 154 6600
154 155 6600
155 156 6600
156 157 6600
157 158 6600
158 159 6600
159 160 6600
160 161 6600
161 162 6600
162 163 6600
163 164 6600
164 165 6600
165 166 6600
166 167 6600
167 168 6600
168 169 6600
169 170 6600
170 171 6600
171 172 6600
172 173 6600
173 174 6600
174 175 6600
175 176 6600
176 177 6600
177 178 6600
178 179 6600
179 180 6600
180 181 6600
181 182 6600
182 183 6600
183 184 6600
184 185 6600
185 186 6600
186 187 6600
187 188 6600
188 189 6600
189 190 6600
190 191 6600
191 192 6600
192 193 6600
193 194 6600
194 195 6600
195 196 6600
196 197 6600
197 198 6600
198 199 6600
199 200 6600
200 201 6600
201 202 6600
202 203 6600
203 204 6600
204 205 6600
205 206 6600
206 207 6600
207 208 6600
208 209 6600
209 210 6600
210 211 6600
211 212 6600
212 213 6600
213 214 6600
214 215 6600
215 216 6600
216 217 6600
217 218 6600
218 219 6600
219 220 6600
220 221 6600
221 222 6600
222 223 6600
223 224 6600
224 225 6600
225 226 6600
226 227 6600
227 228 6600
228 229 6600
229 230 6600
230 231 6600
231 232 6600
232 233 6600
233 234 6600
234 235 6600
235 236 6600
236 237 6600
237 238 6600
238 239 6600
239 240 6600
240 241 6600
241 242 6600
242 243 6600
243 244 6600
244 245 6600
245 246 6600
246 247 6600
247 248 6600
248 249 6600
249 250 6600
250 251 6600
251 252 6600
252 253 6600
253 254 6600
254 255 6600
255 256 6600
256 257 6600
257 258 6600
258 259 6600
259 260 6600
260 261 6600
261 262 6600
262 263 6600
263 264 6600
264 265 6600
265 266 6600
266 267 6600
267 268 6600
268 269 6600
269 270 6600
270 271 6600
271 272 6600
272 273 6600
273 274 6600
274 275 6600
275 276 6600
276 277 6600
277 278 6600
278 279 6600
279 280 6600
280 281 6600
281 282 6600
282 283 6600
283 284 6600
284 285 6600
285 286 6600
286 287 6600
287 288 6600
288 289 6600
289 290 6600
290 291 6600
291 292 6600
292 293 6600
293 294 6600
294 295 6600
295 296 6600
296 297 6600
297 298 6600
298 299 6600
299 300 6600
300 301 6600
301 302 6600
302 303 6600
303 304 6600
304 305 6600
305 306 6600
306 307 6600
307 308 6600
308 309 6600
309 310 6600
310 311 6600
311 312 6600
312 313 6600
313 314 6600
314 315 6600
315 316 6600
316 317 6600
317 318 6600
318 319 6600
319 320 6600
320 321 6600
321 322 6600
322 323 6600
323 324 6600
324 325 6600
325 326 6600
326 327 6600
327 328 6600
328 329 6600
329 330 6600
330 331 6600
331 332 6600
332 333 6600
333 334 6600
334 335 6600
335 336 6600
336 337 6600
337 338 6600
338 339 6600
339 340 6600
340 341 6600
341 342 6600
342 343 6600
343 344 6600
344 345 6600
345 346 6600
346 347 6600
347 348 6600
348 349 6600
349 350 6600
350 351 6600
351 352 6600
352 353 6600
353 354 6600
354 355 6600
355 356 6600
356 357 6600
357 358 6600
358 359 6600
359 360 6600
360 361 6600
361 362 6600
362 363 6600
363 364 6600
364 365 6600
365 366 6600
366 367 6600
367 368 6600
368 369 6600
369 370 6600
370 371 6600
371 372 6600
372 373 6600
373 374 6600
374 375 6600
375 376 6600
376 377 6600
377 378 6600
378 379 6600
379 380 6600
380 381 6600
381 382 6600
382 383 6600
383 384 6600
384 385 6600
385 386 6600
386 387 6600
387 388 6600
388 389 6600
389 390 6600
390 391 6600
391 392 6600
392 393 6600
393 394 6600
394 395 6600
395 396 6600
396 397 6600
397 398 6600
398 399 6600
399 400 6600
400 401 6600
401 402 6600
402 403 6600
403 404 6600
404 405 6600
405 406 6600
406 407 6600
407 408 6600
408 409 6600
409 410 6600
410 411 6600
411 412 6600
412 413 6600
413 414 6600
414 415 6600
415 416 6600
416 417 6600
417 418 6600
418 419 6600
419 420 6600
420 421 6600
421 422 6600
422 423 6600
423 424 6600
424 425 6600
425 426 6600
426 427 6600
427 428 6600
428 429 6600
429 430 6600
430 431 6600
431 432 6600
432 433 6600
433 434 6600
434 435 6600
435 436 6600
436 437 6600
437 438 6600
438 439 6600
439 440 6600
440 441 6600
441 442 6600
442 443 6600
443 444 6600
444 445 6600
445 446 6600
446 447 6600
447 448 6600
448 449 6600
449 450 6600
450 451 6600
451 452 6600
452 453 6600
453 454 6600
454 455 6600
455 456 6600
456 457 6600
457 458 6600
458 459 6600
459 460 6600
460 461 6600
461 462 6600
462 463 6600
463 464 6600
464 465 6600
465 466 6600
466 467 6600
467 468 6600
468 469 6600
469 470 6600
470 471 6600
471 472 6600
472 473 6600
473 474 6600
474 475 6600
475 476 6600
476 477 6600
477 478 6600
478 479 6600
479 480 6600
480 481 6600
481 482 6600
482 483 6600
483 484 6600
484 485 6600
485 486 6600
486 487 6600
487 488 6600
488 489 6600
489 490 6600
490 491 6600
491 492 6600
492 493 6600
493 494 6600
494 495 6600
495 496 6600
496 497 6600
497 498 6600
498 499 6600
499 500 6600
500 501 6600
501 502 6600
502 503 6600
503 504 6600
504 505 6600
505 506 6600
506 507 6600
507 508 6600
508 509 6600
509 510 6600
510 511 6600
511 512 6600
512 513 6600
513 514 6600
514 515 6600
515 516 6600
516 517 6600
517 518 6600
518 519 6600
519 520 6600
520 521 6600
521 522 6600
522 523 6600
523 524 6600
524 525 6600
525 526 6600
526 527 6600
527 528 6600
528 529 6600
529 530 6600
530 531 6600
531 532 6600
532 533 6600
533 534 6600
534 535 6600
535 536 6600
536 537 6600
537 538 6600
538 539 6600
539 540 6600
540 541 6600
541 542 6600
542 543 6600
543 544 6600
544 545 6600
545 546 6600
546 547 6600
547 548 6600
548 549 6600
549 550 6600
550 551 6600
551 552 6600
552 553 6600
553 554 6600
554 555 6600
555 556 6600
556 557 6600
557 558 6600
558 559 6600
559 560 6600
560 561 6600
561 562 6600
562 563 6600
563 564 6600
564 565 6600
565 566 6600
566 567 6600
567 568 6600
568 569 6600
569 570 6600
570 571 6600
571 572 6600
572 573 6600
573 574 6600
574 575 6600
575 576 6600
576 577 6600
577 578 6600
578 579 6600
579 580 6600
580 581 6600
581 582 6600
582 583 6600
583 584 6600
584 585 6600
585 586 6600
586 587 6600
587 588 6600
588 589 6600
589 590 6600
590 591 6600
591 592 6600
592 593 6600
593 594 6600
594 595 6600
595 596 6600
596 597 6600
597 598 6600
598 599 6600
599 600 6600
600 601 6600
601 602 6600
602 603 6600
603 604 6600
604 605 6600
605 606 6600
606 607 6600
607 608 6600
608 609 6600
609 610 6600
610 611 6600
611 612 6600
612 613 6600
613 614 6600
614 615 6600
615 616 6600
616 617 6600
617 618 6600
618 619 6600
619 620 6600
620 621 6600
621 622 6600
622 623 6600
623 624 6600
624 625 6600
625 626 6600
626 627 6600
627 628 6600
628 629 6600
629 630 6600
630 631 6600
631 632 6600
632 633 6600
633 634 6600
634 635 6600
635 636 6600
636 637 6600
637 638 6600
638 639 6600
639 640 6600
640 641 6600
641 642 6600
642 643 6600
643 644 6600
644 645 6600
645 646 6600
646 647 6600
647 648 6600
648 649 6600
649 650 6600
650 651 6600
651 652 6600
652 653 6600
653 654 6600
654 655 6600
655 656 6600
656 657 6600
657 658 6600
658 659 6600
19 549 6600
303 577 6600
185 323 6600
61 331 6600
208 496 6600
155 478 6600
40 236 6600
208 553 6600
320 396 6600
165 564 6600
122 512 6600
276 460 6600
217 246 6600
243 564 6600
41 61 6600
313 381 6600
127 255 6600
298 526 6600
266 477 6600
245 249 6600
197 653 6600
12 381 6600
275 401 6600
143 531 6600
68 565 6600
297 632 6600
274 519 6600
76 213 6600
257 398 6600
50 79 6600
205 221 6600
38 312 6600
58 653 6600
94 357 6600
5 638 6600
108 210 6600
94 528 6600
7 273 6600
265 408 6600
249 481 6600
312 396 6600
318 413 6600
207 420 6600
161 654 6600
248 420 6600
29 316 6600
67 651 6600
192 316 6600
71 658 6600
22 274 6600
295 364 6600
270 416 6600
231 290 6600
38 596 6600
92 270 6600
164 603 6600
230 378 6600
208 323 6600
74 83 6600
261 327 6600
249 613 6600
45 169 6600
101 359 6600
55 570 6600
254 487 6600
40 331 6600
93 436 6600
14 282 6600
215 300 6600
199 504 6600
214 358 6600
117 551 6600
284 528 6600
319 492 6600
274 404 6600
322 467 6600
175 452 6600
274 481 6600
183 338 6600
259 638 6600
57 178 6600
194 446 6600
272 498 6600
66 200 6600
301 400 6600
175 197 6600
70 426 6600
94 270 6600
220 291 6600
222 611 6600
179 455 6600
161 584 6600
4 80 6600
266 386 6600
311 570 6600
70 489 6600
244 377 6600
137 283 6600
192 259 6600
263 586 6600
246 609 6600
59 175 6600
266 289 6600
213 583 6600
40 378 6600
145 641 6600
167 534 6600
14 534 6600
29 596 6600
316 618 6600
250 538 6600
28 384 6600
174 410 6600
88 303 6600
132 326 6600
154 404 6600
301 525 6600
203 517 6600
149 512 6600
246 514 6600
181 263 6600
288 583 6600
179 534 6600
108 163 6600
201 368 6600
181 637 6600
273 593 6600
74 422 6600
202 636 6600
193 249 6600
156 523 6600
282 296 6600
36 629 6600
128 332 6600
137 283 6600
295 308 6600
255 297 6600
112 231 6600
99 105 6600
55 447 6600
22 250 6600
299 313 6600
185 561 6600
287 356 6600
42 250 6600
67 276 6600
85 405 6600
203 619 6600
271 518 6600
1 101 6600
171 192 6600
13 154 6600
118 381 6600
270 567 6600
134 199 6600
64 287 6600
211 221 6600
327 658 6600
162 218 6600
116 334 6600
233 311 6600
92 221 6600
130 254 6600
35 621 6600
228 608 6600
211 264 6600
184 219 6600
52 103 6600
129 418 6600
231 420 6600
184 402 6600
330 451 6600
20 451 6600
257 591 6600
51 494 6600
123 273 6600
162 464 6600
146 637 6600
175 309 6600
159 536 6600
25 600 6600
95 202 6600
31 513 6600
140 162 6600
243 502 6600
194 560 6600
215 381 6600
70 616 6600
248 334 6600
138 326 6600
289 501 6600
96 516 6600
273 500 6600
312 589 6600
87 374 6600
175 530 6600
208 410 6600
39 391 6600
291 538 6600
260 591 6600
186 524 6600
207 227 6600
275 542 6600
160 539 6600
134 563 6600
128 362 6600
297 651 6600
116 225 6600
288 407 6600
95 538 6600
248 426 6600
127 350 6600
235 539 6600
310 399 6600
118 230 6600
301 312 6600
215 288 6600
192 527 6600
142 413 6600
68 544 6600
213 299 6600
102 510 6600
106 252 6600
49 339 6600
267 374 6600
236 347 6600
313 577 6600
199 220 6600
110 524 6600
132 219 6600
182 243 6600
243 521 6600
36 392 6600
260 377 6600
286 558 6600
27 269 6600
55 257 6600
17 640 6600
299 420 6600
121 181 6600
32 232 6600
305 354 6600
121 543 6600
324 628 6600
13 202 6600
263 659 6600
227 535 6600
252 438 6600
87 388 6600
141 150 6600
8 159 6600
27 460 6600
136 557 6600
20 416 6600
120 361 6600
169 343 6600
13 92 6600
185 465 6600
31 338 6600
79 507 6600
307 363 6600
19 291 6600
107 642 6600
18 573 6600
298 404 6600
71 201 6600
10 290 6600
164 553 6600
316 540 6600
97 170 6600
268 460 6600
143 591 6600
109 589 6600
6 538 6600
138 558 6600
168 598 6600
325 512 6600
65 605 6600
29 368 6600
274 542 6600
129 234 6600
21 311 6600
171 405 6600
263 353 6600
81 507 6600
29 273 6600
116 276 6600
84 573 6600
326 566 6600
197 239 6600
91 261 6600
87 104 6600
139 204 6600
251 591 6600
288 441 6600
121 321 6600
192 380 6600
95 209 6600
207 590 6600
302 471 6600
75 192 6600
10 163 6600
234 348 6600
77 430 6600
323 614 6600
313 613 6600
293 296 6600
157 519 6600
16 399 6600
65 251 6600
320 585 6600
276 514 6600
110 120 6600
96 596 6600
249 391 6600
165 283 6600
214 309 6600
13 37 6600
273 416 6600
248 525 6600
113 464 6600
104 444 6600
165 622 6600
86 401 6600
250 657 6600
295 449 6600
150 195 6600
33 504 6600
213 362 6600
256 625 6600
60 414 6600
51 351 6600
60 403 6600
224 607 6600
40 146 6600
101 561 6600
175 378 6600
292 449 6600
36 282 6600
101 229 6600
145 297 6600
192 304 6600
283 496 6600
249 261 6600
56 510 6600
223 648 6600
80 344 6600
111 330 6600
218 353 6600
202 601 6600
165 172 6600
208 566 6600
234 272 6600
302 553 6600
46 291 6600
318 513 6600
83 291 6600
182 349 6600
134 225 6600
49 240 6600
15 99 6600
0 646 6600
34 568 6600
58 82 6600
5 641 6600
167 272 6600
163 633 6600
274 607 6600
324 568 6600
291 547 6600
186 456 6600
85 91 6600
267 329 6600
168 315 6600
213 272 6600
209 237 6600
292 392 6600
256 406 6600
327 443 6600
142 613 6600
8 14 6600
304 596 6600
42 614 6600
324 587 6600
243 493 6600
85 611 6600
119 451 6600
131 156 6600
7 556 6600
217 366 6600
190 251 6600
199 392 6600
185 217 6600
203 210 6600
37 398 6600
306 394 6600
251 444 6600
189 523 6600
73 231 6600
47 483 6600
120 227 6600
138 453 6600
58 196 6600
34 234 6600
303 445 6600
85 361 6600
265 443 6600
2 303 6600
74 93 6600
12 82 6600
186 585 6600
234 300 6600
214 435 6600
136 183 6600
312 450 6600
257 272 6600
54 569 6600
62 537 6600
173 609 6600
156 569 6600
228 484 6600
222 447 6600
180 579 6600
52 539 6600
153 186 6600
95 413 6600
154 566 6600
236 328 6600
251 358 6600
77 320 6600
183 198 6600
136 234 6600
15 210 6600
284 492 6600
182 315 6600
323 542 6600
254 308 6600
54 308 6600
45 555 6600
171 530 6600
270 604 6600
191 393 6600
205 473 6600
177 640 6600
298 419 6600
19 66 6600
58 89 6600
56 648 6600
248 575 6600
28 217 6600
293 390 6600
99 424 6600
25 419 6600
279 466 6600
149 382 6600
40 568 6600
28 306 6600
241 447 6600
103 254 6600
309 623 6600
287 357 6600
177 379 6600
276 308 6600
191 452 6600
23 326 6600
60 431 6600
152 628 6600
139 148 6600
125 258 6600
26 363 6600
211 512 6600
129 605 6600
314 429 6600
251 321 6600
215 546 6600
88 136 6600
49 183 6600
235 533 6600
155 366 6600
118 164 6600
86 637 6600
251 294 6600
1 272 6600
181 535 6600
323 417 6600
115 459 6600
98 253 6600
71 599 6600
32 38 6600
99 589 6600
140 271 6600
119 411 6600
121 435 6600
291 499 6600
233 312 6600
38 104 6600
10 276 6600
115 575 6600
123 501 6600
167 551 6600
178 596 6600
305 606 6600
96 470 6600
252 563 6600
12 519 6600
225 537 6600
152 340 6600
273 510 6600
287 417 6600
102 439 6600
277 641 6600
314 544 6600
22 308 6600
34 480 6600
99 519 6600
268 361 6600
39 417 6600
195 199 6600
227 493 6600
49 617 6600
88 541 6600
151 386 6600
37 586 6600
166 343 6600
225 485 6600
127 308 6600
195 261 6600
245 517 6600
205 427 6600
244 630 6600
208 211 6600
173 519 6600
182 280 6600
108 647 6600
307 333 6600
253 405 6600
155 530 6600
234 544 6600
154 255 6600
254 561 6600
152 652 6600
203 277 6600
312 620 6600
49 496 6600
223 338 6600
173 234 6600
186 272 6600
312 557 6600
10 437 6600
76 218 6600
224 508 6600
65 364 6600
219 378 6600
42 404 6600
298 622 6600
155 261 6600
226 242 6600
237 256 6600
44 617 6600
105 320 6600
266 457 6600
203 412 6600
311 524 6600
327 561 6600
329 429 6600
281 318 6600
290 523 6600
235 449 6600
202 655 6600
324 347 6600
80 287 6600
115 423 6600
182 197 6600
249 271 6600
326 434 6600
190 568 6600
99 436 6600
157 597 6600
263 285 6600
130 489 6600
113 406 6600
149 418 6600
129 455 6600
171 504 6600
232 273 6600
95 361 6600
99 430 6600
243 363 6600
51 659 6600
238 424 6600
302 478 6600
137 450 6600
32 475 6600
98 298 6600
40 274 6600
169 625 6600
187 404 6600
314 389 6600
326 583 6600
130 281 6600
283 600 6600
203 612 6600
10 161 6600
180 255 6600
212 533 6600
184 323 6600
142 590 6600
95 496 6600
154 338 6600
60 62 6600
257 443 6600
216 250 6600
25 482 6600
277 502 6600
3 193 6600
326 346 6600
57 265 6600
178 619 6600
317 535 6600
157 180 6600
127 383 6600
227 621 6600
66 417 6600
192 488 6600
94 531 6600
196 307 6600
107 584 6600
204 431 6600
75 168 6600
48 52 6600
226 324 6600
158 658 6600
16 376 6600
118 409 6600
150 571 6600
284 554 6600
62 73 6600
192 444 6600
309 619 6600
88 460 6600
24 130 6600
186 533 6600
150 361 6600
269 602 6600
275 408 6600
315 345 6600
9 277 6600
140 622 6600
264 371 6600
279 434 6600
249 262 6600
321 388 6600
225 233 6600
182 644 6600
44 446 6600
192 569 6600
239 387 6600
29 401 6600
