0 1 6640
1 2 6640
2 3 6640
3 4 6640
4 5 6640
5 6 6640
6 7 6640
7 8 6640
8 9 6640
9 10 6640
10 11 6640
11 12 6640
12 13 6640
13 14 6640
14 15 6640
15 16 6640
16 17 6640
17 18 6640
18 19 6640
19 20 6640
20 21 6640
21 22 6640
22 23 6640
23 24 6640
24 25 6640
25 26 6640
26 27 6640
27 28 6640
28 29 6640
29 30 6640
30 31 6640
31 32 6640
32 33 6640
33 34 6640
34 35 6640
35 36 6640
36 37 6640
37 38 6640
38 39 6640
39 40 6640
40 41 6640
41 42 6640
42 43 6640
43 44 6640
44 45 6640
45 46 6640
46 47 6640
47 48 6640
48 49 6640
49 50 6640
50 51 6640
51 52 6640
52 53 6640
53 54 6640
54 55 6640
55 56 6640
56 57 6640
57 58 6640
58 59 6640
59 60 6640
60 61 6640
61 62 6640
62 63 6640
63 64 6640
64 65 6640
65 66 6640
66 67 6640
67 68 6640
68 69 6640
69 70 6640
70 71 6640
71 72 6640
72 73 6640
73 74 6640
74 75 6640
75 76 6640
76 77 6640
77 78 6640
78 79 6640
79 80 6640
80 81 6640
81 82 6640
82 83 6640
83 84 6640
84 85 6640
85 86 6640
86 87 6640
87 88 6640
88 89 6640
89 90 6640
90 91 6640
91 92 6640
92 93 6640
93 94 6640
94 95 6640
95 96 6640
96 97 6640
97 98 6640
98 99 6640
99 100 6640
100 101 6640
101 102 6640
102 103 6640
103 104 6640
104 105 6640
105 106 6640
106 107 6640
107 108 6640
108 109 6640
109 110 6640
110 111 6640
111 112 6640
112 113 6640
113 114 6640
114 115 6640
115 116 6640
116 117 6640
117 118 6640
118 119 6640
119 120 6640
120 121 6640
121 122 6640
122 123 6640
123 124 6640
124 125 6640
125 126 6640
126 127 6640
127 128 6640
128 129 6640
129 130 6640
130 131 6640
131 132 6640
132 133 6640
133 134 6640
134 135 6640
135 136 6640
136 137 6640
137 138 6640
138 139 6640
139 140 6640
140 141 6640
141 142 6640
142 143 6640
143 144 6640
144 145 6640
145 146 6640
146 147 6640
147 148 6640
148 149 6640
149 150 6640
150 151 6640
151 152 6640
152 153 6640
153 154 6640
154 155 6640
155 156 6640
156 157 6640
157 158 6640
158 159 6640
159 160 6640
160 161 6640
161 162 6640
162 163 6640
163 164 6640
164 165 6640
165 166 6640
166 167 6640
167 168 6640
168 169 6640
169 170 6640
170 171 6640
171 172 6640
172 173 6640
173 174 6640
174 175 6640
175 176 6640
176 177 6640
177 178 6640
178 179 6640
179 180 6640
180 181 6640
181 182 6640
182 183 6640
183 184 6640
184 185 6640
185 186 6640
186 187 6640
187 188 6640
188 189 6640
189 190 6640
190 191 6640
191 192 6640
192 193 6640
193 194 6640
194 195 6640
195 196 6640
196 197 6640
197 198 6640
198 199 6640
199 200 6640
200 201 6640
201 202 6640
202 203 6640
203 204 6640
204 205 6640
205 206 6640
206 207 6640
207 208 6640
208 209 6640
209 210 6640
210 211 6640
211 212 6640
212 213 6640
213 214 6640
214 215 6640
215 216 6640
216 217 6640
217 218 6640
218 219 6640
219 220 6640
220 221 6640
221 222 6640
222 223 6640
223 224 6640
224 225 6640
225 226 6640
226 227 6640
227 228 6640
228 229 6640
229 230 6640
230 231 6640
231 232 6640
232 233 6640
233 234 6640
234 235 6640
235 236 6640
236 237 6640
237 238 6640
238 239 6640
239 240 6640
240 241 6640
241 242 6640
242 243 6640
243 244 6640
244 245 6640
245 246 6640
246 247 6640
247 248 6640
248 249 6640
249 250 6640
250 251 6640
251 252 6640
252 253 6640
253 254 6640
254 255 6640
255 256 6640
256 257 6640
257 258 6640
258 259 6640
259 260 6640
260 261 6640
261 262 6640
262 263 6640
263 264 6640
264 265 6640
265 266 6640
266 267 6640
267 268 6640
268 269 6640
269 270 6640
270 271 6640
271 272 6640
272 273 6640
273 274 6640
274 275 6640
275 276 6640
276 277 6640
277 278 6640
278 279 6640
279 280 6640
280 281 6640
281 282 6640
282 283 6640
283 284 6640
284 285 6640
285 286 6640
286 287 6640
287 288 6640
288 289 6640
289 290 6640
290 291 6640
291 292 6640
292 293 6640
293 294 6640
294 295 6640
295 296 6640
296 297 6640
297 298 6640
298 299 6640
299 300 6640
300 301 6640
301 302 6640
302 303 6640
303 304 6640
304 305 6640
305 306 6640
306 307 6640
307 308 6640
308 309 6640
309 310 6640
310 311 6640
311 312 6640
312 313 6640
313 314 6640
314 315 6640
315 316 6640
316 317 6640
317 318 6640
318 319 6640
319 320 6640
320 321 6640
321 322 6640
322 323 6640
323 324 6640
324 325 6640
325 326 6640
326 327 6640
327 328 6640
328 329 6640
329 330 6640
330 331 6640
331 332 6640
332 333 6640
333 334 6640
334 335 6640
335 336 6640
336 337 6640
337 338 6640
338 339 6640
339 340 6640
340 341 6640
341 342 6640
342 343 6640
343 344 6640
344 345 6640
345 346 6640
346 347 6640
347 348 6640
348 349 6640
349 350 6640
350 351 6640
351 352 6640
352 353 6640
353 354 6640
354 355 6640
355 356 6640
356 357 6640
357 358 6640
358 359 6640
359 360 6640
360 361 6640
361 362 6640
362 363 6640
363 364 6640
364 365 6640
365 366 6640
366 367 6640
367 368 6640
368 369 6640
369 370 6640
370 371 6640
371 372 6640
372 373 6640
373 374 6640
374 375 6640
375 376 6640
376 377 6640
377 378 6640
378 379 6640
379 380 6640
380 381 6640
381 382 6640
382 383 6640
383 384 6640
384 385 6640
385 386 6640
386 387 6640
387 388 6640
388 389 6640
389 390 6640
390 391 6640
391 392 6640
392 393 6640
393 394 6640
394 395 6640
395 396 6640
396 397 6640
397 398 6640
398 399 6640
399 400 6640
400 401 6640
401 402 6640
402 403 6640
403 404 6640
404 405 6640
405 406 6640
406 407 6640
407 408 6640
408 409 6640
409 410 6640
410 411 6640
411 412 6640
412 413 6640
413 414 6640
414 415 6640
415 416 6640
416 417 6640
417 418 6640
418 419 6640
419 420 6640
420 421 6640
421 422 6640
422 423 6640
423 424 6640
424 425 6640
425 426 6640
426 427 6640
427 428 6640
428 429 6640
429 430 6640
430 431 6640
431 432 6640
432 433 6640
433 434 6640
434 435 6640
435 436 6640
436 437 6640
437 438 6640
438 439 6640
439 440 6640
440 441 6640
441 442 6640
442 443 6640
443 444 6640
444 445 6640
445 446 6640
446 447 6640
447 448 6640
448 449 6640
449 450 6640
450 451 6640
451 452 6640
452 453 6640
453 454 6640
454 455 6640
455 456 6640
456 457 6640
457 458 6640
458 459 6640
459 460 6640
460 461 6640
461 462 6640
462 463 6640
463 464 6640
464 465 6640
465 466 6640
466 467 6640
467 468 6640
468 469 6640
469 470 6640
470 471 6640
471 472 6640
472 473 6640
473 474 6640
474 475 6640
475 476 6640
476 477 6640
477 478 6640
478 479 6640
479 480 6640
480 481 6640
481 482 6640
482 483 6640
483 484 6640
484 485 6640
485 486 6640
486 487 6640
487 488 6640
488 489 6640
489 490 6640
490 491 6640
491 492 6640
492 493 6640
493 494 6640
494 495 6640
495 496 6640
496 497 6640
497 498 6640
498 499 6640
499 500 6640
500 501 6640
501 502 6640
502 503 6640
503 504 6640
504 505 6640
505 506 6640
506 507 6640
507 508 6640
508 509 6640
509 510 6640
510 511 6640
511 512 6640
512 513 6640
513 514 6640
514 515 6640
515 516 6640
516 517 6640
517 518 6640
518 519 6640
519 520 6640
520 521 6640
521 522 6640
522 523 6640
523 524 6640
524 525 6640
525 526 6640
526 527 6640
527 528 6640
528 529 6640
529 530 6640
530 531 6640
531 532 6640
532 533 6640
533 534 6640
534 535 6640
535 536 6640
536 537 6640
537 538 6640
538 539 6640
539 540 6640
540 541 6640
541 542 6640
542 543 6640
543 544 6640
544 545 6640
545 546 6640
546 547 6640
547 548 6640
548 549 6640
549 550 6640
550 551 6640
551 552 6640
552 553 6640
553 554 6640
554 555 6640
555 556 6640
556 557 6640
557 558 6640
558 559 6640
559 560 6640
560 561 6640
561 562 6640
562 563 6640
563 564 6640
564 565 6640
565 566 6640
566 567 6640
567 568 6640
568 569 6640
569 570 6640
570 571 6640
571 572 6640
572 573 6640
573 574 6640
574 575 6640
575 576 6640
576 577 6640
577 578 6640
578 579 6640
579 580 6640
580 581 6640
581 582 6640
582 583 6640
583 584 6640
584 585 6640
585 586 6640
586 587 6640
587 588 6640
588 589 6640
589 590 6640
590 591 6640
591 592 6640
592 593 6640
593 594 6640
594 595 6640
595 596 6640
596 597 6640
597 598 6640
598 599 6640
599 600 6640
600 601 6640
601 602 6640
602 603 6640
603 604 6640
604 605 6640
605 606 6640
606 607 6640
607 608 6640
608 609 6640
609 610 6640
610 611 6640
611 612 6640
612 613 6640
613 614 6640
614 615 6640
615 616 6640
616 617 6640
617 618 6640
618 619 6640
619 620 6640
620 621 6640
621 622 6640
622 623 6640
623 624 6640
624 625 6640
625 626 6640
626 627 6640
627 628 6640
628 629 6640
629 630 6640
630 631 6640
631 632 6640
632 633 6640
633 634 6640
634 635 6640
635 636 6640
636 637 6640
637 638 6640
638 639 6640
639 640 6640
640 641 6640
641 642 6640
642 643 6640
643 644 6640
644 645 6640
645 646 6640
646 647 6640
647 648 6640
648 649 6640
649 650 6640
650 651 6640
651 652 6640
652 653 6640
653 654 6640
654 655 6640
655 656 6640
656 657 6640
657 658 6640
658 659 6640
659 660 6640
660 661 6640
661 662 6640
662 663 6640
277 456 6640
104 512 6640
95 161 6640
188 381 6640
10 531 6640
132 370 6640
128 543 6640
3 352 6640
19 315 6640
111 378 6640
169 183 6640
220 555 6640
254 287 6640
95 337 6640
239 365 6640
285 607 6640
220 604 6640
64 430 6640
35 50 6640
139 490 6640
126 532 6640
49 580 6640
222 632 6640
78 349 6640
83 217 6640
276 486 6640
227 604 6640
330 513 6640
217 474 6640
275 460 6640
131 593 6640
106 342 6640
212 246 6640
121 467 6640
211 630 6640
157 593 6640
70 290 6640
258 629 6640
251 372 6640
50 63 6640
112 158 6640
120 177 6640
284 393 6640
16 402 6640
185 191 6640
168 357 6640
95 353 6640
49 135 6640
290 614 6640
232 279 6640
45 339 6640
273 374 6640
326 562 6640
298 515 6640
103 315 6640
122 538 6640
196 285 6640
258 551 6640
234 246 6640
97 361 6640
211 655 6640
170 310 6640
195 510 6640
259 298 6640
331 609 6640
175 492 6640
67 421 6640
298 609 6640
227 297 6640
318 347 6640
68 204 6640
104 555 6640
138 455 6640
248 533 6640
68 516 6640
123 613 6640
87 270 6640
149 467 6640
258 315 6640
62 254 6640
160 423 6640
234 480 6640
43 488 6640
253 399 6640
26 359 6640
216 455 6640
160 409 6640
223 467 6640
264 584 6640
167 460 6640
206 294 6640
127 188 6640
254 571 6640
202 527 6640
100 283 6640
26 157 6640
264 312 6640
261 370 6640
12 174 6640
55 566 6640
307 500 6640
31 275 6640
111 207 6640
53 198 6640
225 245 6640
108 110 6640
153 230 6640
123 278 6640
279 622 6640
115 335 6640
210 589 6640
257 410 6640
291 531 6640
238 492 6640
120 432 6640
77 517 6640
213 365 6640
169 454 6640
310 466 6640
307 584 6640
162 299 6640
184 195 6640
265 346 6640
322 580 6640
38 539 6640
58 383 6640
329 627 6640
211 250 6640
128 380 6640
279 601 6640
275 553 6640
109 366 6640
287 335 6640
316 355 6640
133 526 6640
200 242 6640
328 396 6640
103 528 6640
66 293 6640
94 108 6640
83 625 6640
4 422 6640
316 354 6640
10 438 6640
139 468 6640
294 595 6640
208 503 6640
167 274 6640
211 338 6640
106 555 6640
15 22 6640
125 238 6640
269 278 6640
327 528 6640
196 405 6640
99 398 6640
33 57 6640
253 384 6640
49 94 6640
273 533 6640
266 631 6640
67 443 6640
151 460 6640
187 198 6640
283 506 6640
76 407 6640
141 360 6640
212 598 6640
235 592 6640
49 106 6640
16 58 6640
304 353 6640
65 475 6640
122 176 6640
301 621 6640
332 445 6640
39 427 6640
304 591 6640
205 662 6640
158 522 6640
76 223 6640
329 530 6640
299 390 6640
76 144 6640
144 274 6640
147 444 6640
140 291 6640
278 579 6640
79 186 6640
253 290 6640
109 216 6640
135 233 6640
234 286 6640
55 335 6640
72 511 6640
326 590 6640
181 481 6640
243 325 6640
259 402 6640
194 343 6640
81 601 6640
323 348 6640
158 620 6640
3 41 6640
122 508 6640
325 365 6640
214 359 6640
160 245 6640
134 615 6640
135 382 6640
46 159 6640
235 513 6640
88 555 6640
98 141 6640
150 182 6640
323 362 6640
326 420 6640
103 170 6640
43 191 6640
114 155 6640
276 429 6640
100 291 6640
9 203 6640
271 483 6640
102 537 6640
90 317 6640
203 474 6640
215 607 6640
143 497 6640
191 228 6640
322 519 6640
290 502 6640
115 577 6640
293 521 6640
207 528 6640
9 412 6640
198 368 6640
272 544 6640
275 479 6640
11 116 6640
311 621 6640
300 424 6640
229 428 6640
324 571 6640
104 153 6640
308 589 6640
311 386 6640
38 326 6640
313 370 6640
10 393 6640
224 378 6640
139 468 6640
101 548 6640
241 507 6640
98 577 6640
83 625 6640
228 376 6640
219 660 6640
184 409 6640
95 386 6640
219 508 6640
97 160 6640
145 448 6640
286 576 6640
246 605 6640
211 572 6640
190 202 6640
172 179 6640
95 99 6640
285 582 6640
85 276 6640
122 609 6640
146 279 6640
105 273 6640
91 399 6640
202 451 6640
13 372 6640
54 151 6640
168 567 6640
66 627 6640
139 580 6640
118 425 6640
161 173 6640
10 210 6640
30 655 6640
330 466 6640
70 231 6640
142 621 6640
245 424 6640
43 253 6640
237 556 6640
162 204 6640
267 569 6640
278 337 6640
94 290 6640
76 102 6640
207 365 6640
157 301 6640
136 654 6640
210 312 6640
99 478 6640
116 191 6640
251 578 6640
63 98 6640
136 220 6640
89 317 6640
100 341 6640
142 155 6640
43 276 6640
169 225 6640
187 221 6640
306 338 6640
201 219 6640
251 608 6640
259 458 6640
80 301 6640
301 442 6640
77 371 6640
297 616 6640
202 568 6640
61 651 6640
143 321 6640
202 376 6640
284 546 6640
239 493 6640
115 249 6640
168 402 6640
162 246 6640
177 292 6640
262 581 6640
271 289 6640
99 324 6640
303 366 6640
233 321 6640
46 542 6640
260 319 6640
239 634 6640
125 144 6640
111 243 6640
1 264 6640
75 561 6640
310 390 6640
17 164 6640
112 511 6640
170 617 6640
167 218 6640
51 553 6640
257 334 6640
69 565 6640
210 311 6640
272 535 6640
318 358 6640
64 372 6640
109 440 6640
305 374 6640
105 142 6640
301 336 6640
135 140 6640
72 318 6640
86 415 6640
253 485 6640
236 444 6640
157 651 6640
33 128 6640
1 415 6640
312 465 6640
128 584 6640
304 434 6640
42 244 6640
84 126 6640
82 160 6640
1 138 6640
63 113 6640
306 620 6640
316 319 6640
42 493 6640
266 364 6640
327 499 6640
285 288 6640
320 444 6640
66 600 6640
177 277 6640
49 51 6640
88 125 6640
216 323 6640
269 488 6640
181 438 6640
232 598 6640
310 657 6640
286 593 6640
21 78 6640
321 595 6640
10 461 6640
18 652 6640
16 463 6640
198 223 6640
326 607 6640
238 484 6640
141 226 6640
180 547 6640
194 383 6640
321 649 6640
17 42 6640
283 337 6640
169 221 6640
184 418 6640
139 285 6640
297 593 6640
11 593 6640
294 296 6640
70 524 6640
250 374 6640
320 475 6640
3 218 6640
322 635 6640
279 362 6640
195 350 6640
55 596 6640
270 330 6640
259 543 6640
107 625 6640
5 74 6640
271 426 6640
64 497 6640
184 640 6640
312 482 6640
302 561 6640
305 529 6640
309 469 6640
146 193 6640
175 189 6640
151 588 6640
204 538 6640
6 348 6640
167 391 6640
95 211 6640
210 304 6640
268 372 6640
189 279 6640
96 278 6640
258 339 6640
288 477 6640
146 553 6640
210 653 6640
5 468 6640
144 321 6640
25 637 6640
40 484 6640
131 633 6640
296 388 6640
172 467 6640
83 129 6640
305 353 6640
45 179 6640
272 650 6640
174 409 6640
57 486 6640
221 376 6640
16 350 6640
275 415 6640
228 616 6640
122 537 6640
185 591 6640
184 232 6640
191 657 6640
160 572 6640
142 505 6640
63 316 6640
257 488 6640
204 622 6640
220 462 6640
45 294 6640
311 386 6640
121 276 6640
77 562 6640
297 459 6640
35 250 6640
82 456 6640
148 659 6640
251 283 6640
256 458 6640
112 286 6640
2 326 6640
153 658 6640
101 455 6640
182 238 6640
157 658 6640
233 286 6640
267 553 6640
74 193 6640
194 216 6640
124 301 6640
234 474 6640
95 379 6640
239 564 6640
296 369 6640
84 505 6640
236 587 6640
299 575 6640
64 406 6640
212 481 6640
39 589 6640
242 274 6640
158 571 6640
224 650 6640
174 531 6640
200 322 6640
108 622 6640
187 484 6640
113 209 6640
258 423 6640
96 394 6640
245 326 6640
297 636 6640
51 481 6640
178 458 6640
75 654 6640
166 492 6640
184 362 6640
135 437 6640
329 544 6640
22 249 6640
142 563 6640
57 391 6640
237 522 6640
213 407 6640
254 634 6640
274 324 6640
128 216 6640
260 384 6640
321 635 6640
105 324 6640
43 625 6640
186 329 6640
322 558 6640
35 393 6640
46 414 6640
256 542 6640
149 481 6640
126 443 6640
236 602 6640
170 278 6640
31 282 6640
315 384 6640
190 589 6640
259 447 6640
105 113 6640
317 584 6640
0 548 6640
79 423 6640
242 334 6640
246 326 6640
63 404 6640
69 181 6640
153 276 6640
295 642 6640
164 617 6640
218 223 6640
31 545 6640
91 480 6640
166 502 6640
265 441 6640
234 613 6640
0 104 6640
195 585 6640
235 632 6640
184 570 6640
321 389 6640
158 254 6640
65 303 6640
290 490 6640
219 276 6640
106 525 6640
149 379 6640
331 484 6640
209 492 6640
325 329 6640
97 584 6640
3 190 6640
40 288 6640
317 406 6640
129 212 6640
273 341 6640
27 121 6640
201 383 6640
308 661 6640
139 643 6640
274 577 6640
134 241 6640
137 487 6640
114 316 6640
268 421 6640
10 462 6640
74 640 6640
330 372 6640
10 34 6640
148 442 6640
117 281 6640
65 535 6640
172 519 6640
226 284 6640
3 613 6640
169 335 6640
16 159 6640
318 342 6640
34 594 6640
275 281 6640
157 357 6640
147 596 6640
160 546 6640
196 244 6640
324 375 6640
17 618 6640
175 525 6640
105 346 6640
329 648 6640
114 498 6640
96 633 6640
63 115 6640
49 210 6640
122 319 6640
234 346 6640
97 651 6640
307 331 6640
231 525 6640
192 462 6640
240 406 6640
190 503 6640
253 417 6640
24 604 6640
269 539 6640
48 475 6640
295 417 6640
144 527 6640
282 529 6640
75 197 6640
324 513 6640
84 202 6640
35 103 6640
15 262 6640
255 304 6640
94 155 6640
9 325 6640
204 482 6640
68 607 6640
8 348 6640
47 57 6640
122 648 6640
82 397 6640
317 663 6640
35 111 6640
285 536 6640
194 445 6640
272 285 6640
124 207 6640
164 625 6640
67 373 6640
44 432 6640
94 359 6640
75 201 6640
85 97 6640
