0 1 6680
1 2 6680
2 3 6680
3 4 6680
4 5 6680
5 6 6680
6 7 6680
7 8 6680
8 9 6680
9 10 6680
10 11 6680
11 12 6680
12 13 6680
13 14 6680
14 15 6680
15 16 6680
16 17 6680
17 18 6680
18 19 6680
19 20 6680
20 21 6680
21 22 6680
22 23 6680
23 24 6680
24 25 6680
25 26 6680
26 27 6680
27 28 6680
28 29 6680
29 30 6680
30 31 6680
31 32 6680
32 33 6680
33 34 6680
34 35 6680
35 36 6680
36 37 6680
37 38 6680
38 39 6680
39 40 6680
40 41 6680
41 42 6680
42 43 6680
43 44 6680
44 45 6680
45 46 6680
46 47 6680
47 48 6680
48 49 6680
49 50 6680
50 51 6680
51 52 6680
52 53 6680
53 54 6680
54 55 6680
55 56 6680
56 57 6680
57 58 6680
58 59 6680
59 60 6680
60 61 6680
61 62 6680
62 63 6680
63 64 6680
64 65 6680
65 66 6680
66 67 6680
67 68 6680
68 69 6680
69 70 6680
70 71 6680
71 72 6680
72 73 6680
73 74 6680
74 75 6680
75 76 6680
76 77 6680
77 78 6680
78 79 6680
79 80 6680
80 81 6680
81 82 6680
82 83 6680
83 84 6680
84 85 6680
85 86 6680
86 87 6680
87 88 6680
88 89 6680
89 90 6680
90 91 6680
91 92 6680
92 93 6680
93 94 6680
94 95 6680
95 96 6680
96 97 6680
97 98 6680
98 99 6680
99 100 6680
100 101 6680
101 102 6680
102 103 6680
103 104 6680
104 105 6680
105 106 6680
106 107 6680
107 108 6680
108 109 6680
109 110 6680
110 111 6680
111 112 6680
112 113 6680
113 114 6680
114 115 6680
115 116 6680
116 117 6680
117 118 6680
118 119 6680
119 120 6680
120 121 6680
121 122 6680
122 123 6680
123 124 6680
124 125 6680
125 126 6680
126 127 6680
127 128 6680
128 129 6680
129 130 6680
130 131 6680
131 132 6680
132 133 6680
133 134 6680
134 135 6680
135 136 6680
136 137 6680
137 138 6680
138 139 6680
139 140 6680
140 141 6680
141 142 6680
142 143 6680
143 144 6680
144 145 6680
145 146 6680
146 147 6680
147 148 6680
148 149 6680
149 150 6680
150 151 6680
151 152 6680
152 153 6680
153 154 6680
154 155 6680
155 156 6680
156 157 6680
157 158 6680
158 159 6680
159 160 6680
160 161 6680
161 162 6680
162 163 6680
163 164 6680
164 165 6680
165 166 6680
166 167 6680
167 168 6680
168 169 6680
169 170 6680
170 171 6680
171 172 6680
172 173 6680
173 174 6680
174 175 6680
175 176 6680
176 177 6680
177 178 6680
178 179 6680
179 180 6680
180 181 6680
181 182 6680
182 183 6680
183 184 6680
184 185 6680
185 186 6680
186 187 6680
187 188 6680
188 189 6680
189 190 6680
190 191 6680
191 192 6680
192 193 6680
193 194 6680
194 195 6680
195 196 6680
196 197 6680
197 198 6680
198 199 6680
199 200 6680
200 201 6680
201 202 6680
202 203 6680
203 204 6680
204 205 6680
205 206 6680
206 207 6680
207 208 6680
208 209 6680
209 210 6680
210 211 6680
211 212 6680
212 213 6680
213 214 6680
214 215 6680
215 216 6680
216 217 6680
217 218 6680
218 219 6680
219 220 6680
220 221 6680
221 222 6680
222 223 6680
223 224 6680
224 225 6680
225 226 6680
226 227 6680
227 228 6680
228 229 6680
229 230 6680
230 231 6680
231 232 6680
232 233 6680
233 234 6680
234 235 6680
235 236 6680
236 237 6680
237 238 6680
238 239 6680
239 240 6680
240 241 6680
241 242 6680
242 243 6680
243 244 6680
244 245 6680
245 246 6680
246 247 6680
247 248 6680
248 249 6680
249 250 6680
250 251 6680
251 252 6680
252 253 6680
253 254 6680
254 255 6680
255 256 6680
256 257 6680
257 258 6680
258 259 6680
259 260 6680
260 261 6680
261 262 6680
262 263 6680
263 264 6680
264 265 6680
265 266 6680
266 267 6680
267 268 6680
268 269 6680
269 270 6680
270 271 6680
271 272 6680
272 273 6680
273 274 6680
274 275 6680
275 276 6680
276 277 6680
277 278 6680
278 279 6680
279 280 6680
280 281 6680
281 282 6680
282 283 6680
283 284 6680
284 285 6680
285 286 6680
286 287 6680
287 288 6680
288 289 6680
289 290 6680
290 291 6680
291 292 6680
292 293 6680
293 294 6680
294 295 6680
295 296 6680
296 297 6680
297 298 6680
298 299 6680
299 300 6680
300 301 6680
301 302 6680
302 303 6680
303 304 6680
304 305 6680
305 306 6680
306 307 6680
307 308 6680
308 309 6680
309 310 6680
310 311 6680
311 312 6680
312 313 6680
313 314 6680
314 315 6680
315 316 6680
316 317 6680
317 318 6680
318 319 6680
319 320 6680
320 321 6680
321 322 6680
322 323 6680
323 324 6680
324 325 6680
325 326 6680
326 327 6680
327 328 6680
328 329 6680
329 330 6680
330 331 6680
331 332 6680
332 333 6680
333 334 6680
334 335 6680
335 336 6680
336 337 6680
337 338 6680
338 339 6680
339 340 6680
340 341 6680
341 342 6680
342 343 6680
343 344 6680
344 345 6680
345 346 6680
346 347 6680
347 348 6680
348 349 6680
349 350 6680
350 351 6680
351 352 6680
352 353 6680
353 354 6680
354 355 6680
355 356 6680
356 357 6680
357 358 6680
358 359 6680
359 360 6680
360 361 6680
361 362 6680
362 363 6680
363 364 6680
364 365 6680
365 366 6680
366 367 6680
367 368 6680
368 369 6680
369 370 6680
370 371 6680
371 372 6680
372 373 6680
373 374 6680
374 375 6680
375 376 6680
376 377 6680
377 378 6680
378 379 6680
379 380 6680
380 381 6680
381 382 6680
382 383 6680
383 384 6680
384 385 6680
385 386 6680
386 387 6680
387 388 6680
388 389 6680
389 390 6680
390 391 6680
391 392 6680
392 393 6680
393 394 6680
394 395 6680
395 396 6680
396 397 6680
397 398 6680
398 399 6680
399 400 6680
400 401 6680
401 402 6680
402 403 6680
403 404 6680
404 405 6680
405 406 6680
406 407 6680
407 408 6680
408 409 6680
409 410 6680
410 411 6680
411 412 6680
412 413 6680
413 414 6680
414 415 6680
415 416 6680
416 417 6680
417 418 6680
418 419 6680
419 420 6680
420 421 6680
421 422 6680
422 423 6680
423 424 6680
424 425 6680
425 426 6680
426 427 6680
427 428 6680
428 429 6680
429 430 6680
430 431 6680
431 432 6680
432 433 6680
433 434 6680
434 435 6680
435 436 6680
436 437 6680
437 438 6680
438 439 6680
439 440 6680
440 441 6680
441 442 6680
442 443 6680
443 444 6680
444 445 6680
445 446 6680
446 447 6680
447 448 6680
448 449 6680
449 450 6680
450 451 6680
451 452 6680
452 453 6680
453 454 6680
454 455 6680
455 456 6680
456 457 6680
457 458 6680
458 459 6680
459 460 6680
460 461 6680
461 462 6680
462 463 6680
463 464 6680
464 465 6680
465 466 6680
466 467 6680
467 468 6680
468 469 6680
469 470 6680
470 471 6680
471 472 6680
472 473 6680
473 474 6680
474 475 6680
475 476 6680
476 477 6680
477 478 6680
478 479 6680
479 480 6680
480 481 6680
481 482 6680
482 483 6680
483 484 6680
484 485 6680
485 486 6680
486 487 6680
487 488 6680
488 489 6680
489 490 6680
490 491 6680
491 492 6680
492 493 6680
493 494 6680
494 495 6680
495 496 6680
496 497 6680
497 498 6680
498 499 6680
499 500 6680
500 501 6680
501 502 6680
502 503 6680
503 504 6680
504 505 6680
505 506 6680
506 507 6680
507 508 6680
508 509 6680
509 510 6680
510 511 6680
511 512 6680
512 513 6680
513 514 6680
514 515 6680
515 516 6680
516 517 6680
517 518 6680
518 519 6680
519 520 6680
520 521 6680
521 522 6680
522 523 6680
523 524 6680
524 525 6680
525 526 6680
526 527 6680
527 528 6680
528 529 6680
529 530 6680
530 531 6680
531 532 6680
532 533 6680
533 534 6680
534 535 6680
535 536 6680
536 537 6680
537 538 6680
538 539 6680
539 540 6680
540 541 6680
541 542 6680
542 543 6680
543 544 6680
544 545 6680
545 546 6680
546 547 6680
547 548 6680
548 549 6680
549 550 6680
550 551 6680
551 552 6680
552 553 6680
553 554 6680
554 555 6680
555 556 6680
556 557 6680
557 558 6680
558 559 6680
559 560 6680
560 561 6680
561 562 6680
562 563 6680
563 564 6680
564 565 6680
565 566 6680
566 567 6680
567 568 6680
568 569 6680
569 570 6680
570 571 6680
571 572 6680
572 573 6680
573 574 6680
574 575 6680
575 576 6680
576 577 6680
577 578 6680
578 579 6680
579 580 6680
580 581 6680
581 582 6680
582 583 6680
583 584 6680
584 585 6680
585 586 6680
586 587 6680
587 588 6680
588 589 6680
589 590 6680
590 591 6680
591 592 6680
592 593 6680
593 594 6680
594 595 6680
595 596 6680
596 597 6680
597 598 6680
598 599 6680
599 600 6680
600 601 6680
601 602 6680
602 603 6680
603 604 6680
604 605 6680
605 606 6680
606 607 6680
607 608 6680
608 609 6680
609 610 6680
610 611 6680
611 612 6680
612 613 6680
613 614 6680
614 615 6680
615 616 6680
616 617 6680
617 618 6680
618 619 6680
619 620 6680
620 621 6680
621 622 6680
622 623 6680
623 624 6680
624 625 6680
625 626 6680
626 627 6680
627 628 6680
628 629 6680
629 630 6680
630 631 6680
631 632 6680
632 633 6680
633 634 6680
634 635 6680
635 636 6680
636 637 6680
637 638 6680
638 639 6680
639 640 6680
640 641 6680
641 642 6680
642 643 6680
643 644 6680
644 645 6680
645 646 6680
646 647 6680
647 648 6680
648 649 6680
649 650 6680
650 651 6680
651 652 6680
652 653 6680
653 654 6680
654 655 6680
655 656 6680
656 657 6680
657 658 6680
658 659 6680
659 660 6680
660 661 6680
661 662 6680
662 663 6680
663 664 6680
664 665 6680
665 666 6680
666 667 6680
263 452 6680
85 247 6680
260 610 6680
153 354 6680
110 393 6680
52 166 6680
165 541 6680
234 647 6680
259 312 6680
334 569 6680
165 323 6680
244 448 6680
220 337 6680
40 154 6680
185 235 6680
266 655 6680
2 610 6680
281 458 6680
235 414 6680
132 597 6680
287 309 6680
155 397 6680
229 243 6680
236 339 6680
145 351 6680
227 499 6680
133 513 6680
310 443 6680
288 302 6680
26 453 6680
247 297 6680
125 386 6680
84 112 6680
27 516 6680
7 171 6680
202 246 6680
228 591 6680
259 511 6680
128 496 6680
17 616 6680
104 643 6680
227 291 6680
104 208 6680
183 428 6680
100 231 6680
144 369 6680
273 284 6680
290 458 6680
227 437 6680
245 413 6680
305 641 6680
58 157 6680
184 318 6680
274 415 6680
98 656 6680
51 69 6680
98 341 6680
74 351 6680
138 213 6680
283 495 6680
175 469 6680
208 243 6680
312 485 6680
190 286 6680
238 387 6680
226 423 6680
255 423 6680
305 432 6680
241 649 6680
138 327 6680
174 331 6680
65 434 6680
185 560 6680
230 496 6680
250 662 6680
49 265 6680
235 379 6680
86 512 6680
289 425 6680
154 447 6680
202 381 6680
249 292 6680
80 586 6680
245 322 6680
322 503 6680
95 362 6680
117 436 6680
57 539 6680
0 261 6680
177 191 6680
121 493 6680
229 404 6680
80 377 6680
278 591 6680
123 624 6680
173 178 6680
314 345 6680
205 339 6680
295 308 6680
287 440 6680
309 532 6680
103 630 6680
174 563 6680
291 561 6680
230 239 6680
179 448 6680
6 460 6680
329 336 6680
278 662 6680
291 639 6680
224 451 6680
118 339 6680
250 495 6680
240 443 6680
260 348 6680
129 658 6680
148 205 6680
34 62 6680
79 410 6680
92 183 6680
275 608 6680
291 456 6680
123 491 6680
183 563 6680
66 321 6680
21 470 6680
176 189 6680
208 642 6680
115 450 6680
30 639 6680
319 619 6680
333 438 6680
312 314 6680
212 251 6680
97 408 6680
63 533 6680
203 567 6680
319 406 6680
110 213 6680
167 307 6680
129 576 6680
325 414 6680
13 627 6680
292 383 6680
131 525 6680
294 321 6680
6 208 6680
172 632 6680
281 382 6680
300 635 6680
332 400 6680
78 195 6680
198 571 6680
248 609 6680
273 459 6680
254 407 6680
241 424 6680
122 541 6680
148 632 6680
92 114 6680
259 529 6680
164 582 6680
95 353 6680
172 233 6680
183 299 6680
240 274 6680
326 615 6680
5 194 6680
12 74 6680
284 617 6680
224 420 6680
80 116 6680
327 378 6680
97 559 6680
202 642 6680
188 501 6680
126 190 6680
258 604 6680
54 328 6680
202 439 6680
244 420 6680
95 136 6680
259 464 6680
105 166 6680
37 171 6680
72 225 6680
14 395 6680
256 595 6680
34 360 6680
318 338 6680
176 544 6680
37 435 6680
47 123 6680
1 266 6680
97 598 6680
315 456 6680
158 276 6680
156 650 6680
24 205 6680
194 618 6680
84 92 6680
22 119 6680
208 345 6680
263 314 6680
48 627 6680
84 510 6680
281 495 6680
122 290 6680
83 556 6680
272 424 6680
16 397 6680
210 289 6680
161 517 6680
209 518 6680
309 650 6680
274 304 6680
92 107 6680
45 584 6680
105 337 6680
316 516 6680
242 585 6680
110 552 6680
195 543 6680
126 146 6680
105 618 6680
279 625 6680
162 242 6680
62 608 6680
201 464 6680
116 285 6680
284 606 6680
82 407 6680
304 475 6680
215 341 6680
168 496 6680
275 626 6680
235 548 6680
17 661 6680
154 523 6680
242 407 6680
194 550 6680
276 497 6680
22 422 6680
33 380 6680
267 373 6680
228 445 6680
204 367 6680
62 607 6680
134 660 6680
307 492 6680
304 492 6680
180 523 6680
176 200 6680
147 519 6680
193 636 6680
164 412 6680
152 261 6680
263 451 6680
241 564 6680
333 471 6680
80 149 6680
179 571 6680
128 596 6680
124 288 6680
312 474 6680
144 469 6680
324 564 6680
313 571 6680
21 43 6680
282 357 6680
230 249 6680
271 474 6680
74 442 6680
82 335 6680
241 442 6680
240 475 6680
259 513 6680
333 398 6680
153 370 6680
182 233 6680
37 370 6680
274 324 6680
162 384 6680
272 282 6680
246 327 6680
30 40 6680
318 521 6680
80 355 6680
11 471 6680
112 628 6680
329 461 6680
323 589 6680
27 505 6680
300 510 6680
52 216 6680
26 617 6680
125 332 6680
117 601 6680
328 464 6680
280 315 6680
7 197 6680
47 624 6680
207 472 6680
137 421 6680
243 400 6680
246 601 6680
198 560 6680
329 428 6680
222 357 6680
93 613 6680
280 400 6680
204 215 6680
282 654 6680
325 540 6680
230 281 6680
40 394 6680
250 488 6680
52 234 6680
225 602 6680
43 598 6680
321 551 6680
94 221 6680
121 470 6680
270 598 6680
83 586 6680
20 621 6680
291 623 6680
86 216 6680
91 490 6680
80 380 6680
53 424 6680
66 397 6680
260 487 6680
157 200 6680
241 372 6680
45 367 6680
290 645 6680
283 543 6680
129 338 6680
128 165 6680
89 464 6680
189 564 6680
161 316 6680
325 356 6680
214 526 6680
125 474 6680
25 395 6680
34 223 6680
126 626 6680
15 391 6680
163 227 6680
131 548 6680
10 346 6680
247 398 6680
217 374 6680
190 288 6680
225 286 6680
29 337 6680
170 289 6680
194 436 6680
262 442 6680
151 202 6680
284 449 6680
331 344 6680
328 521 6680
180 412 6680
88 446 6680
282 381 6680
69 529 6680
164 289 6680
194 371 6680
72 413 6680
141 424 6680
151 396 6680
286 506 6680
212 526 6680
36 160 6680
13 428 6680
90 378 6680
38 614 6680
153 560 6680
292 611 6680
119 628 6680
59 198 6680
87 661 6680
333 619 6680
322 431 6680
229 491 6680
136 222 6680
198 234 6680
256 648 6680
286 307 6680
251 555 6680
103 513 6680
302 373 6680
242 584 6680
166 427 6680
82 324 6680
27 169 6680
169 402 6680
272 629 6680
222 301 6680
122 524 6680
169 490 6680
143 249 6680
136 628 6680
268 425 6680
320 453 6680
279 573 6680
211 386 6680
240 480 6680
161 496 6680
0 584 6680
168 198 6680
238 424 6680
147 396 6680
314 404 6680
230 589 6680
221 493 6680
210 255 6680
265 273 6680
143 286 6680
209 346 6680
65 397 6680
320 338 6680
69 199 6680
299 371 6680
22 303 6680
150 177 6680
313 627 6680
270 409 6680
96 375 6680
156 379 6680
283 499 6680
111 513 6680
119 524 6680
29 239 6680
297 521 6680
62 558 6680
224 541 6680
136 391 6680
274 346 6680
29 363 6680
21 149 6680
265 592 6680
116 257 6680
123 507 6680
201 582 6680
120 517 6680
332 627 6680
185 420 6680
86 349 6680
179 481 6680
202 322 6680
273 412 6680
303 365 6680
107 232 6680
60 358 6680
147 482 6680
291 393 6680
177 662 6680
291 418 6680
99 533 6680
75 666 6680
320 524 6680
196 556 6680
250 338 6680
179 320 6680
186 339 6680
275 653 6680
259 315 6680
140 367 6680
301 411 6680
115 423 6680
77 245 6680
265 592 6680
241 262 6680
274 646 6680
68 110 6680
241 549 6680
37 582 6680
214 233 6680
67 364 6680
88 661 6680
209 480 6680
282 602 6680
16 285 6680
216 536 6680
90 411 6680
235 603 6680
263 523 6680
29 540 6680
147 220 6680
295 392 6680
216 298 6680
123 341 6680
70 489 6680
261 450 6680
319 517 6680
163 327 6680
316 465 6680
334 427 6680
48 398 6680
276 393 6680
244 623 6680
142 283 6680
193 422 6680
131 219 6680
34 219 6680
58 655 6680
180 362 6680
127 488 6680
213 217 6680
197 459 6680
99 541 6680
79 393 6680
100 267 6680
222 499 6680
298 587 6680
207 459 6680
278 300 6680
312 343 6680
204 247 6680
294 555 6680
140 596 6680
195 415 6680
228 563 6680
213 432 6680
264 380 6680
79 247 6680
303 595 6680
298 407 6680
85 240 6680
109 516 6680
255 311 6680
92 167 6680
328 391 6680
115 457 6680
237 271 6680
328 579 6680
281 601 6680
334 489 6680
284 584 6680
173 344 6680
78 406 6680
224 577 6680
51 158 6680
290 642 6680
46 540 6680
159 393 6680
65 295 6680
187 199 6680
63 593 6680
51 635 6680
196 599 6680
46 338 6680
263 501 6680
115 341 6680
179 615 6680
248 512 6680
265 345 6680
199 514 6680
37 93 6680
124 658 6680
319 523 6680
153 179 6680
162 205 6680
330 560 6680
163 619 6680
241 662 6680
121 250 6680
281 290 6680
296 518 6680
263 556 6680
16 93 6680
256 355 6680
80 269 6680
267 447 6680
332 526 6680
208 431 6680
103 393 6680
45 248 6680
332 437 6680
20 291 6680
270 619 6680
218 238 6680
21 423 6680
234 588 6680
183 600 6680
81 246 6680
5 163 6680
128 326 6680
147 470 6680
210 311 6680
248 626 6680
61 365 6680
227 566 6680
197 457 6680
142 640 6680
294 450 6680
94 572 6680
301 636 6680
63 302 6680
73 476 6680
93 634 6680
33 258 6680
227 234 6680
151 229 6680
153 340 6680
173 314 6680
321 630 6680
264 501 6680
191 579 6680
240 478 6680
313 409 6680
245 299 6680
231 496 6680
159 227 6680
22 138 6680
154 595 6680
280 538 6680
130 192 6680
315 626 6680
177 429 6680
83 553 6680
282 333 6680
149 644 6680
203 614 6680
124 202 6680
50 138 6680
223 664 6680
87 310 6680
149 515 6680
109 335 6680
298 605 6680
7 444 6680
112 494 6680
187 242 6680
113 419 6680
302 574 6680
289 617 6680
102 183 6680
201 584 6680
223 247 6680
151 434 6680
94 161 6680
331 446 6680
42 638 6680
114 185 6680
130 290 6680
255 480 6680
197 606 6680
246 589 6680
93 622 6680
10 616 6680
273 472 6680
287 379 6680
270 505 6680
296 512 6680
162 393 6680
196 428 6680
116 495 6680
17 196 6680
210 545 6680
0 83 6680
101 298 6680
