0 1 6720
1 2 6720
2 3 6720
3 4 6720
4 5 6720
5 6 6720
6 7 6720
7 8 6720
8 9 6720
9 10 6720
10 11 6720
11 12 6720
12 13 6720
13 14 6720
14 15 6720
15 16 6720
16 17 6720
17 18 6720
18 19 6720
19 20 6720
20 21 6720
21 22 6720
22 23 6720
23 24 6720
24 25 6720
25 26 6720
26 27 6720
27 28 6720
28 29 6720
29 30 6720
30 31 6720
31 32 6720
32 33 6720
33 34 6720
34 35 6720
35 36 6720
36 37 6720
37 38 6720
38 39 6720
39 40 6720
40 41 6720
41 42 6720
42 43 6720
43 44 6720
44 45 6720
45 46 6720
46 47 6720
47 48 6720
48 49 6720
49 50 6720
50 51 6720
51 52 6720
52 53 6720
53 54 6720
54 55 6720
55 56 6720
56 57 6720
57 58 6720
58 59 6720
59 60 6720
60 61 6720
61 62 6720
62 63 6720
63 64 6720
64 65 6720
65 66 6720
66 67 6720
67 68 6720
68 69 6720
69 70 6720
70 71 6720
71 72 6720
72 73 6720
73 74 6720
74 75 6720
75 76 6720
76 77 6720
77 78 6720
78 79 6720
79 80 6720
80 81 6720
81 82 6720
82 83 6720
83 84 6720
84 85 6720
85 86 6720
86 87 6720
87 88 6720
88 89 6720
89 90 6720
90 91 6720
91 92 6720
92 93 6720
93 94 6720
94 95 6720
95 96 6720
96 97 6720
97 98 6720
98 99 6720
99 100 6720
100 101 6720
101 102 6720
102 103 6720
103 104 6720
104 105 6720
105 106 6720
106 107 6720
107 108 6720
108 109 6720
109 110 6720
110 111 6720
111 112 6720
112 113 6720
113 114 6720
114 115 6720
115 116 6720
116 117 6720
117 118 6720
118 119 6720
119 120 6720
120 121 6720
121 122 6720
122 123 6720
123 124 6720
124 125 6720
125 126 6720
126 127 6720
127 128 6720
128 129 6720
129 130 6720
130 131 6720
131 132 6720
132 133 6720
133 134 6720
134 135 6720
135 136 6720
136 137 6720
137 138 6720
138 139 6720
139 140 6720
140 141 6720
141 142 6720
142 143 6720
143 144 6720
144 145 6720
145 146 6720
146 147 6720
147 148 6720
148 149 6720
149 150 6720
150 151 6720
151 152 6720
152 153 6720
153 154 6720
154 155 6720
155 156 6720
156 157 6720
157 158 6720
158 159 6720
159 160 6720
160 161 6720
161 162 6720
162 163 6720
163 164 6720
164 165 6720
165 166 6720
166 167 6720
167 168 6720
168 169 6720
169 170 6720
170 171 6720
171 172 6720
172 173 6720
173 174 6720
174 175 6720
175 176 6720
176 177 6720
177 178 6720
178 179 6720
179 180 6720
180 181 6720
181 182 6720
182 183 6720
183 184 6720
184 185 6720
185 186 6720
186 187 6720
187 188 6720
188 189 6720
189 190 6720
190 191 6720
191 192 6720
192 193 6720
193 194 6720
194 195 6720
195 196 6720
196 197 6720
197 198 6720
198 199 6720
199 200 6720
200 201 6720
201 202 6720
202 203 6720
203 204 6720
204 205 6720
205 206 6720
206 207 6720
207 208 6720
208 209 6720
209 210 6720
210 211 6720
211 212 6720
212 213 6720
213 214 6720
214 215 6720
215 216 6720
216 217 6720
217 218 6720
218 219 6720
219 220 6720
220 221 6720
221 222 6720
222 223 6720
223 224 6720
224 225 6720
225 226 6720
226 227 6720
227 228 6720
228 229 6720
229 230 6720
230 231 6720
231 232 6720
232 233 6720
233 234 6720
234 235 6720
235 236 6720
236 237 6720
237 238 6720
238 239 6720
239 240 6720
240 241 6720
241 242 6720
242 243 6720
243 244 6720
244 245 6720
245 246 6720
246 247 6720
247 248 6720
248 249 6720
249 250 6720
250 251 6720
251 252 6720
252 253 6720
253 254 6720
254 255 6720
255 256 6720
256 257 6720
257 258 6720
258 259 6720
259 260 6720
260 261 6720
261 262 6720
262 263 6720
263 264 6720
264 265 6720
265 266 6720
266 267 6720
267 268 6720
268 269 6720
269 270 6720
270 271 6720
271 272 6720
272 273 6720
273 274 6720
274 275 6720
275 276 6720
276 277 6720
277 278 6720
278 279 6720
279 280 6720
280 281 6720
281 282 6720
282 283 6720
283 284 6720
284 285 6720
285 286 6720
286 287 6720
287 288 6720
288 289 6720
289 290 6720
290 291 6720
291 292 6720
292 293 6720
293 294 6720
294 295 6720
295 296 6720
296 297 6720
297 298 6720
298 299 6720
299 300 6720
300 301 6720
301 302 6720
302 303 6720
303 304 6720
304 305 6720
305 306 6720
306 307 6720
307 308 6720
308 309 6720
309 310 6720
310 311 6720
311 312 6720
312 313 6720
313 314 6720
314 315 6720
315 316 6720
316 317 6720
317 318 6720
318 319 6720
319 320 6720
320 321 6720
321 322 6720
322 323 6720
323 324 6720
324 325 6720
325 326 6720
326 327 6720
327 328 6720
328 329 6720
329 330 6720
330 331 6720
331 332 6720
332 333 6720
333 334 6720
334 335 6720
335 336 6720
336 337 6720
337 338 6720
338 339 6720
339 340 6720
340 341 6720
341 342 6720
342 343 6720
343 344 6720
344 345 6720
345 346 6720
346 347 6720
347 348 6720
348 349 6720
349 350 6720
350 351 6720
351 352 6720
352 353 6720
353 354 6720
354 355 6720
355 356 6720
356 357 6720
357 358 6720
358 359 6720
359 360 6720
360 361 6720
361 362 6720
362 363 6720
363 364 6720
364 365 6720
365 366 6720
366 367 6720
367 368 6720
368 369 6720
369 370 6720
370 371 6720
371 372 6720
372 373 6720
373 374 6720
374 375 6720
375 376 6720
376 377 6720
377 378 6720
378 379 6720
379 380 6720
380 381 6720
381 382 6720
382 383 6720
383 384 6720
384 385 6720
385 386 6720
386 387 6720
387 388 6720
388 389 6720
389 390 6720
390 391 6720
391 392 6720
392 393 6720
393 394 6720
394 395 6720
395 396 6720
396 397 6720
397 398 6720
398 399 6720
399 400 6720
400 401 6720
401 402 6720
402 403 6720
403 404 6720
404 405 6720
405 406 6720
406 407 6720
407 408 6720
408 409 6720
409 410 6720
410 411 6720
411 412 6720
412 413 6720
413 414 6720
414 415 6720
415 416 6720
416 417 6720
417 418 6720
418 419 6720
419 420 6720
420 421 6720
421 422 6720
422 423 6720
423 424 6720
424 425 6720
425 426 6720
426 427 6720
427 428 6720
428 429 6720
429 430 6720
430 431 6720
431 432 6720
432 433 6720
433 434 6720
434 435 6720
435 436 6720
436 437 6720
437 438 6720
438 439 6720
439 440 6720
440 441 6720
441 442 6720
442 443 6720
443 444 6720
444 445 6720
445 446 6720
446 447 6720
447 448 6720
448 449 6720
449 450 6720
450 451 6720
451 452 6720
452 453 6720
453 454 6720
454 455 6720
455 456 6720
456 457 6720
457 458 6720
458 459 6720
459 460 6720
460 461 6720
461 462 6720
462 463 6720
463 464 6720
464 465 6720
465 466 6720
466 467 6720
467 468 6720
468 469 6720
469 470 6720
470 471 6720
471 472 6720
472 473 6720
473 474 6720
474 475 6720
475 476 6720
476 477 6720
477 478 6720
478 479 6720
479 480 6720
480 481 6720
481 482 6720
482 483 6720
483 484 6720
484 485 6720
485 486 6720
486 487 6720
487 488 6720
488 489 6720
489 490 6720
490 491 6720
491 492 6720
492 493 6720
493 494 6720
494 495 6720
495 496 6720
496 497 6720
497 498 6720
498 499 6720
499 500 6720
500 501 6720
501 502 6720
502 503 6720
503 504 6720
504 505 6720
505 506 6720
506 507 6720
507 508 6720
508 509 6720
509 510 6720
510 511 6720
511 512 6720
512 513 6720
513 514 6720
514 515 6720
515 516 6720
516 517 6720
517 518 6720
518 519 6720
519 520 6720
520 521 6720
521 522 6720
522 523 6720
523 524 6720
524 525 6720
525 526 6720
526 527 6720
527 528 6720
528 529 6720
529 530 6720
530 531 6720
531 532 6720
532 533 6720
533 534 6720
534 535 6720
535 536 6720
536 537 6720
537 538 6720
538 539 6720
539 540 6720
540 541 6720
541 542 6720
542 543 6720
543 544 6720
544 545 6720
545 546 6720
546 547 6720
547 548 6720
548 549 6720
549 550 6720
550 551 6720
551 552 6720
552 553 6720
553 554 6720
554 555 6720
555 556 6720
556 557 6720
557 558 6720
558 559 6720
559 560 6720
560 561 6720
561 562 6720
562 563 6720
563 564 6720
564 565 6720
565 566 6720
566 567 6720
567 568 6720
568 569 6720
569 570 6720
570 571 6720
571 572 6720
572 573 6720
573 574 6720
574 575 6720
575 576 6720
576 577 6720
577 578 6720
578 579 6720
579 580 6720
580 581 6720
581 582 6720
582 583 6720
583 584 6720
584 585 6720
585 586 6720
586 587 6720
587 588 6720
588 589 6720
589 590 6720
590 591 6720
591 592 6720
592 593 6720
593 594 6720
594 595 6720
595 596 6720
596 597 6720
597 598 6720
598 599 6720
599 600 6720
600 601 6720
601 602 6720
602 603 6720
603 604 6720
604 605 6720
605 606 6720
606 607 6720
607 608 6720
608 609 6720
609 610 6720
610 611 6720
611 612 6720
612 613 6720
613 614 6720
614 615 6720
615 616 6720
616 617 6720
617 618 6720
618 619 6720
619 620 6720
620 621 6720
621 622 6720
622 623 6720
623 624 6720
624 625 6720
625 626 6720
626 627 6720
627 628 6720
628 629 6720
629 630 6720
630 631 6720
631 632 6720
632 633 6720
633 634 6720
634 635 6720
635 636 6720
636 637 6720
637 638 6720
638 639 6720
639 640 6720
640 641 6720
641 642 6720
642 643 6720
643 644 6720
644 645 6720
645 646 6720
646 647 6720
647 648 6720
648 649 6720
649 650 6720
650 651 6720
651 652 6720
652 653 6720
653 654 6720
654 655 6720
655 656 6720
656 657 6720
657 658 6720
658 659 6720
659 660 6720
660 661 6720
661 662 6720
662 663 6720
663 664 6720
664 665 6720
665 666 6720
666 667 6720
667 668 6720
668 669 6720
669 670 6720
670 671 6720
94 574 6720
327 363 6720
42 448 6720
190 472 6720
166 599 6720
106 418 6720
3 249 6720
235 330 6720
104 647 6720
115 220 6720
81 352 6720
208 378 6720
186 395 6720
308 330 6720
290 370 6720
251 294 6720
51 319 6720
151 622 6720
37 149 6720
118 369 6720
81 102 6720
283 600 6720
138 622 6720
259 292 6720
233 283 6720
18 447 6720
268 389 6720
285 603 6720
257 515 6720
323 364 6720
278 371 6720
217 467 6720
151 181 6720
210 653 6720
198 376 6720
113 578 6720
144 515 6720
70 108 6720
82 307 6720
252 413 6720
95 562 6720
102 422 6720
11 238 6720
10 65 6720
118 319 6720
154 203 6720
126 418 6720
157 465 6720
240 563 6720
20 443 6720
160 610 6720
251 415 6720
218 306 6720
298 418 6720
187 284 6720
309 328 6720
201 539 6720
238 274 6720
127 168 6720
82 128 6720
318 618 6720
257 502 6720
46 587 6720
308 497 6720
91 168 6720
16 312 6720
116 483 6720
125 215 6720
270 517 6720
315 404 6720
295 542 6720
278 335 6720
151 221 6720
139 348 6720
66 348 6720
190 582 6720
141 445 6720
232 637 6720
304 610 6720
326 423 6720
254 504 6720
74 645 6720
117 314 6720
315 474 6720
223 342 6720
51 548 6720
170 583 6720
34 216 6720
180 628 6720
326 389 6720
46 472 6720
121 288 6720
116 565 6720
181 273 6720
205 596 6720
37 245 6720
215 392 6720
65 164 6720
298 655 6720
278 386 6720
180 312 6720
15 538 6720
143 536 6720
267 568 6720
257 585 6720
187 636 6720
237 453 6720
228 563 6720
236 339 6720
265 622 6720
52 622 6720
336 644 6720
292 530 6720
38 664 6720
118 273 6720
334 426 6720
23 413 6720
211 538 6720
45 460 6720
91 171 6720
238 626 6720
286 436 6720
140 632 6720
123 362 6720
223 313 6720
328 476 6720
19 121 6720
216 353 6720
29 401 6720
147 339 6720
285 569 6720
173 309 6720
139 269 6720
334 632 6720
202 266 6720
27 565 6720
244 624 6720
28 510 6720
260 550 6720
235 307 6720
264 635 6720
210 423 6720
3 139 6720
258 543 6720
58 448 6720
35 623 6720
122 468 6720
24 125 6720
171 522 6720
320 429 6720
37 498 6720
80 417 6720
237 275 6720
156 460 6720
38 561 6720
225 347 6720
277 534 6720
171 235 6720
158 647 6720
248 444 6720
240 593 6720
82 581 6720
336 359 6720
55 212 6720
302 328 6720
225 527 6720
242 365 6720
143 557 6720
222 347 6720
137 393 6720
156 198 6720
296 467 6720
301 354 6720
121 201 6720
188 370 6720
11 320 6720
154 390 6720
168 504 6720
40 130 6720
14 305 6720
241 430 6720
120 644 6720
51 116 6720
20 377 6720
130 625 6720
271 441 6720
198 264 6720
228 357 6720
296 385 6720
268 396 6720
38 357 6720
57 621 6720
285 581 6720
138 628 6720
241 440 6720
182 288 6720
45 301 6720
17 233 6720
214 528 6720
186 230 6720
67 156 6720
15 603 6720
210 655 6720
170 257 6720
34 360 6720
168 626 6720
137 584 6720
211 495 6720
329 442 6720
184 398 6720
20 273 6720
117 365 6720
59 134 6720
117 135 6720
212 370 6720
148 286 6720
111 330 6720
176 625 6720
193 235 6720
56 426 6720
266 549 6720
283 440 6720
316 632 6720
78 476 6720
40 56 6720
196 383 6720
317 637 6720
41 142 6720
234 548 6720
305 573 6720
255 263 6720
259 330 6720
96 502 6720
209 399 6720
192 224 6720
263 545 6720
188 579 6720
122 276 6720
107 254 6720
90 280 6720
61 128 6720
58 352 6720
222 627 6720
275 329 6720
63 246 6720
78 212 6720
99 194 6720
235 507 6720
265 334 6720
0 111 6720
336 527 6720
100 408 6720
53 287 6720
121 462 6720
5 60 6720
244 505 6720
112 361 6720
213 566 6720
295 390 6720
185 638 6720
116 605 6720
66 268 6720
159 304 6720
294 595 6720
275 530 6720
27 203 6720
315 521 6720
186 426 6720
127 181 6720
41 615 6720
256 533 6720
326 607 6720
287 331 6720
29 502 6720
308 625 6720
174 482 6720
248 598 6720
72 278 6720
125 195 6720
74 303 6720
71 143 6720
71 373 6720
89 562 6720
5 612 6720
156 298 6720
127 480 6720
146 605 6720
132 545 6720
231 413 6720
180 506 6720
304 328 6720
20 196 6720
176 240 6720
19 126 6720
49 144 6720
23 452 6720
81 260 6720
59 649 6720
135 148 6720
6 622 6720
319 536 6720
262 620 6720
35 100 6720
82 497 6720
50 169 6720
2 279 6720
185 581 6720
129 439 6720
314 384 6720
336 559 6720
217 353 6720
177 411 6720
87 248 6720
211 398 6720
120 238 6720
27 405 6720
213 664 6720
221 262 6720
336 415 6720
108 543 6720
263 399 6720
272 454 6720
129 299 6720
120 446 6720
189 538 6720
154 523 6720
327 609 6720
168 378 6720
286 614 6720
249 362 6720
237 530 6720
125 643 6720
118 297 6720
179 345 6720
131 374 6720
170 486 6720
18 311 6720
167 191 6720
14 178 6720
230 636 6720
242 315 6720
250 580 6720
148 646 6720
191 423 6720
140 225 6720
258 389 6720
276 362 6720
219 237 6720
111 415 6720
256 267 6720
170 399 6720
310 316 6720
179 193 6720
28 36 6720
179 510 6720
266 481 6720
90 619 6720
108 561 6720
55 78 6720
64 314 6720
243 350 6720
208 371 6720
134 315 6720
130 540 6720
203 541 6720
63 452 6720
260 520 6720
90 580 6720
82 318 6720
292 641 6720
316 552 6720
115 552 6720
258 480 6720
190 486 6720
151 612 6720
98 445 6720
329 361 6720
11 401 6720
170 335 6720
329 617 6720
13 560 6720
321 390 6720
141 197 6720
66 314 6720
299 657 6720
107 600 6720
201 377 6720
223 565 6720
224 509 6720
274 328 6720
49 359 6720
42 94 6720
128 353 6720
248 336 6720
320 658 6720
236 584 6720
248 257 6720
327 505 6720
248 483 6720
192 491 6720
110 335 6720
45 72 6720
189 537 6720
112 421 6720
241 602 6720
314 524 6720
105 539 6720
173 184 6720
39 48 6720
188 379 6720
137 226 6720
157 521 6720
304 512 6720
249 351 6720
77 653 6720
202 342 6720
113 434 6720
89 471 6720
235 355 6720
107 533 6720
28 193 6720
166 552 6720
136 588 6720
255 356 6720
329 597 6720
290 362 6720
270 366 6720
60 564 6720
129 343 6720
245 540 6720
216 447 6720
4 75 6720
57 508 6720
301 553 6720
60 428 6720
98 154 6720
70 380 6720
141 509 6720
124 198 6720
113 396 6720
332 386 6720
231 363 6720
331 650 6720
100 444 6720
279 388 6720
129 199 6720
179 564 6720
294 585 6720
300 634 6720
79 248 6720
12 91 6720
134 152 6720
333 406 6720
159 511 6720
2 387 6720
171 248 6720
317 542 6720
244 406 6720
276 419 6720
140 571 6720
219 467 6720
332 635 6720
117 515 6720
281 313 6720
57 366 6720
126 356 6720
329 665 6720
264 563 6720
199 245 6720
115 546 6720
204 265 6720
23 605 6720
85 149 6720
278 305 6720
109 143 6720
234 602 6720
286 599 6720
120 420 6720
237 570 6720
257 381 6720
116 609 6720
291 422 6720
226 547 6720
243 445 6720
55 272 6720
316 439 6720
83 350 6720
167 470 6720
308 545 6720
104 415 6720
187 488 6720
245 460 6720
96 224 6720
204 243 6720
117 123 6720
31 281 6720
138 398 6720
72 289 6720
294 536 6720
306 371 6720
57 564 6720
10 624 6720
208 451 6720
305 521 6720
326 501 6720
0 617 6720
272 618 6720
93 602 6720
98 639 6720
76 247 6720
84 591 6720
263 336 6720
0 661 6720
119 429 6720
264 486 6720
7 114 6720
45 597 6720
272 300 6720
246 614 6720
250 347 6720
300 384 6720
220 584 6720
119 445 6720
22 299 6720
37 117 6720
22 553 6720
265 309 6720
215 331 6720
281 554 6720
97 193 6720
198 471 6720
135 323 6720
210 381 6720
286 317 6720
22 48 6720
155 647 6720
307 579 6720
298 353 6720
187 418 6720
245 464 6720
319 405 6720
77 212 6720
98 110 6720
233 567 6720
200 261 6720
87 120 6720
11 319 6720
17 593 6720
238 626 6720
232 301 6720
284 412 6720
276 489 6720
198 524 6720
46 526 6720
87 269 6720
86 191 6720
184 557 6720
91 370 6720
240 662 6720
52 114 6720
297 541 6720
244 367 6720
66 377 6720
23 37 6720
11 277 6720
298 451 6720
175 572 6720
50 110 6720
276 477 6720
41 646 6720
55 344 6720
195 449 6720
268 486 6720
336 574 6720
333 609 6720
27 175 6720
144 392 6720
328 584 6720
6 586 6720
183 305 6720
272 598 6720
17 177 6720
156 274 6720
68 611 6720
42 517 6720
96 300 6720
225 293 6720
190 248 6720
196 528 6720
5 36 6720
74 176 6720
281 641 6720
89 643 6720
89 516 6720
320 505 6720
220 360 6720
50 186 6720
75 156 6720
51 360 6720
258 437 6720
75 279 6720
131 145 6720
38 297 6720
263 426 6720
161 496 6720
39 609 6720
223 531 6720
48 83 6720
276 335 6720
94 585 6720
13 436 6720
193 501 6720
214 473 6720
296 305 6720
125 404 6720
265 336 6720
233 555 6720
48 623 6720
96 250 6720
199 488 6720
194 506 6720
246 302 6720
178 208 6720
76 544 6720
257 596 6720
208 509 6720
54 182 6720
232 574 6720
296 656 6720
168 235 6720
53 166 6720
142 199 6720
217 472 6720
266 346 6720
83 165 6720
252 459 6720
153 634 6720
72 285 6720
117 415 6720
36 233 6720
317 496 6720
36 369 6720
115 665 6720
254 424 6720
315 370 6720
112 330 6720
316 474 6720
260 665 6720
285 669 6720
321 663 6720
253 633 6720
312 508 6720
169 264 6720
220 360 6720
270 661 6720
23 81 6720
14 614 6720
4 371 6720
63 159 6720
240 570 6720
1 454 6720
126 594 6720
167 367 6720
8 552 6720
56 403 6720
305 374 6720
228 500 6720
298 656 6720
9 410 6720
68 659 6720
