0 1 6760
1 2 6760
2 3 6760
3 4 6760
4 5 6760
5 6 6760
6 7 6760
7 8 6760
8 9 6760
9 10 6760
10 11 6760
11 12 6760
12 13 6760
13 14 6760
14 15 6760
15 16 6760
16 17 6760
17 18 6760
18 19 6760
19 20 6760
20 21 6760
21 22 6760
22 23 6760
23 24 6760
24 25 6760
25 26 6760
26 27 6760
27 28 6760
28 29 6760
29 30 6760
30 31 6760
31 32 6760
32 33 6760
33 34 6760
34 35 6760
35 36 6760
36 37 6760
37 38 6760
38 39 6760
39 40 6760
40 41 6760
41 42 6760
42 43 6760
43 44 6760
44 45 6760
45 46 6760
46 47 6760
47 48 6760
48 49 6760
49 50 6760
50 51 6760
51 52 6760
52 53 6760
53 54 6760
54 55 6760
55 56 6760
56 57 6760
57 58 6760
58 59 6760
59 60 6760
60 61 6760
61 62 6760
62 63 6760
63 64 6760
64 65 6760
65 66 6760
66 67 6760
67 68 6760
68 69 6760
69 70 6760
70 71 6760
71 72 6760
72 73 6760
73 74 6760
74 75 6760
75 76 6760
76 77 6760
77 78 6760
78 79 6760
79 80 6760
80 81 6760
81 82 6760
82 83 6760
83 84 6760
84 85 6760
85 86 6760
86 87 6760
87 88 6760
88 89 6760
89 90 6760
90 91 6760
91 92 6760
92 93 6760
93 94 6760
94 95 6760
95 96 6760
96 97 6760
97 98 6760
98 99 6760
99 100 6760
100 101 6760
101 102 6760
102 103 6760
103 104 6760
104 105 6760
105 106 6760
106 107 6760
107 108 6760
108 109 6760
109 110 6760
110 111 6760
111 112 6760
112 113 6760
113 114 6760
114 115 6760
115 116 6760
116 117 6760
117 118 6760
118 119 6760
119 120 6760
120 121 6760
121 122 6760
122 123 6760
123 124 6760
124 125 6760
125 126 6760
126 127 6760
127 128 6760
128 129 6760
129 130 6760
130 131 6760
131 132 6760
132 133 6760
133 134 6760
134 135 6760
135 136 6760
136 137 6760
137 138 6760
138 139 6760
139 140 6760
140 141 6760
141 142 6760
142 143 6760
143 144 6760
144 145 6760
145 146 6760
146 147 6760
147 148 6760
148 149 6760
149 150 6760
150 151 6760
151 152 6760
152 153 6760
153 154 6760
154 155 6760
155 156 6760
156 157 6760
157 158 6760
158 159 6760
159 160 6760
160 161 6760
161 162 6760
162 163 6760
163 164 6760
164 165 6760
165 166 6760
166 167 6760
167 168 6760
168 169 6760
169 170 6760
170 171 6760
171 172 6760
172 173 6760
173 174 6760
174 175 6760
175 176 6760
176 177 6760
177 178 6760
178 179 6760
179 180 6760
180 181 6760
181 182 6760
182 183 6760
183 184 6760
184 185 6760
185 186 6760
186 187 6760
187 188 6760
188 189 6760
189 190 6760
190 191 6760
191 192 6760
192 193 6760
193 194 6760
194 195 6760
195 196 6760
196 197 6760
197 198 6760
198 199 6760
199 200 6760
200 201 6760
201 202 6760
202 203 6760
203 204 6760
204 205 6760
205 206 6760
206 207 6760
207 208 6760
208 209 6760
209 210 6760
210 211 6760
211 212 6760
212 213 6760
213 214 6760
214 215 6760
215 216 6760
216 217 6760
217 218 6760
218 219 6760
219 220 6760
220 221 6760
221 222 6760
222 223 6760
223 224 6760
224 225 6760
225 226 6760
226 227 6760
227 228 6760
228 229 6760
229 230 6760
230 231 6760
231 232 6760
232 233 6760
233 234 6760
234 235 6760
235 236 6760
236 237 6760
237 238 6760
238 239 6760
239 240 6760
240 241 6760
241 242 6760
242 243 6760
243 244 6760
244 245 6760
245 246 6760
246 247 6760
247 248 6760
248 249 6760
249 250 6760
250 251 6760
251 252 6760
252 253 6760
253 254 6760
254 255 6760
255 256 6760
256 257 6760
257 258 6760
258 259 6760
259 260 6760
260 261 6760
261 262 6760
262 263 6760
263 264 6760
264 265 6760
265 266 6760
266 267 6760
267 268 6760
268 269 6760
269 270 6760
270 271 6760
271 272 6760
272 273 6760
273 274 6760
274 275 6760
275 276 6760
276 277 6760
277 278 6760
278 279 6760
279 280 6760
280 281 6760
281 282 6760
282 283 6760
283 284 6760
284 285 6760
285 286 6760
286 287 6760
287 288 6760
288 289 6760
289 290 6760
290 291 6760
291 292 6760
292 293 6760
293 294 6760
294 295 6760
295 296 6760
296 297 6760
297 298 6760
298 299 6760
299 300 6760
300 301 6760
301 302 6760
302 303 6760
303 304 6760
304 305 6760
305 306 6760
306 307 6760
307 308 6760
308 309 6760
309 310 6760
310 311 6760
311 312 6760
312 313 6760
313 314 6760
314 315 6760
315 316 6760
316 317 6760
317 318 6760
318 319 6760
319 320 6760
320 321 6760
321 322 6760
322 323 6760
323 324 6760
324 325 6760
325 326 6760
326 327 6760
327 328 6760
328 329 6760
329 330 6760
330 331 6760
331 332 6760
332 333 6760
333 334 6760
334 335 6760
335 336 6760
336 337 6760
337 338 6760
338 339 6760
339 340 6760
340 341 6760
341 342 6760
342 343 6760
343 344 6760
344 345 6760
345 346 6760
346 347 6760
347 348 6760
348 349 6760
349 350 6760
350 351 6760
351 352 6760
352 353 6760
353 354 6760
354 355 6760
355 356 6760
356 357 6760
357 358 6760
358 359 6760
359 360 6760
360 361 6760
361 362 6760
362 363 6760
363 364 6760
364 365 6760
365 366 6760
366 367 6760
367 368 6760
368 369 6760
369 370 6760
370 371 6760
371 372 6760
372 373 6760
373 374 6760
374 375 6760
375 376 6760
376 377 6760
377 378 6760
378 379 6760
379 380 6760
380 381 6760
381 382 6760
382 383 6760
383 384 6760
384 385 6760
385 386 6760
386 387 6760
387 388 6760
388 389 6760
389 390 6760
390 391 6760
391 392 6760
392 393 6760
393 394 6760
394 395 6760
395 396 6760
396 397 6760
397 398 6760
398 399 6760
399 400 6760
400 401 6760
401 402 6760
402 403 6760
403 404 6760
404 405 6760
405 406 6760
406 407 6760
407 408 6760
408 409 6760
409 410 6760
410 411 6760
411 412 6760
412 413 6760
413 414 6760
414 415 6760
415 416 6760
416 417 6760
417 418 6760
418 419 6760
419 420 6760
420 421 6760
421 422 6760
422 423 6760
423 424 6760
424 425 6760
425 426 6760
426 427 6760
427 428 6760
428 429 6760
429 430 6760
430 431 6760
431 432 6760
432 433 6760
433 434 6760
434 435 6760
435 436 6760
436 437 6760
437 438 6760
438 439 6760
439 440 6760
440 441 6760
441 442 6760
442 443 6760
443 444 6760
444 445 6760
445 446 6760
446 447 6760
447 448 6760
448 449 6760
449 450 6760
450 451 6760
451 452 6760
452 453 6760
453 454 6760
454 455 6760
455 456 6760
456 457 6760
457 458 6760
458 459 6760
459 460 6760
460 461 6760
461 462 6760
462 463 6760
463 464 6760
464 465 6760
465 466 6760
466 467 6760
467 468 6760
468 469 6760
469 470 6760
470 471 6760
471 472 6760
472 473 6760
473 474 6760
474 475 6760
475 476 6760
476 477 6760
477 478 6760
478 479 6760
479 480 6760
480 481 6760
481 482 6760
482 483 6760
483 484 6760
484 485 6760
485 486 6760
486 487 6760
487 488 6760
488 489 6760
489 490 6760
490 491 6760
491 492 6760
492 493 6760
493 494 6760
494 495 6760
495 496 6760
496 497 6760
497 498 6760
498 499 6760
499 500 6760
500 501 6760
501 502 6760
502 503 6760
503 504 6760
504 505 6760
505 506 6760
506 507 6760
507 508 6760
508 509 6760
509 510 6760
510 511 6760
511 512 6760
512 513 6760
513 514 6760
514 515 6760
515 516 6760
516 517 6760
517 518 6760
518 519 6760
519 520 6760
520 521 6760
521 522 6760
522 523 6760
523 524 6760
524 525 6760
525 526 6760
526 527 6760
527 528 6760
528 529 6760
529 530 6760
530 531 6760
531 532 6760
532 533 6760
533 534 6760
534 535 6760
535 536 6760
536 537 6760
537 538 6760
538 539 6760
539 540 6760
540 541 6760
541 542 6760
542 543 6760
543 544 6760
544 545 6760
545 546 6760
546 547 6760
547 548 6760
548 549 6760
549 550 6760
550 551 6760
551 552 6760
552 553 6760
553 554 6760
554 555 6760
555 556 6760
556 557 6760
557 558 6760
558 559 6760
559 560 6760
560 561 6760
561 562 6760
562 563 6760
563 564 6760
564 565 6760
565 566 6760
566 567 6760
567 568 6760
568 569 6760
569 570 6760
570 571 6760
571 572 6760
572 573 6760
573 574 6760
574 575 6760
575 576 6760
576 577 6760
577 578 6760
578 579 6760
579 580 6760
580 581 6760
581 582 6760
582 583 6760
583 584 6760
584 585 6760
585 586 6760
586 587 6760
587 588 6760
588 589 6760
589 590 6760
590 591 6760
591 592 6760
592 593 6760
593 594 6760
594 595 6760
595 596 6760
596 597 6760
597 598 6760
598 599 6760
599 600 6760
600 601 6760
601 602 6760
602 603 6760
603 604 6760
604 605 6760
605 606 6760
606 607 6760
607 608 6760
608 609 6760
609 610 6760
610 611 6760
611 612 6760
612 613 6760
613 614 6760
614 615 6760
615 616 6760
616 617 6760
617 618 6760
618 619 6760
619 620 6760
620 621 6760
621 622 6760
622 623 6760
623 624 6760
624 625 6760
625 626 6760
626 627 6760
627 628 6760
628 629 6760
629 630 6760
630 631 6760
631 632 6760
632 633 6760
633 634 6760
634 635 6760
635 636 6760
636 637 6760
637 638 6760
638 639 6760
639 640 6760
640 641 6760
641 642 6760
642 643 6760
643 644 6760
644 645 6760
645 646 6760
646 647 6760
647 648 6760
648 649 6760
649 650 6760
650 651 6760
651 652 6760
652 653 6760
653 654 6760
654 655 6760
655 656 6760
656 657 6760
657 658 6760
658 659 6760
659 660 6760
660 661 6760
661 662 6760
662 663 6760
663 664 6760
664 665 6760
665 666 6760
666 667 6760
667 668 6760
668 669 6760
669 670 6760
670 671 6760
671 672 6760
672 673 6760
673 674 6760
674 675 6760
321 561 6760
318 347 6760
136 304 6760
6 609 6760
296 515 6760
102 504 6760
250 556 6760
103 107 6760
11 242 6760
267 555 6760
48 199 6760
207 520 6760
30 124 6760
161 368 6760
289 492 6760
66 444 6760
105 449 6760
198 273 6760
298 359 6760
299 624 6760
29 79 6760
229 628 6760
157 169 6760
306 471 6760
169 230 6760
51 163 6760
119 319 6760
114 669 6760
205 430 6760
119 171 6760
22 171 6760
244 307 6760
75 183 6760
71 340 6760
82 273 6760
272 491 6760
168 189 6760
116 131 6760
231 390 6760
262 386 6760
27 67 6760
29 301 6760
183 400 6760
162 463 6760
66 240 6760
257 598 6760
47 195 6760
165 600 6760
231 656 6760
180 377 6760
11 553 6760
229 460 6760
101 551 6760
241 666 6760
174 431 6760
264 490 6760
169 489 6760
163 627 6760
57 73 6760
101 531 6760
24 655 6760
189 333 6760
11 461 6760
338 512 6760
118 498 6760
131 315 6760
198 398 6760
90 546 6760
128 158 6760
193 359 6760
177 331 6760
31 49 6760
158 191 6760
1 34 6760
7 225 6760
73 244 6760
207 500 6760
164 262 6760
135 520 6760
87 594 6760
298 467 6760
158 287 6760
308 436 6760
81 151 6760
199 223 6760
7 282 6760
44 400 6760
292 525 6760
138 345 6760
200 505 6760
164 565 6760
305 324 6760
125 355 6760
231 633 6760
59 503 6760
329 463 6760
106 237 6760
225 385 6760
249 425 6760
138 323 6760
259 279 6760
251 383 6760
231 282 6760
111 441 6760
82 455 6760
322 613 6760
162 570 6760
233 605 6760
331 533 6760
197 446 6760
29 508 6760
234 549 6760
39 76 6760
27 234 6760
128 263 6760
75 301 6760
157 456 6760
253 550 6760
240 449 6760
320 404 6760
92 421 6760
286 435 6760
240 393 6760
157 616 6760
37 297 6760
155 408 6760
172 372 6760
234 654 6760
214 613 6760
277 460 6760
179 232 6760
212 499 6760
33 302 6760
231 608 6760
278 524 6760
301 531 6760
300 666 6760
303 611 6760
98 424 6760
169 326 6760
303 322 6760
148 614 6760
41 600 6760
308 602 6760
146 460 6760
147 341 6760
51 593 6760
324 474 6760
325 401 6760
239 653 6760
316 664 6760
86 475 6760
45 389 6760
11 286 6760
100 215 6760
215 487 6760
219 250 6760
137 538 6760
35 153 6760
301 365 6760
302 344 6760
213 456 6760
225 564 6760
189 456 6760
163 375 6760
212 556 6760
119 448 6760
121 182 6760
181 615 6760
297 631 6760
201 223 6760
203 343 6760
102 115 6760
261 583 6760
99 577 6760
310 324 6760
215 291 6760
125 218 6760
304 400 6760
181 593 6760
187 252 6760
139 519 6760
22 592 6760
120 362 6760
309 407 6760
159 169 6760
3 368 6760
166 616 6760
278 281 6760
288 652 6760
238 508 6760
183 565 6760
337 543 6760
0 407 6760
245 338 6760
161 425 6760
243 554 6760
148 672 6760
172 622 6760
114 565 6760
134 375 6760
94 463 6760
321 331 6760
290 524 6760
112 597 6760
173 225 6760
39 620 6760
163 652 6760
223 412 6760
34 408 6760
207 385 6760
80 168 6760
173 433 6760
165 404 6760
264 292 6760
50 230 6760
116 560 6760
116 432 6760
23 103 6760
123 562 6760
121 464 6760
62 157 6760
264 503 6760
39 122 6760
140 224 6760
129 361 6760
48 110 6760
249 383 6760
272 498 6760
107 445 6760
279 382 6760
279 650 6760
159 594 6760
44 470 6760
122 447 6760
49 410 6760
132 595 6760
252 617 6760
18 181 6760
95 495 6760
62 467 6760
160 271 6760
230 583 6760
246 477 6760
49 191 6760
238 450 6760
225 551 6760
119 516 6760
327 441 6760
243 673 6760
336 554 6760
174 310 6760
200 291 6760
152 332 6760
298 548 6760
18 276 6760
283 445 6760
19 538 6760
140 412 6760
110 514 6760
328 472 6760
1 558 6760
185 261 6760
213 667 6760
154 209 6760
242 401 6760
6 140 6760
60 533 6760
213 409 6760
269 444 6760
264 627 6760
241 528 6760
247 374 6760
301 581 6760
237 326 6760
327 604 6760
70 542 6760
210 435 6760
321 627 6760
120 614 6760
52 295 6760
114 631 6760
24 530 6760
17 175 6760
112 665 6760
107 270 6760
318 622 6760
88 630 6760
198 674 6760
196 458 6760
80 171 6760
105 271 6760
220 544 6760
163 260 6760
292 525 6760
327 376 6760
57 560 6760
192 283 6760
141 393 6760
235 531 6760
50 65 6760
244 631 6760
6 323 6760
176 618 6760
184 354 6760
52 478 6760
157 214 6760
145 431 6760
337 492 6760
193 276 6760
309 488 6760
112 455 6760
17 609 6760
168 494 6760
229 373 6760
116 599 6760
247 457 6760
2 287 6760
7 104 6760
97 119 6760
313 540 6760
140 473 6760
266 342 6760
97 632 6760
128 295 6760
221 633 6760
70 347 6760
19 550 6760
324 537 6760
72 352 6760
217 305 6760
91 453 6760
111 522 6760
229 565 6760
119 668 6760
97 639 6760
153 588 6760
166 191 6760
38 651 6760
69 287 6760
272 619 6760
278 397 6760
93 377 6760
175 246 6760
248 280 6760
16 156 6760
147 204 6760
323 517 6760
323 502 6760
132 663 6760
50 447 6760
318 571 6760
130 609 6760
272 381 6760
90 645 6760
247 464 6760
10 225 6760
180 535 6760
296 512 6760
253 398 6760
244 493 6760
329 666 6760
20 303 6760
261 298 6760
69 335 6760
200 614 6760
121 162 6760
134 143 6760
304 375 6760
184 498 6760
276 313 6760
252 465 6760
300 617 6760
311 370 6760
212 343 6760
115 655 6760
7 189 6760
115 298 6760
157 490 6760
199 456 6760
315 482 6760
297 651 6760
117 311 6760
256 288 6760
308 490 6760
264 423 6760
149 501 6760
335 460 6760
118 531 6760
290 625 6760
310 535 6760
37 69 6760
113 192 6760
103 655 6760
324 359 6760
84 660 6760
321 542 6760
212 282 6760
153 492 6760
137 628 6760
72 674 6760
241 262 6760
37 122 6760
250 466 6760
172 496 6760
337 472 6760
183 589 6760
52 184 6760
90 513 6760
170 630 6760
8 190 6760
252 552 6760
121 453 6760
141 225 6760
135 294 6760
58 291 6760
230 579 6760
3 298 6760
60 174 6760
99 535 6760
182 326 6760
135 643 6760
241 655 6760
223 564 6760
276 599 6760
261 575 6760
122 229 6760
135 662 6760
159 512 6760
241 305 6760
149 249 6760
45 265 6760
48 255 6760
218 302 6760
121 422 6760
223 306 6760
21 272 6760
39 371 6760
128 320 6760
218 436 6760
207 637 6760
90 361 6760
266 485 6760
68 363 6760
240 512 6760
41 112 6760
45 606 6760
24 336 6760
305 498 6760
28 398 6760
60 79 6760
144 325 6760
103 210 6760
40 241 6760
312 635 6760
143 207 6760
12 271 6760
225 546 6760
27 348 6760
217 329 6760
171 250 6760
199 279 6760
218 312 6760
195 408 6760
178 326 6760
32 518 6760
147 590 6760
225 506 6760
253 587 6760
171 673 6760
26 262 6760
152 533 6760
179 467 6760
76 495 6760
217 321 6760
54 399 6760
13 457 6760
320 569 6760
32 193 6760
316 395 6760
81 625 6760
36 634 6760
51 585 6760
19 206 6760
90 623 6760
83 602 6760
12 22 6760
114 413 6760
232 467 6760
281 528 6760
305 379 6760
253 635 6760
224 270 6760
31 241 6760
33 623 6760
104 360 6760
306 667 6760
21 88 6760
323 560 6760
57 318 6760
300 538 6760
189 635 6760
207 658 6760
215 431 6760
146 651 6760
198 239 6760
276 496 6760
35 504 6760
209 302 6760
259 645 6760
328 500 6760
105 491 6760
14 347 6760
267 621 6760
30 204 6760
209 488 6760
96 254 6760
311 316 6760
118 140 6760
155 425 6760
295 398 6760
273 591 6760
142 499 6760
301 532 6760
79 259 6760
71 558 6760
324 429 6760
125 288 6760
140 385 6760
219 382 6760
39 353 6760
192 480 6760
2 363 6760
91 207 6760
167 561 6760
189 454 6760
307 340 6760
304 398 6760
13 389 6760
85 228 6760
222 234 6760
57 149 6760
148 329 6760
138 470 6760
73 558 6760
25 321 6760
45 254 6760
202 569 6760
173 343 6760
295 471 6760
256 397 6760
245 551 6760
98 122 6760
201 326 6760
167 216 6760
99 480 6760
189 348 6760
316 512 6760
111 460 6760
29 590 6760
185 297 6760
117 370 6760
195 496 6760
184 415 6760
159 529 6760
240 331 6760
169 531 6760
155 583 6760
200 484 6760
234 494 6760
32 121 6760
57 281 6760
240 603 6760
194 516 6760
166 264 6760
150 483 6760
10 409 6760
215 608 6760
7 442 6760
0 387 6760
177 297 6760
44 50 6760
199 622 6760
257 422 6760
157 571 6760
28 600 6760
264 612 6760
298 535 6760
190 648 6760
304 323 6760
45 548 6760
84 590 6760
52 226 6760
314 555 6760
197 389 6760
245 270 6760
287 345 6760
293 640 6760
130 498 6760
245 330 6760
234 390 6760
194 655 6760
194 518 6760
214 296 6760
135 140 6760
197 524 6760
58 386 6760
122 296 6760
253 358 6760
236 348 6760
316 627 6760
257 518 6760
198 227 6760
50 273 6760
271 428 6760
57 69 6760
223 646 6760
307 320 6760
161 376 6760
233 262 6760
83 310 6760
197 641 6760
163 623 6760
182 328 6760
320 618 6760
166 235 6760
86 193 6760
46 420 6760
329 522 6760
170 624 6760
37 98 6760
70 416 6760
130 554 6760
206 430 6760
196 229 6760
252 589 6760
218 666 6760
7 353 6760
143 175 6760
123 232 6760
253 517 6760
22 382 6760
182 217 6760
305 645 6760
213 298 6760
192 458 6760
116 490 6760
292 401 6760
313 544 6760
274 583 6760
278 293 6760
68 405 6760
327 608 6760
73 308 6760
244 375 6760
318 653 6760
16 76 6760
307 631 6760
4 103 6760
95 317 6760
85 373 6760
96 644 6760
187 492 6760
152 419 6760
24 579 6760
50 70 6760
67 137 6760
323 638 6760
224 582 6760
276 458 6760
259 441 6760
96 444 6760
240 385 6760
114 419 6760
216 250 6760
