0 1 6800
1 2 6800
2 3 6800
3 4 6800
4 5 6800
5 6 6800
6 7 6800
7 8 6800
8 9 6800
9 10 6800
10 11 6800
11 12 6800
12 13 6800
13 14 6800
14 15 6800
15 16 6800
16 17 6800
17 18 6800
18 19 6800
19 20 6800
20 21 6800
21 22 6800
22 23 6800
23 24 6800
24 25 6800
25 26 6800
26 27 6800
27 28 6800
28 29 6800
29 30 6800
30 31 6800
31 32 6800
32 33 6800
33 34 6800
34 35 6800
35 36 6800
36 37 6800
37 38 6800
38 39 6800
39 40 6800
40 41 6800
41 42 6800
42 43 6800
43 44 6800
44 45 6800
45 46 6800
46 47 6800
47 48 6800
48 49 6800
49 50 6800
50 51 6800
51 52 6800
52 53 6800
53 54 6800
54 55 6800
55 56 6800
56 57 6800
57 58 6800
58 59 6800
59 60 6800
60 61 6800
61 62 6800
62 63 6800
63 64 6800
64 65 6800
65 66 6800
66 67 6800
67 68 6800
68 69 6800
69 70 6800
70 71 6800
71 72 6800
72 73 6800
73 74 6800
74 75 6800
75 76 6800
76 77 6800
77 78 6800
78 79 6800
79 80 6800
80 81 6800
81 82 6800
82 83 6800
83 84 6800
84 85 6800
85 86 6800
86 87 6800
87 88 6800
88 89 6800
89 90 6800
90 91 6800
91 92 6800
92 93 6800
93 94 6800
94 95 6800
95 96 6800
96 97 6800
97 98 6800
98 99 6800
99 100 6800
100 101 6800
101 102 6800
102 103 6800
103 104 6800
104 105 6800
105 106 6800
106 107 6800
107 108 6800
108 109 6800
109 110 6800
110 111 6800
111 112 6800
112 113 6800
113 114 6800
114 115 6800
115 116 6800
116 117 6800
117 118 6800
118 119 6800
119 120 6800
120 121 6800
121 122 6800
122 123 6800
123 124 6800
124 125 6800
125 126 6800
126 127 6800
127 128 6800
128 129 6800
129 130 6800
130 131 6800
131 132 6800
132 133 6800
133 134 6800
134 135 6800
135 136 6800
136 137 6800
137 138 6800
138 139 6800
139 140 6800
140 141 6800
141 142 6800
142 143 6800
143 144 6800
144 145 6800
145 146 6800
146 147 6800
147 148 6800
148 149 6800
149 150 6800
150 151 6800
151 152 6800
152 153 6800
153 154 6800
154 155 6800
155 156 6800
156 157 6800
157 158 6800
158 159 6800
159 160 6800
160 161 6800
161 162 6800
162 163 6800
163 164 6800
164 165 6800
165 166 6800
166 167 6800
167 168 6800
168 169 6800
169 170 6800
170 171 6800
171 172 6800
172 173 6800
173 174 6800
174 175 6800
175 176 6800
176 177 6800
177 178 6800
178 179 6800
179 180 6800
180 181 6800
181 182 6800
182 183 6800
183 184 6800
184 185 6800
185 186 6800
186 187 6800
187 188 6800
188 189 6800
189 190 6800
190 191 6800
191 192 6800
192 193 6800
193 194 6800
194 195 6800
195 196 6800
196 197 6800
197 198 6800
198 199 6800
199 200 6800
200 201 6800
201 202 6800
202 203 6800
203 204 6800
204 205 6800
205 206 6800
206 207 6800
207 208 6800
208 209 6800
209 210 6800
210 211 6800
211 212 6800
212 213 6800
213 214 6800
214 215 6800
215 216 6800
216 217 6800
217 218 6800
218 219 6800
219 220 6800
220 221 6800
221 222 6800
222 223 6800
223 224 6800
224 225 6800
225 226 6800
226 227 6800
227 228 6800
228 229 6800
229 230 6800
230 231 6800
231 232 6800
232 233 6800
233 234 6800
234 235 6800
235 236 6800
236 237 6800
237 238 6800
238 239 6800
239 240 6800
240 241 6800
241 242 6800
242 243 6800
243 244 6800
244 245 6800
245 246 6800
246 247 6800
247 248 6800
248 249 6800
249 250 6800
250 251 6800
251 252 6800
252 253 6800
253 254 6800
254 255 6800
255 256 6800
256 257 6800
257 258 6800
258 259 6800
259 260 6800
260 261 6800
261 262 6800
262 263 6800
263 264 6800
264 265 6800
265 266 6800
266 267 6800
267 268 6800
268 269 6800
269 270 6800
270 271 6800
271 272 6800
272 273 6800
273 274 6800
274 275 6800
275 276 6800
276 277 6800
277 278 6800
278 279 6800
279 280 6800
280 281 6800
281 282 6800
282 283 6800
283 284 6800
284 285 6800
285 286 6800
286 287 6800
287 288 6800
288 289 6800
289 290 6800
290 291 6800
291 292 6800
292 293 6800
293 294 6800
294 295 6800
295 296 6800
296 297 6800
297 298 6800
298 299 6800
299 300 6800
300 301 6800
301 302 6800
302 303 6800
303 304 6800
304 305 6800
305 306 6800
306 307 6800
307 308 6800
308 309 6800
309 310 6800
310 311 6800
311 312 6800
312 313 6800
313 314 6800
314 315 6800
315 316 6800
316 317 6800
317 318 6800
318 319 6800
319 320 6800
320 321 6800
321 322 6800
322 323 6800
323 324 6800
324 325 6800
325 326 6800
326 327 6800
327 328 6800
328 329 6800
329 330 6800
330 331 6800
331 332 6800
332 333 6800
333 334 6800
334 335 6800
335 336 6800
336 337 6800
337 338 6800
338 339 6800
339 340 6800
340 341 6800
341 342 6800
342 343 6800
343 344 6800
344 345 6800
345 346 6800
346 347 6800
347 348 6800
348 349 6800
349 350 6800
350 351 6800
351 352 6800
352 353 6800
353 354 6800
354 355 6800
355 356 6800
356 357 6800
357 358 6800
358 359 6800
359 360 6800
360 361 6800
361 362 6800
362 363 6800
363 364 6800
364 365 6800
365 366 6800
366 367 6800
367 368 6800
368 369 6800
369 370 6800
370 371 6800
371 372 6800
372 373 6800
373 374 6800
374 375 6800
375 376 6800
376 377 6800
377 378 6800
378 379 6800
379 380 6800
380 381 6800
381 382 6800
382 383 6800
383 384 6800
384 385 6800
385 386 6800
386 387 6800
387 388 6800
388 389 6800
389 390 6800
390 391 6800
391 392 6800
392 393 6800
393 394 6800
394 395 6800
395 396 6800
396 397 6800
397 398 6800
398 399 6800
399 400 6800
400 401 6800
401 402 6800
402 403 6800
403 404 6800
404 405 6800
405 406 6800
406 407 6800
407 408 6800
408 409 6800
409 410 6800
410 411 6800
411 412 6800
412 413 6800
413 414 6800
414 415 6800
415 416 6800
416 417 6800
417 418 6800
418 419 6800
419 420 6800
420 421 6800
421 422 6800
422 423 6800
423 424 6800
424 425 6800
425 426 6800
426 427 6800
427 428 6800
428 429 6800
429 430 6800
430 431 6800
431 432 6800
432 433 6800
433 434 6800
434 435 6800
435 436 6800
436 437 6800
437 438 6800
438 439 6800
439 440 6800
440 441 6800
441 442 6800
442 443 6800
443 444 6800
444 445 6800
445 446 6800
446 447 6800
447 448 6800
448 449 6800
449 450 6800
450 451 6800
451 452 6800
452 453 6800
453 454 6800
454 455 6800
455 456 6800
456 457 6800
457 458 6800
458 459 6800
459 460 6800
460 461 6800
461 462 6800
462 463 6800
463 464 6800
464 465 6800
465 466 6800
466 467 6800
467 468 6800
468 469 6800
469 470 6800
470 471 6800
471 472 6800
472 473 6800
473 474 6800
474 475 6800
475 476 6800
476 477 6800
477 478 6800
478 479 6800
479 480 6800
480 481 6800
481 482 6800
482 483 6800
483 484 6800
484 485 6800
485 486 6800
486 487 6800
487 488 6800
488 489 6800
489 490 6800
490 491 6800
491 492 6800
492 493 6800
493 494 6800
494 495 6800
495 496 6800
496 497 6800
497 498 6800
498 499 6800
499 500 6800
500 501 6800
501 502 6800
502 503 6800
503 504 6800
504 505 6800
505 506 6800
506 507 6800
507 508 6800
508 509 6800
509 510 6800
510 511 6800
511 512 6800
512 513 6800
513 514 6800
514 515 6800
515 516 6800
516 517 6800
517 518 6800
518 519 6800
519 520 6800
520 521 6800
521 522 6800
522 523 6800
523 524 6800
524 525 6800
525 526 6800
526 527 6800
527 528 6800
528 529 6800
529 530 6800
530 531 6800
531 532 6800
532 533 6800
533 534 6800
534 535 6800
535 536 6800
536 537 6800
537 538 6800
538 539 6800
539 540 6800
540 541 6800
541 542 6800
542 543 6800
543 544 6800
544 545 6800
545 546 6800
546 547 6800
547 548 6800
548 549 6800
549 550 6800
550 551 6800
551 552 6800
552 553 6800
553 554 6800
554 555 6800
555 556 6800
556 557 6800
557 558 6800
558 559 6800
559 560 6800
560 561 6800
561 562 6800
562 563 6800
563 564 6800
564 565 6800
565 566 6800
566 567 6800
567 568 6800
568 569 6800
569 570 6800
570 571 6800
571 572 6800
572 573 6800
573 574 6800
574 575 6800
575 576 6800
576 577 6800
577 578 6800
578 579 6800
579 580 6800
580 581 6800
581 582 6800
582 583 6800
583 584 6800
584 585 6800
585 586 6800
586 587 6800
587 588 6800
588 589 6800
589 590 6800
590 591 6800
591 592 6800
592 593 6800
593 594 6800
594 595 6800
595 596 6800
596 597 6800
597 598 6800
598 599 6800
599 600 6800
600 601 6800
601 602 6800
602 603 6800
603 604 6800
604 605 6800
605 606 6800
606 607 6800
607 608 6800
608 609 6800
609 610 6800
610 611 6800
611 612 6800
612 613 6800
613 614 6800
614 615 6800
615 616 6800
616 617 6800
617 618 6800
618 619 6800
619 620 6800
620 621 6800
621 622 6800
622 623 6800
623 624 6800
624 625 6800
625 626 6800
626 627 6800
627 628 6800
628 629 6800
629 630 6800
630 631 6800
631 632 6800
632 633 6800
633 634 6800
634 635 6800
635 636 6800
636 637 6800
637 638 6800
638 639 6800
639 640 6800
640 641 6800
641 642 6800
642 643 6800
643 644 6800
644 645 6800
645 646 6800
646 647 6800
647 648 6800
648 649 6800
649 650 6800
650 651 6800
651 652 6800
652 653 6800
653 654 6800
654 655 6800
655 656 6800
656 657 6800
657 658 6800
658 659 6800
659 660 6800
660 661 6800
661 662 6800
662 663 6800
663 664 6800
664 665 6800
665 666 6800
666 667 6800
667 668 6800
668 669 6800
669 670 6800
670 671 6800
671 672 6800
672 673 6800
673 674 6800
674 675 6800
675 676 6800
676 677 6800
677 678 6800
678 679 6800
55 126 6800
228 677 6800
232 374 6800
172 303 6800
198 380 6800
212 475 6800
103 253 6800
138 444 6800
335 486 6800
10 58 6800
229 406 6800
4 306 6800
103 596 6800
94 125 6800
197 438 6800
155 207 6800
79 568 6800
143 556 6800
311 365 6800
175 482 6800
165 207 6800
274 538 6800
290 495 6800
50 512 6800
108 514 6800
16 304 6800
204 332 6800
66 581 6800
8 481 6800
166 215 6800
331 422 6800
167 438 6800
43 325 6800
263 369 6800
313 671 6800
193 636 6800
170 291 6800
195 334 6800
52 584 6800
78 328 6800
300 351 6800
194 585 6800
67 304 6800
96 441 6800
251 456 6800
332 341 6800
56 676 6800
90 445 6800
317 649 6800
21 585 6800
15 202 6800
317 561 6800
102 589 6800
63 388 6800
282 578 6800
150 539 6800
0 331 6800
19 544 6800
246 601 6800
142 237 6800
105 620 6800
175 290 6800
206 269 6800
39 492 6800
69 663 6800
195 428 6800
23 248 6800
50 66 6800
288 573 6800
303 482 6800
95 417 6800
82 359 6800
40 289 6800
49 304 6800
261 646 6800
166 537 6800
285 403 6800
78 200 6800
89 543 6800
9 367 6800
147 348 6800
136 568 6800
116 636 6800
274 415 6800
175 504 6800
64 302 6800
326 651 6800
180 600 6800
176 425 6800
57 428 6800
11 177 6800
16 243 6800
204 308 6800
28 583 6800
6 480 6800
77 160 6800
264 293 6800
54 144 6800
261 532 6800
302 484 6800
32 672 6800
73 218 6800
60 315 6800
139 143 6800
298 484 6800
184 197 6800
187 665 6800
279 662 6800
234 338 6800
312 382 6800
286 396 6800
315 647 6800
11 529 6800
108 285 6800
299 356 6800
286 394 6800
286 392 6800
121 200 6800
55 319 6800
245 378 6800
179 277 6800
339 577 6800
245 476 6800
277 573 6800
145 399 6800
223 667 6800
265 615 6800
218 633 6800
56 520 6800
131 436 6800
244 330 6800
73 634 6800
71 176 6800
29 236 6800
83 282 6800
278 310 6800
68 443 6800
61 570 6800
123 473 6800
6 58 6800
180 419 6800
93 201 6800
182 339 6800
43 52 6800
52 667 6800
304 518 6800
201 323 6800
38 210 6800
303 585 6800
21 203 6800
118 673 6800
80 196 6800
217 522 6800
160 479 6800
102 350 6800
149 204 6800
244 262 6800
172 223 6800
270 605 6800
74 279 6800
290 380 6800
0 637 6800
337 619 6800
322 442 6800
151 567 6800
191 349 6800
227 396 6800
288 293 6800
104 137 6800
25 536 6800
213 226 6800
34 393 6800
172 674 6800
92 131 6800
286 434 6800
210 557 6800
188 232 6800
287 660 6800
83 98 6800
64 134 6800
114 320 6800
203 326 6800
217 461 6800
239 451 6800
104 338 6800
215 394 6800
199 504 6800
12 658 6800
52 363 6800
146 604 6800
132 510 6800
142 384 6800
146 220 6800
172 521 6800
168 196 6800
63 294 6800
243 400 6800
163 256 6800
105 392 6800
216 478 6800
188 623 6800
101 273 6800
133 184 6800
266 576 6800
176 440 6800
311 435 6800
234 596 6800
12 488 6800
4 525 6800
332 460 6800
159 618 6800
212 493 6800
261 353 6800
308 640 6800
275 299 6800
198 572 6800
195 525 6800
291 501 6800
292 500 6800
128 248 6800
193 658 6800
38 349 6800
284 469 6800
11 173 6800
160 565 6800
294 368 6800
134 468 6800
300 587 6800
216 414 6800
337 585 6800
182 628 6800
217 669 6800
50 634 6800
338 596 6800
270 393 6800
267 441 6800
213 345 6800
24 179 6800
185 217 6800
235 267 6800
338 473 6800
64 390 6800
313 352 6800
164 592 6800
68 191 6800
104 530 6800
170 192 6800
36 400 6800
56 284 6800
73 656 6800
338 498 6800
323 572 6800
309 675 6800
333 671 6800
196 292 6800
259 628 6800
338 355 6800
61 154 6800
306 433 6800
263 501 6800
67 251 6800
200 502 6800
140 299 6800
204 389 6800
116 622 6800
326 347 6800
82 652 6800
325 630 6800
247 674 6800
336 480 6800
136 327 6800
274 488 6800
260 634 6800
8 429 6800
48 356 6800
96 140 6800
340 634 6800
4 618 6800
58 121 6800
327 558 6800
153 628 6800
158 519 6800
126 449 6800
171 291 6800
214 438 6800
277 339 6800
9 290 6800
217 258 6800
334 678 6800
96 658 6800
249 666 6800
149 608 6800
255 417 6800
135 156 6800
239 267 6800
141 190 6800
202 272 6800
31 328 6800
236 420 6800
291 343 6800
221 532 6800
327 477 6800
272 627 6800
160 586 6800
156 401 6800
49 243 6800
246 340 6800
101 472 6800
164 327 6800
144 344 6800
204 503 6800
303 569 6800
317 380 6800
278 471 6800
216 310 6800
290 374 6800
282 341 6800
40 561 6800
45 275 6800
258 501 6800
70 225 6800
238 527 6800
39 286 6800
180 273 6800
273 314 6800
188 291 6800
58 180 6800
279 670 6800
101 182 6800
111 266 6800
198 600 6800
62 229 6800
54 638 6800
140 318 6800
130 485 6800
152 295 6800
223 429 6800
269 427 6800
210 402 6800
25 39 6800
84 678 6800
340 549 6800
250 527 6800
67 506 6800
252 451 6800
246 398 6800
191 486 6800
157 462 6800
194 461 6800
92 288 6800
46 278 6800
296 542 6800
136 345 6800
291 317 6800
320 672 6800
255 480 6800
53 513 6800
236 437 6800
330 497 6800
333 364 6800
224 452 6800
133 230 6800
319 501 6800
259 652 6800
23 512 6800
160 228 6800
302 477 6800
292 476 6800
2 54 6800
306 441 6800
70 319 6800
219 635 6800
42 428 6800
61 199 6800
300 383 6800
6 181 6800
321 389 6800
63 439 6800
259 477 6800
3 65 6800
310 334 6800
63 263 6800
140 193 6800
108 247 6800
247 329 6800
328 369 6800
303 652 6800
239 404 6800
275 452 6800
105 248 6800
298 440 6800
25 421 6800
314 500 6800
190 267 6800
26 278 6800
148 284 6800
111 198 6800
115 528 6800
202 235 6800
21 65 6800
124 576 6800
260 522 6800
235 673 6800
85 434 6800
320 501 6800
179 275 6800
123 660 6800
58 179 6800
286 422 6800
147 198 6800
17 185 6800
287 338 6800
333 583 6800
68 492 6800
183 423 6800
28 167 6800
105 356 6800
333 389 6800
68 363 6800
67 178 6800
53 478 6800
13 663 6800
268 295 6800
277 553 6800
187 326 6800
213 233 6800
323 631 6800
189 489 6800
44 353 6800
239 403 6800
310 353 6800
212 445 6800
111 412 6800
82 233 6800
102 510 6800
169 482 6800
56 465 6800
89 173 6800
208 318 6800
187 192 6800
66 413 6800
79 632 6800
295 315 6800
155 167 6800
59 409 6800
112 386 6800
191 669 6800
107 513 6800
219 489 6800
7 674 6800
148 404 6800
6 603 6800
146 464 6800
231 448 6800
68 372 6800
114 543 6800
268 671 6800
0 557 6800
82 227 6800
132 534 6800
225 365 6800
7 527 6800
147 632 6800
67 442 6800
101 487 6800
128 393 6800
235 289 6800
123 445 6800
33 88 6800
99 574 6800
20 200 6800
185 319 6800
211 614 6800
16 493 6800
207 374 6800
192 618 6800
289 320 6800
98 586 6800
197 387 6800
180 611 6800
55 207 6800
331 374 6800
246 671 6800
184 211 6800
106 198 6800
160 350 6800
84 335 6800
221 302 6800
215 361 6800
169 275 6800
128 178 6800
317 377 6800
247 263 6800
323 544 6800
123 366 6800
46 603 6800
164 407 6800
33 627 6800
130 238 6800
15 492 6800
170 248 6800
273 611 6800
68 89 6800
90 438 6800
192 344 6800
42 113 6800
7 427 6800
234 303 6800
321 569 6800
154 296 6800
13 531 6800
93 200 6800
96 524 6800
9 105 6800
214 448 6800
39 543 6800
34 497 6800
85 238 6800
68 569 6800
56 310 6800
125 665 6800
48 549 6800
230 578 6800
284 583 6800
156 617 6800
91 542 6800
318 591 6800
274 494 6800
80 110 6800
120 292 6800
243 271 6800
50 52 6800
229 451 6800
177 427 6800
48 260 6800
95 155 6800
193 212 6800
36 74 6800
72 263 6800
235 677 6800
74 197 6800
96 550 6800
105 154 6800
233 612 6800
18 178 6800
193 662 6800
34 306 6800
328 479 6800
280 411 6800
334 629 6800
319 627 6800
25 553 6800
6 530 6800
319 377 6800
311 546 6800
258 331 6800
20 309 6800
164 521 6800
269 392 6800
337 467 6800
235 431 6800
231 390 6800
215 377 6800
165 290 6800
263 585 6800
49 428 6800
143 417 6800
227 282 6800
298 668 6800
317 486 6800
290 628 6800
146 358 6800
336 586 6800
100 276 6800
72 329 6800
211 485 6800
212 553 6800
271 308 6800
117 263 6800
312 542 6800
73 361 6800
241 628 6800
84 246 6800
229 458 6800
317 618 6800
65 414 6800
99 477 6800
93 422 6800
17 154 6800
205 679 6800
202 581 6800
289 393 6800
103 206 6800
114 642 6800
302 325 6800
30 656 6800
195 418 6800
43 191 6800
19 158 6800
193 269 6800
282 542 6800
22 380 6800
234 415 6800
225 321 6800
340 347 6800
56 412 6800
230 536 6800
218 490 6800
179 440 6800
68 432 6800
144 508 6800
97 590 6800
306 408 6800
311 481 6800
31 50 6800
306 384 6800
120 229 6800
304 474 6800
141 674 6800
138 418 6800
245 567 6800
52 540 6800
249 370 6800
253 367 6800
42 91 6800
311 431 6800
242 637 6800
60 448 6800
258 661 6800
320 659 6800
158 333 6800
23 114 6800
215 440 6800
310 328 6800
319 353 6800
44 249 6800
190 518 6800
265 529 6800
73 472 6800
174 624 6800
222 240 6800
125 314 6800
167 225 6800
157 483 6800
93 361 6800
198 499 6800
166 202 6800
305 425 6800
292 558 6800
104 383 6800
236 649 6800
276 557 6800
101 572 6800
57 590 6800
271 468 6800
28 445 6800
246 510 6800
114 381 6800
206 386 6800
152 304 6800
45 264 6800
239 630 6800
305 483 6800
222 244 6800
167 274 6800
39 265 6800
166 315 6800
299 358 6800
122 170 6800
63 578 6800
244 537 6800
117 252 6800
25 467 6800
73 348 6800
25 637 6800
39 74 6800
178 575 6800
265 608 6800
