0 1 6840
1 2 6840
2 3 6840
3 4 6840
4 5 6840
5 6 6840
6 7 6840
7 8 6840
8 9 6840
9 10 6840
10 11 6840
11 12 6840
12 13 6840
13 14 6840
14 15 6840
15 16 6840
16 17 6840
17 18 6840
18 19 6840
19 20 6840
20 21 6840
21 22 6840
22 23 6840
23 24 6840
24 25 6840
25 26 6840
26 27 6840
27 28 6840
28 29 6840
29 30 6840
30 31 6840
31 32 6840
32 33 6840
33 34 6840
34 35 6840
35 36 6840
36 37 6840
37 38 6840
38 39 6840
39 40 6840
40 41 6840
41 42 6840
42 43 6840
43 44 6840
44 45 6840
45 46 6840
46 47 6840
47 48 6840
48 49 6840
49 50 6840
50 51 6840
51 52 6840
52 53 6840
53 54 6840
54 55 6840
55 56 6840
56 57 6840
57 58 6840
58 59 6840
59 60 6840
60 61 6840
61 62 6840
62 63 6840
63 64 6840
64 65 6840
65 66 6840
66 67 6840
67 68 6840
68 69 6840
69 70 6840
70 71 6840
71 72 6840
72 73 6840
73 74 6840
74 75 6840
75 76 6840
76 77 6840
77 78 6840
78 79 6840
79 80 6840
80 81 6840
81 82 6840
82 83 6840
83 84 6840
84 85 6840
85 86 6840
86 87 6840
87 88 6840
88 89 6840
89 90 6840
90 91 6840
91 92 6840
92 93 6840
93 94 6840
94 95 6840
95 96 6840
96 97 6840
97 98 6840
98 99 6840
99 100 6840
100 101 6840
101 102 6840
102 103 6840
103 104 6840
104 105 6840
105 106 6840
106 107 6840
107 108 6840
108 109 6840
109 110 6840
110 111 6840
111 112 6840
112 113 6840
113 114 6840
114 115 6840
115 116 6840
116 117 6840
117 118 6840
118 119 6840
119 120 6840
120 121 6840
121 122 6840
122 123 6840
123 124 6840
124 125 6840
125 126 6840
126 127 6840
127 128 6840
128 129 6840
129 130 6840
130 131 6840
131 132 6840
132 133 6840
133 134 6840
134 135 6840
135 136 6840
136 137 6840
137 138 6840
138 139 6840
139 140 6840
140 141 6840
141 142 6840
142 143 6840
143 144 6840
144 145 6840
145 146 6840
146 147 6840
147 148 6840
148 149 6840
149 150 6840
150 151 6840
151 152 6840
152 153 6840
153 154 6840
154 155 6840
155 156 6840
156 157 6840
157 158 6840
158 159 6840
159 160 6840
160 161 6840
161 162 6840
162 163 6840
163 164 6840
164 165 6840
165 166 6840
166 167 6840
167 168 6840
168 169 6840
169 170 6840
170 171 6840
171 172 6840
172 173 6840
173 174 6840
174 175 6840
175 176 6840
176 177 6840
177 178 6840
178 179 6840
179 180 6840
180 181 6840
181 182 6840
182 183 6840
183 184 6840
184 185 6840
185 186 6840
186 187 6840
187 188 6840
188 189 6840
189 190 6840
190 191 6840
191 192 6840
192 193 6840
193 194 6840
194 195 6840
195 196 6840
196 197 6840
197 198 6840
198 199 6840
199 200 6840
200 201 6840
201 202 6840
202 203 6840
203 204 6840
204 205 6840
205 206 6840
206 207 6840
207 208 6840
208 209 6840
209 210 6840
210 211 6840
211 212 6840
212 213 6840
213 214 6840
214 215 6840
215 216 6840
216 217 6840
217 218 6840
218 219 6840
219 220 6840
220 221 6840
221 222 6840
222 223 6840
223 224 6840
224 225 6840
225 226 6840
226 227 6840
227 228 6840
228 229 6840
229 230 6840
230 231 6840
231 232 6840
232 233 6840
233 234 6840
234 235 6840
235 236 6840
236 237 6840
237 238 6840
238 239 6840
239 240 6840
240 241 6840
241 242 6840
242 243 6840
243 244 6840
244 245 6840
245 246 6840
246 247 6840
247 248 6840
248 249 6840
249 250 6840
250 251 6840
251 252 6840
252 253 6840
253 254 6840
254 255 6840
255 256 6840
256 257 6840
257 258 6840
258 259 6840
259 260 6840
260 261 6840
261 262 6840
262 263 6840
263 264 6840
264 265 6840
265 266 6840
266 267 6840
267 268 6840
268 269 6840
269 270 6840
270 271 6840
271 272 6840
272 273 6840
273 274 6840
274 275 6840
275 276 6840
276 277 6840
277 278 6840
278 279 6840
279 280 6840
280 281 6840
281 282 6840
282 283 6840
283 284 6840
284 285 6840
285 286 6840
286 287 6840
287 288 6840
288 289 6840
289 290 6840
290 291 6840
291 292 6840
292 293 6840
293 294 6840
294 295 6840
295 296 6840
296 297 6840
297 298 6840
298 299 6840
299 300 6840
300 301 6840
301 302 6840
302 303 6840
303 304 6840
304 305 6840
305 306 6840
306 307 6840
307 308 6840
308 309 6840
309 310 6840
310 311 6840
311 312 6840
312 313 6840
313 314 6840
314 315 6840
315 316 6840
316 317 6840
317 318 6840
318 319 6840
319 320 6840
320 321 6840
321 322 6840
322 323 6840
323 324 6840
324 325 6840
325 326 6840
326 327 6840
327 328 6840
328 329 6840
329 330 6840
330 331 6840
331 332 6840
332 333 6840
333 334 6840
334 335 6840
335 336 6840
336 337 6840
337 338 6840
338 339 6840
339 340 6840
340 341 6840
341 342 6840
342 343 6840
343 344 6840
344 345 6840
345 346 6840
346 347 6840
347 348 6840
348 349 6840
349 350 6840
350 351 6840
351 352 6840
352 353 6840
353 354 6840
354 355 6840
355 356 6840
356 357 6840
357 358 6840
358 359 6840
359 360 6840
360 361 6840
361 362 6840
362 363 6840
363 364 6840
364 365 6840
365 366 6840
366 367 6840
367 368 6840
368 369 6840
369 370 6840
370 371 6840
371 372 6840
372 373 6840
373 374 6840
374 375 6840
375 376 6840
376 377 6840
377 378 6840
378 379 6840
379 380 6840
380 381 6840
381 382 6840
382 383 6840
383 384 6840
384 385 6840
385 386 6840
386 387 6840
387 388 6840
388 389 6840
389 390 6840
390 391 6840
391 392 6840
392 393 6840
393 394 6840
394 395 6840
395 396 6840
396 397 6840
397 398 6840
398 399 6840
399 400 6840
400 401 6840
401 402 6840
402 403 6840
403 404 6840
404 405 6840
405 406 6840
406 407 6840
407 408 6840
408 409 6840
409 410 6840
410 411 6840
411 412 6840
412 413 6840
413 414 6840
414 415 6840
415 416 6840
416 417 6840
417 418 6840
418 419 6840
419 420 6840
420 421 6840
421 422 6840
422 423 6840
423 424 6840
424 425 6840
425 426 6840
426 427 6840
427 428 6840
428 429 6840
429 430 6840
430 431 6840
431 432 6840
432 433 6840
433 434 6840
434 435 6840
435 436 6840
436 437 6840
437 438 6840
438 439 6840
439 440 6840
440 441 6840
441 442 6840
442 443 6840
443 444 6840
444 445 6840
445 446 6840
446 447 6840
447 448 6840
448 449 6840
449 450 6840
450 451 6840
451 452 6840
452 453 6840
453 454 6840
454 455 6840
455 456 6840
456 457 6840
457 458 6840
458 459 6840
459 460 6840
460 461 6840
461 462 6840
462 463 6840
463 464 6840
464 465 6840
465 466 6840
466 467 6840
467 468 6840
468 469 6840
469 470 6840
470 471 6840
471 472 6840
472 473 6840
473 474 6840
474 475 6840
475 476 6840
476 477 6840
477 478 6840
478 479 6840
479 480 6840
480 481 6840
481 482 6840
482 483 6840
483 484 6840
484 485 6840
485 486 6840
486 487 6840
487 488 6840
488 489 6840
489 490 6840
490 491 6840
491 492 6840
492 493 6840
493 494 6840
494 495 6840
495 496 6840
496 497 6840
497 498 6840
498 499 6840
499 500 6840
500 501 6840
501 502 6840
502 503 6840
503 504 6840
504 505 6840
505 506 6840
506 507 6840
507 508 6840
508 509 6840
509 510 6840
510 511 6840
511 512 6840
512 513 6840
513 514 6840
514 515 6840
515 516 6840
516 517 6840
517 518 6840
518 519 6840
519 520 6840
520 521 6840
521 522 6840
522 523 6840
523 524 6840
524 525 6840
525 526 6840
526 527 6840
527 528 6840
528 529 6840
529 530 6840
530 531 6840
531 532 6840
532 533 6840
533 534 6840
534 535 6840
535 536 6840
536 537 6840
537 538 6840
538 539 6840
539 540 6840
540 541 6840
541 542 6840
542 543 6840
543 544 6840
544 545 6840
545 546 6840
546 547 6840
547 548 6840
548 549 6840
549 550 6840
550 551 6840
551 552 6840
552 553 6840
553 554 6840
554 555 6840
555 556 6840
556 557 6840
557 558 6840
558 559 6840
559 560 6840
560 561 6840
561 562 6840
562 563 6840
563 564 6840
564 565 6840
565 566 6840
566 567 6840
567 568 6840
568 569 6840
569 570 6840
570 571 6840
571 572 6840
572 573 6840
573 574 6840
574 575 6840
575 576 6840
576 577 6840
577 578 6840
578 579 6840
579 580 6840
580 581 6840
581 582 6840
582 583 6840
583 584 6840
584 585 6840
585 586 6840
586 587 6840
587 588 6840
588 589 6840
589 590 6840
590 591 6840
591 592 6840
592 593 6840
593 594 6840
594 595 6840
595 596 6840
596 597 6840
597 598 6840
598 599 6840
599 600 6840
600 601 6840
601 602 6840
602 603 6840
603 604 6840
604 605 6840
605 606 6840
606 607 6840
607 608 6840
608 609 6840
609 610 6840
610 611 6840
611 612 6840
612 613 6840
613 614 6840
614 615 6840
615 616 6840
616 617 6840
617 618 6840
618 619 6840
619 620 6840
620 621 6840
621 622 6840
622 623 6840
623 624 6840
624 625 6840
625 626 6840
626 627 6840
627 628 6840
628 629 6840
629 630 6840
630 631 6840
631 632 6840
632 633 6840
633 634 6840
634 635 6840
635 636 6840
636 637 6840
637 638 6840
638 639 6840
639 640 6840
640 641 6840
641 642 6840
642 643 6840
643 644 6840
644 645 6840
645 646 6840
646 647 6840
647 648 6840
648 649 6840
649 650 6840
650 651 6840
651 652 6840
652 653 6840
653 654 6840
654 655 6840
655 656 6840
656 657 6840
657 658 6840
658 659 6840
659 660 6840
660 661 6840
661 662 6840
662 663 6840
663 664 6840
664 665 6840
665 666 6840
666 667 6840
667 668 6840
668 669 6840
669 670 6840
670 671 6840
671 672 6840
672 673 6840
673 674 6840
674 675 6840
675 676 6840
676 677 6840
677 678 6840
678 679 6840
679 680 6840
680 681 6840
681 682 6840
682 683 6840
123 409 6840
334 365 6840
97 355 6840
84 162 6840
276 598 6840
96 571 6840
192 590 6840
5 7 6840
288 523 6840
37 289 6840
24 81 6840
149 434 6840
207 294 6840
182 615 6840
282 305 6840
303 608 6840
280 426 6840
233 277 6840
17 72 6840
240 540 6840
114 291 6840
299 440 6840
117 300 6840
293 574 6840
188 650 6840
197 609 6840
322 538 6840
261 601 6840
193 439 6840
0 329 6840
198 545 6840
273 361 6840
289 411 6840
38 511 6840
86 467 6840
82 513 6840
156 642 6840
90 94 6840
8 129 6840
133 419 6840
270 489 6840
41 506 6840
106 429 6840
242 679 6840
250 398 6840
330 681 6840
93 126 6840
1 564 6840
34 104 6840
56 224 6840
134 311 6840
29 283 6840
224 481 6840
76 112 6840
213 496 6840
264 496 6840
11 389 6840
222 337 6840
291 595 6840
247 600 6840
150 374 6840
256 582 6840
175 506 6840
7 363 6840
304 581 6840
199 297 6840
34 572 6840
40 232 6840
247 273 6840
111 396 6840
86 311 6840
202 277 6840
99 305 6840
327 413 6840
63 400 6840
143 584 6840
337 360 6840
51 507 6840
22 384 6840
308 363 6840
184 495 6840
323 405 6840
118 174 6840
190 654 6840
196 635 6840
327 332 6840
290 301 6840
164 190 6840
321 531 6840
8 250 6840
62 466 6840
295 471 6840
217 264 6840
164 316 6840
50 297 6840
45 397 6840
215 430 6840
81 634 6840
83 452 6840
267 527 6840
246 311 6840
80 592 6840
206 580 6840
267 487 6840
41 344 6840
225 336 6840
109 253 6840
333 471 6840
15 66 6840
330 401 6840
249 486 6840
16 294 6840
244 486 6840
320 418 6840
181 305 6840
81 226 6840
198 651 6840
27 403 6840
251 409 6840
80 190 6840
8 102 6840
111 597 6840
60 669 6840
111 289 6840
106 643 6840
336 390 6840
313 510 6840
74 213 6840
273 345 6840
148 645 6840
330 534 6840
96 165 6840
134 376 6840
314 333 6840
51 256 6840
304 546 6840
290 657 6840
207 260 6840
264 384 6840
41 137 6840
87 100 6840
30 335 6840
333 472 6840
267 664 6840
62 347 6840
311 418 6840
84 431 6840
315 569 6840
326 528 6840
4 317 6840
230 358 6840
194 552 6840
280 332 6840
94 677 6840
22 94 6840
3 562 6840
83 238 6840
27 56 6840
33 411 6840
131 470 6840
252 504 6840
275 402 6840
71 190 6840
205 497 6840
301 368 6840
196 361 6840
296 456 6840
30 588 6840
15 126 6840
322 473 6840
175 282 6840
159 533 6840
236 600 6840
233 410 6840
100 275 6840
240 578 6840
148 202 6840
288 353 6840
286 375 6840
193 299 6840
267 271 6840
169 294 6840
310 587 6840
190 530 6840
48 130 6840
279 415 6840
19 193 6840
229 464 6840
250 347 6840
53 324 6840
101 404 6840
138 414 6840
117 547 6840
334 426 6840
5 175 6840
271 640 6840
134 549 6840
191 591 6840
111 357 6840
190 334 6840
336 532 6840
168 600 6840
213 310 6840
204 511 6840
278 614 6840
240 547 6840
301 647 6840
197 361 6840
103 209 6840
74 130 6840
298 680 6840
70 387 6840
237 540 6840
100 582 6840
0 658 6840
211 374 6840
11 680 6840
135 167 6840
258 629 6840
0 245 6840
295 629 6840
58 299 6840
306 614 6840
204 387 6840
6 563 6840
115 124 6840
1 67 6840
120 467 6840
299 538 6840
218 273 6840
215 424 6840
101 443 6840
273 619 6840
71 79 6840
85 268 6840
240 493 6840
93 106 6840
144 229 6840
167 461 6840
260 481 6840
261 505 6840
239 289 6840
74 559 6840
174 612 6840
6 675 6840
274 339 6840
125 225 6840
327 374 6840
155 266 6840
219 625 6840
132 267 6840
223 286 6840
115 221 6840
6 584 6840
58 240 6840
146 681 6840
318 356 6840
21 23 6840
224 290 6840
9 254 6840
102 137 6840
306 505 6840
176 504 6840
42 227 6840
147 648 6840
189 506 6840
96 679 6840
128 299 6840
212 599 6840
42 162 6840
76 453 6840
274 326 6840
136 546 6840
77 362 6840
239 593 6840
66 508 6840
243 409 6840
221 572 6840
209 455 6840
286 464 6840
152 663 6840
331 544 6840
132 271 6840
255 304 6840
326 410 6840
55 614 6840
282 541 6840
185 553 6840
25 155 6840
210 329 6840
278 424 6840
248 384 6840
289 600 6840
82 593 6840
25 121 6840
150 322 6840
286 659 6840
112 518 6840
243 292 6840
248 469 6840
210 459 6840
201 250 6840
213 421 6840
238 299 6840
180 263 6840
159 622 6840
164 270 6840
335 390 6840
127 251 6840
179 360 6840
144 652 6840
105 436 6840
312 370 6840
285 468 6840
36 69 6840
338 469 6840
303 374 6840
248 585 6840
220 582 6840
330 405 6840
308 598 6840
85 200 6840
281 649 6840
10 293 6840
6 354 6840
329 653 6840
95 254 6840
219 230 6840
243 513 6840
26 161 6840
118 191 6840
159 431 6840
148 519 6840
320 405 6840
329 524 6840
294 568 6840
340 437 6840
148 303 6840
122 555 6840
270 582 6840
278 332 6840
105 316 6840
229 427 6840
143 435 6840
172 198 6840
77 385 6840
68 168 6840
190 524 6840
4 541 6840
336 502 6840
48 65 6840
198 339 6840
117 528 6840
14 487 6840
206 538 6840
187 521 6840
173 244 6840
167 309 6840
1 333 6840
260 681 6840
143 662 6840
140 571 6840
289 368 6840
152 554 6840
7 23 6840
168 683 6840
183 187 6840
118 122 6840
86 457 6840
155 301 6840
128 288 6840
267 602 6840
68 131 6840
202 526 6840
180 441 6840
20 357 6840
91 316 6840
74 590 6840
224 237 6840
277 350 6840
212 359 6840
244 634 6840
244 523 6840
284 605 6840
75 138 6840
57 271 6840
143 649 6840
77 191 6840
88 155 6840
332 645 6840
209 221 6840
329 458 6840
217 269 6840
281 453 6840
199 607 6840
254 443 6840
195 601 6840
51 273 6840
77 662 6840
54 66 6840
4 409 6840
130 227 6840
1 535 6840
283 425 6840
80 630 6840
152 440 6840
148 570 6840
68 93 6840
237 394 6840
93 122 6840
21 208 6840
113 567 6840
199 205 6840
95 582 6840
125 452 6840
131 218 6840
148 181 6840
120 539 6840
285 609 6840
200 522 6840
274 284 6840
172 435 6840
139 346 6840
259 313 6840
315 597 6840
39 504 6840
44 389 6840
205 222 6840
247 628 6840
12 491 6840
112 339 6840
288 409 6840
239 593 6840
265 269 6840
134 211 6840
297 301 6840
177 409 6840
252 467 6840
272 663 6840
166 592 6840
163 598 6840
0 449 6840
122 504 6840
175 318 6840
95 292 6840
314 471 6840
297 442 6840
256 287 6840
184 654 6840
224 320 6840
307 560 6840
257 611 6840
329 578 6840
240 551 6840
92 164 6840
78 490 6840
154 591 6840
313 522 6840
188 669 6840
232 252 6840
183 261 6840
122 269 6840
290 373 6840
141 553 6840
242 366 6840
94 483 6840
272 326 6840
95 300 6840
278 657 6840
101 458 6840
340 510 6840
88 230 6840
189 291 6840
157 237 6840
272 350 6840
335 428 6840
176 181 6840
276 570 6840
278 373 6840
61 649 6840
231 270 6840
60 502 6840
136 420 6840
239 273 6840
143 396 6840
37 419 6840
276 641 6840
193 604 6840
181 569 6840
209 421 6840
217 431 6840
227 617 6840
147 642 6840
273 287 6840
172 247 6840
256 649 6840
90 472 6840
55 490 6840
305 662 6840
144 413 6840
242 466 6840
273 536 6840
126 179 6840
321 459 6840
153 663 6840
319 649 6840
310 558 6840
156 648 6840
77 181 6840
336 558 6840
138 282 6840
176 304 6840
208 268 6840
334 446 6840
101 158 6840
339 362 6840
256 673 6840
285 555 6840
318 548 6840
218 436 6840
153 373 6840
259 643 6840
212 610 6840
74 121 6840
335 361 6840
25 168 6840
58 215 6840
4 96 6840
203 490 6840
53 618 6840
307 481 6840
62 64 6840
241 544 6840
317 344 6840
135 364 6840
289 615 6840
208 341 6840
3 541 6840
238 604 6840
189 202 6840
1 618 6840
197 563 6840
315 620 6840
245 334 6840
64 204 6840
218 308 6840
142 199 6840
182 224 6840
305 572 6840
46 123 6840
322 676 6840
178 433 6840
7 16 6840
91 629 6840
42 163 6840
18 390 6840
238 445 6840
232 435 6840
122 514 6840
175 493 6840
288 367 6840
78 655 6840
341 665 6840
127 437 6840
298 469 6840
112 610 6840
30 108 6840
337 573 6840
140 441 6840
189 523 6840
243 329 6840
232 291 6840
115 257 6840
47 276 6840
120 469 6840
324 360 6840
240 392 6840
247 284 6840
138 257 6840
268 499 6840
323 590 6840
92 418 6840
10 587 6840
258 382 6840
30 297 6840
256 500 6840
200 308 6840
340 521 6840
2 197 6840
52 549 6840
199 538 6840
257 592 6840
142 557 6840
86 660 6840
115 427 6840
57 293 6840
50 440 6840
7 297 6840
252 553 6840
137 488 6840
41 416 6840
144 492 6840
48 185 6840
175 438 6840
266 420 6840
36 182 6840
93 311 6840
9 674 6840
35 468 6840
170 602 6840
239 404 6840
133 183 6840
217 631 6840
29 597 6840
16 442 6840
197 414 6840
9 145 6840
245 428 6840
285 533 6840
107 657 6840
163 493 6840
241 607 6840
214 359 6840
316 560 6840
54 222 6840
226 537 6840
127 589 6840
98 613 6840
159 211 6840
123 318 6840
81 396 6840
287 446 6840
331 650 6840
70 303 6840
307 446 6840
211 604 6840
76 383 6840
118 527 6840
291 376 6840
32 426 6840
45 394 6840
264 649 6840
66 136 6840
317 369 6840
291 489 6840
38 93 6840
139 466 6840
189 286 6840
91 307 6840
84 337 6840
164 246 6840
102 525 6840
146 281 6840
305 315 6840
20 462 6840
57 250 6840
182 442 6840
93 500 6840
308 609 6840
155 480 6840
198 583 6840
287 580 6840
39 297 6840
60 141 6840
82 526 6840
198 316 6840
88 294 6840
199 321 6840
109 546 6840
59 323 6840
279 476 6840
132 558 6840
82 146 6840
167 286 6840
245 450 6840
327 412 6840
309 555 6840
229 345 6840
316 595 6840
268 377 6840
194 448 6840
173 246 6840
