0 1 6880
1 2 6880
2 3 6880
3 4 6880
4 5 6880
5 6 6880
6 7 6880
7 8 6880
8 9 6880
9 10 6880
10 11 6880
11 12 6880
12 13 6880
13 14 6880
14 15 6880
15 16 6880
16 17 6880
17 18 6880
18 19 6880
19 20 6880
20 21 6880
21 22 6880
22 23 6880
23 24 6880
24 25 6880
25 26 6880
26 27 6880
27 28 6880
28 29 6880
29 30 6880
30 31 6880
31 32 6880
32 33 6880
33 34 6880
34 35 6880
35 36 6880
36 37 6880
37 38 6880
38 39 6880
39 40 6880
40 41 6880
41 42 6880
42 43 6880
43 44 6880
44 45 6880
45 46 6880
46 47 6880
47 48 6880
48 49 6880
49 50 6880
50 51 6880
51 52 6880
52 53 6880
53 54 6880
54 55 6880
55 56 6880
56 57 6880
57 58 6880
58 59 6880
59 60 6880
60 61 6880
61 62 6880
62 63 6880
63 64 6880
64 65 6880
65 66 6880
66 67 6880
67 68 6880
68 69 6880
69 70 6880
70 71 6880
71 72 6880
72 73 6880
73 74 6880
74 75 6880
75 76 6880
76 77 6880
77 78 6880
78 79 6880
79 80 6880
80 81 6880
81 82 6880
82 83 6880
83 84 6880
84 85 6880
85 86 6880
86 87 6880
87 88 6880
88 89 6880
89 90 6880
90 91 6880
91 92 6880
92 93 6880
93 94 6880
94 95 6880
95 96 6880
96 97 6880
97 98 6880
98 99 6880
99 100 6880
100 101 6880
101 102 6880
102 103 6880
103 104 6880
104 105 6880
105 106 6880
106 107 6880
107 108 6880
108 109 6880
109 110 6880
110 111 6880
111 112 6880
112 113 6880
113 114 6880
114 115 6880
115 116 6880
116 117 6880
117 118 6880
118 119 6880
119 120 6880
120 121 6880
121 122 6880
122 123 6880
123 124 6880
124 125 6880
125 126 6880
126 127 6880
127 128 6880
128 129 6880
129 130 6880
130 131 6880
131 132 6880
132 133 6880
133 134 6880
134 135 6880
135 136 6880
136 137 6880
137 138 6880
138 139 6880
139 140 6880
140 141 6880
141 142 6880
142 143 6880
143 144 6880
144 145 6880
145 146 6880
146 147 6880
147 148 6880
148 149 6880
149 150 6880
150 151 6880
151 152 6880
152 153 6880
153 154 6880
154 155 6880
155 156 6880
156 157 6880
157 158 6880
158 159 6880
159 160 6880
160 161 6880
161 162 6880
162 163 6880
163 164 6880
164 165 6880
165 166 6880
166 167 6880
167 168 6880
168 169 6880
169 170 6880
170 171 6880
171 172 6880
172 173 6880
173 174 6880
174 175 6880
175 176 6880
176 177 6880
177 178 6880
178 179 6880
179 180 6880
180 181 6880
181 182 6880
182 183 6880
183 184 6880
184 185 6880
185 186 6880
186 187 6880
187 188 6880
188 189 6880
189 190 6880
190 191 6880
191 192 6880
192 193 6880
193 194 6880
194 195 6880
195 196 6880
196 197 6880
197 198 6880
198 199 6880
199 200 6880
200 201 6880
201 202 6880
202 203 6880
203 204 6880
204 205 6880
205 206 6880
206 207 6880
207 208 6880
208 209 6880
209 210 6880
210 211 6880
211 212 6880
212 213 6880
213 214 6880
214 215 6880
215 216 6880
216 217 6880
217 218 6880
218 219 6880
219 220 6880
220 221 6880
221 222 6880
222 223 6880
223 224 6880
224 225 6880
225 226 6880
226 227 6880
227 228 6880
228 229 6880
229 230 6880
230 231 6880
231 232 6880
232 233 6880
233 234 6880
234 235 6880
235 236 6880
236 237 6880
237 238 6880
238 239 6880
239 240 6880
240 241 6880
241 242 6880
242 243 6880
243 244 6880
244 245 6880
245 246 6880
246 247 6880
247 248 6880
248 249 6880
249 250 6880
250 251 6880
251 252 6880
252 253 6880
253 254 6880
254 255 6880
255 256 6880
256 257 6880
257 258 6880
258 259 6880
259 260 6880
260 261 6880
261 262 6880
262 263 6880
263 264 6880
264 265 6880
265 266 6880
266 267 6880
267 268 6880
268 269 6880
269 270 6880
270 271 6880
271 272 6880
272 273 6880
273 274 6880
274 275 6880
275 276 6880
276 277 6880
277 278 6880
278 279 6880
279 280 6880
280 281 6880
281 282 6880
282 283 6880
283 284 6880
284 285 6880
285 286 6880
286 287 6880
287 288 6880
288 289 6880
289 290 6880
290 291 6880
291 292 6880
292 293 6880
293 294 6880
294 295 6880
295 296 6880
296 297 6880
297 298 6880
298 299 6880
299 300 6880
300 301 6880
301 302 6880
302 303 6880
303 304 6880
304 305 6880
305 306 6880
306 307 6880
307 308 6880
308 309 6880
309 310 6880
310 311 6880
311 312 6880
312 313 6880
313 314 6880
314 315 6880
315 316 6880
316 317 6880
317 318 6880
318 319 6880
319 320 6880
320 321 6880
321 322 6880
322 323 6880
323 324 6880
324 325 6880
325 326 6880
326 327 6880
327 328 6880
328 329 6880
329 330 6880
330 331 6880
331 332 6880
332 333 6880
333 334 6880
334 335 6880
335 336 6880
336 337 6880
337 338 6880
338 339 6880
339 340 6880
340 341 6880
341 342 6880
342 343 6880
343 344 6880
344 345 6880
345 346 6880
346 347 6880
347 348 6880
348 349 6880
349 350 6880
350 351 6880
351 352 6880
352 353 6880
353 354 6880
354 355 6880
355 356 6880
356 357 6880
357 358 6880
358 359 6880
359 360 6880
360 361 6880
361 362 6880
362 363 6880
363 364 6880
364 365 6880
365 366 6880
366 367 6880
367 368 6880
368 369 6880
369 370 6880
370 371 6880
371 372 6880
372 373 6880
373 374 6880
374 375 6880
375 376 6880
376 377 6880
377 378 6880
378 379 6880
379 380 6880
380 381 6880
381 382 6880
382 383 6880
383 384 6880
384 385 6880
385 386 6880
386 387 6880
387 388 6880
388 389 6880
389 390 6880
390 391 6880
391 392 6880
392 393 6880
393 394 6880
394 395 6880
395 396 6880
396 397 6880
397 398 6880
398 399 6880
399 400 6880
400 401 6880
401 402 6880
402 403 6880
403 404 6880
404 405 6880
405 406 6880
406 407 6880
407 408 6880
408 409 6880
409 410 6880
410 411 6880
411 412 6880
412 413 6880
413 414 6880
414 415 6880
415 416 6880
416 417 6880
417 418 6880
418 419 6880
419 420 6880
420 421 6880
421 422 6880
422 423 6880
423 424 6880
424 425 6880
425 426 6880
426 427 6880
427 428 6880
428 429 6880
429 430 6880
430 431 6880
431 432 6880
432 433 6880
433 434 6880
434 435 6880
435 436 6880
436 437 6880
437 438 6880
438 439 6880
439 440 6880
440 441 6880
441 442 6880
442 443 6880
443 444 6880
444 445 6880
445 446 6880
446 447 6880
447 448 6880
448 449 6880
449 450 6880
450 451 6880
451 452 6880
452 453 6880
453 454 6880
454 455 6880
455 456 6880
456 457 6880
457 458 6880
458 459 6880
459 460 6880
460 461 6880
461 462 6880
462 463 6880
463 464 6880
464 465 6880
465 466 6880
466 467 6880
467 468 6880
468 469 6880
469 470 6880
470 471 6880
471 472 6880
472 473 6880
473 474 6880
474 475 6880
475 476 6880
476 477 6880
477 478 6880
478 479 6880
479 480 6880
480 481 6880
481 482 6880
482 483 6880
483 484 6880
484 485 6880
485 486 6880
486 487 6880
487 488 6880
488 489 6880
489 490 6880
490 491 6880
491 492 6880
492 493 6880
493 494 6880
494 495 6880
495 496 6880
496 497 6880
497 498 6880
498 499 6880
499 500 6880
500 501 6880
501 502 6880
502 503 6880
503 504 6880
504 505 6880
505 506 6880
506 507 6880
507 508 6880
508 509 6880
509 510 6880
510 511 6880
511 512 6880
512 513 6880
513 514 6880
514 515 6880
515 516 6880
516 517 6880
517 518 6880
518 519 6880
519 520 6880
520 521 6880
521 522 6880
522 523 6880
523 524 6880
524 525 6880
525 526 6880
526 527 6880
527 528 6880
528 529 6880
529 530 6880
530 531 6880
531 532 6880
532 533 6880
533 534 6880
534 535 6880
535 536 6880
536 537 6880
537 538 6880
538 539 6880
539 540 6880
540 541 6880
541 542 6880
542 543 6880
543 544 6880
544 545 6880
545 546 6880
546 547 6880
547 548 6880
548 549 6880
549 550 6880
550 551 6880
551 552 6880
552 553 6880
553 554 6880
554 555 6880
555 556 6880
556 557 6880
557 558 6880
558 559 6880
559 560 6880
560 561 6880
561 562 6880
562 563 6880
563 564 6880
564 565 6880
565 566 6880
566 567 6880
567 568 6880
568 569 6880
569 570 6880
570 571 6880
571 572 6880
572 573 6880
573 574 6880
574 575 6880
575 576 6880
576 577 6880
577 578 6880
578 579 6880
579 580 6880
580 581 6880
581 582 6880
582 583 6880
583 584 6880
584 585 6880
585 586 6880
586 587 6880
587 588 6880
588 589 6880
589 590 6880
590 591 6880
591 592 6880
592 593 6880
593 594 6880
594 595 6880
595 596 6880
596 597 6880
597 598 6880
598 599 6880
599 600 6880
600 601 6880
601 602 6880
602 603 6880
603 604 6880
604 605 6880
605 606 6880
606 607 6880
607 608 6880
608 609 6880
609 610 6880
610 611 6880
611 612 6880
612 613 6880
613 614 6880
614 615 6880
615 616 6880
616 617 6880
617 618 6880
618 619 6880
619 620 6880
620 621 6880
621 622 6880
622 623 6880
623 624 6880
624 625 6880
625 626 6880
626 627 6880
627 628 6880
628 629 6880
629 630 6880
630 631 6880
631 632 6880
632 633 6880
633 634 6880
634 635 6880
635 636 6880
636 637 6880
637 638 6880
638 639 6880
639 640 6880
640 641 6880
641 642 6880
642 643 6880
643 644 6880
644 645 6880
645 646 6880
646 647 6880
647 648 6880
648 649 6880
649 650 6880
650 651 6880
651 652 6880
652 653 6880
653 654 6880
654 655 6880
655 656 6880
656 657 6880
657 658 6880
658 659 6880
659 660 6880
660 661 6880
661 662 6880
662 663 6880
663 664 6880
664 665 6880
665 666 6880
666 667 6880
667 668 6880
668 669 6880
669 670 6880
670 671 6880
671 672 6880
672 673 6880
673 674 6880
674 675 6880
675 676 6880
676 677 6880
677 678 6880
678 679 6880
679 680 6880
680 681 6880
681 682 6880
682 683 6880
683 684 6880
684 685 6880
685 686 6880
686 687 6880
298 462 6880
243 658 6880
238 658 6880
145 597 6880
122 503 6880
161 463 6880
85 501 6880
148 323 6880
118 324 6880
276 621 6880
83 199 6880
44 475 6880
180 248 6880
167 679 6880
74 204 6880
72 195 6880
201 413 6880
2 428 6880
203 244 6880
13 69 6880
143 259 6880
324 556 6880
189 458 6880
260 623 6880
13 195 6880
288 293 6880
88 150 6880
61 643 6880
202 682 6880
133 422 6880
36 394 6880
275 280 6880
249 307 6880
331 650 6880
34 657 6880
110 138 6880
291 456 6880
149 306 6880
21 330 6880
232 524 6880
159 590 6880
316 583 6880
82 590 6880
324 439 6880
342 622 6880
201 464 6880
275 281 6880
83 294 6880
135 592 6880
139 377 6880
219 615 6880
100 420 6880
43 684 6880
232 527 6880
338 510 6880
188 348 6880
160 514 6880
343 392 6880
312 674 6880
109 650 6880
7 405 6880
287 459 6880
89 340 6880
185 213 6880
150 544 6880
152 585 6880
330 444 6880
232 274 6880
284 665 6880
82 215 6880
23 683 6880
216 366 6880
266 533 6880
254 348 6880
144 449 6880
71 463 6880
58 575 6880
331 344 6880
184 425 6880
322 681 6880
200 520 6880
294 420 6880
292 321 6880
195 554 6880
79 267 6880
203 439 6880
180 539 6880
274 317 6880
205 502 6880
140 352 6880
46 274 6880
288 394 6880
297 501 6880
72 466 6880
161 602 6880
84 312 6880
305 427 6880
98 345 6880
132 239 6880
230 385 6880
238 646 6880
88 511 6880
221 272 6880
56 134 6880
140 469 6880
63 655 6880
253 388 6880
50 113 6880
132 364 6880
53 224 6880
185 207 6880
279 346 6880
236 255 6880
256 288 6880
159 251 6880
315 634 6880
70 568 6880
300 511 6880
286 388 6880
269 377 6880
103 570 6880
86 508 6880
12 490 6880
285 370 6880
307 315 6880
166 389 6880
321 387 6880
177 199 6880
338 615 6880
271 474 6880
331 500 6880
1 600 6880
120 231 6880
172 224 6880
32 560 6880
68 323 6880
155 243 6880
236 392 6880
312 630 6880
285 306 6880
83 268 6880
189 437 6880
109 432 6880
77 510 6880
227 537 6880
332 424 6880
78 299 6880
227 618 6880
340 362 6880
275 306 6880
263 493 6880
127 303 6880
72 216 6880
44 138 6880
314 614 6880
339 639 6880
254 276 6880
52 212 6880
276 665 6880
21 406 6880
334 658 6880
115 493 6880
286 292 6880
83 539 6880
59 76 6880
215 479 6880
100 309 6880
286 425 6880
267 575 6880
6 459 6880
162 600 6880
312 544 6880
71 279 6880
239 613 6880
167 686 6880
86 166 6880
277 596 6880
16 415 6880
334 611 6880
258 631 6880
295 373 6880
25 371 6880
207 264 6880
224 622 6880
26 274 6880
66 546 6880
217 477 6880
213 555 6880
156 536 6880
69 336 6880
107 392 6880
187 564 6880
254 530 6880
148 609 6880
147 286 6880
79 427 6880
219 451 6880
28 660 6880
320 601 6880
235 269 6880
272 678 6880
224 493 6880
248 612 6880
89 348 6880
336 642 6880
189 341 6880
288 341 6880
278 458 6880
97 572 6880
201 361 6880
212 649 6880
224 527 6880
201 549 6880
326 685 6880
307 593 6880
46 312 6880
125 336 6880
129 647 6880
295 522 6880
49 98 6880
42 108 6880
23 133 6880
341 391 6880
22 590 6880
83 123 6880
202 528 6880
90 331 6880
322 324 6880
156 577 6880
66 563 6880
208 456 6880
154 221 6880
46 94 6880
15 664 6880
52 84 6880
325 583 6880
24 411 6880
264 368 6880
328 498 6880
285 295 6880
106 358 6880
54 269 6880
86 183 6880
125 272 6880
62 438 6880
70 493 6880
171 614 6880
4 334 6880
289 567 6880
87 355 6880
313 640 6880
263 413 6880
247 599 6880
107 298 6880
231 413 6880
250 648 6880
132 460 6880
215 313 6880
93 215 6880
92 464 6880
332 573 6880
108 603 6880
128 406 6880
129 212 6880
301 441 6880
308 324 6880
176 381 6880
296 356 6880
171 404 6880
195 219 6880
74 242 6880
247 673 6880
168 496 6880
58 594 6880
132 521 6880
193 390 6880
33 280 6880
190 418 6880
33 48 6880
172 465 6880
150 423 6880
12 466 6880
42 266 6880
329 434 6880
277 319 6880
202 680 6880
124 425 6880
224 250 6880
144 487 6880
70 300 6880
323 669 6880
210 375 6880
73 185 6880
149 582 6880
163 628 6880
1 381 6880
111 153 6880
255 460 6880
207 494 6880
87 274 6880
38 188 6880
212 241 6880
69 192 6880
101 359 6880
269 370 6880
290 543 6880
236 347 6880
189 529 6880
2 303 6880
79 587 6880
275 508 6880
301 655 6880
91 271 6880
225 508 6880
242 527 6880
87 447 6880
117 308 6880
278 297 6880
72 311 6880
125 406 6880
49 549 6880
198 468 6880
56 642 6880
56 454 6880
103 251 6880
188 410 6880
313 584 6880
333 625 6880
33 196 6880
250 522 6880
237 390 6880
217 230 6880
175 500 6880
268 335 6880
312 590 6880
300 499 6880
134 564 6880
128 284 6880
94 637 6880
118 159 6880
134 517 6880
317 381 6880
149 641 6880
45 601 6880
258 645 6880
236 253 6880
69 440 6880
66 147 6880
16 190 6880
113 573 6880
336 681 6880
222 433 6880
35 631 6880
319 426 6880
173 591 6880
210 461 6880
212 229 6880
336 424 6880
22 374 6880
297 409 6880
176 527 6880
18 166 6880
1 648 6880
215 680 6880
140 422 6880
216 472 6880
206 365 6880
184 259 6880
337 353 6880
275 569 6880
146 686 6880
174 594 6880
91 286 6880
191 681 6880
68 285 6880
218 495 6880
32 248 6880
0 567 6880
64 381 6880
240 427 6880
199 509 6880
244 392 6880
143 186 6880
7 601 6880
8 636 6880
102 384 6880
9 77 6880
158 546 6880
66 147 6880
186 427 6880
51 651 6880
198 268 6880
184 239 6880
57 120 6880
325 631 6880
30 172 6880
274 371 6880
60 657 6880
322 403 6880
250 612 6880
339 518 6880
198 534 6880
127 262 6880
339 418 6880
119 491 6880
171 302 6880
119 259 6880
309 529 6880
40 259 6880
15 102 6880
33 650 6880
2 462 6880
120 460 6880
247 410 6880
297 572 6880
172 472 6880
170 362 6880
63 489 6880
344 622 6880
18 297 6880
219 357 6880
155 378 6880
339 537 6880
277 356 6880
265 465 6880
217 604 6880
159 472 6880
259 432 6880
202 565 6880
293 538 6880
250 397 6880
235 310 6880
326 607 6880
261 671 6880
27 192 6880
134 612 6880
269 662 6880
138 673 6880
305 600 6880
66 152 6880
241 319 6880
323 531 6880
19 484 6880
209 496 6880
199 256 6880
4 310 6880
168 557 6880
322 500 6880
152 431 6880
48 504 6880
243 271 6880
7 55 6880
45 374 6880
278 397 6880
210 570 6880
8 275 6880
255 551 6880
267 500 6880
106 140 6880
206 544 6880
28 72 6880
302 621 6880
178 264 6880
300 475 6880
73 193 6880
29 180 6880
157 465 6880
166 196 6880
264 517 6880
38 247 6880
184 382 6880
151 387 6880
46 258 6880
258 660 6880
55 493 6880
70 480 6880
6 598 6880
299 484 6880
240 527 6880
108 211 6880
78 426 6880
308 600 6880
183 575 6880
146 318 6880
39 240 6880
166 588 6880
312 659 6880
2 117 6880
153 599 6880
159 392 6880
302 592 6880
317 337 6880
249 350 6880
72 262 6880
1 573 6880
196 364 6880
109 536 6880
243 667 6880
235 654 6880
305 601 6880
308 571 6880
300 627 6880
30 545 6880
105 523 6880
126 636 6880
232 292 6880
52 235 6880
337 641 6880
319 608 6880
132 588 6880
270 376 6880
248 674 6880
149 264 6880
291 338 6880
331 349 6880
324 590 6880
124 593 6880
221 553 6880
208 276 6880
298 620 6880
262 604 6880
303 542 6880
141 382 6880
305 487 6880
176 209 6880
199 318 6880
133 258 6880
182 459 6880
66 465 6880
307 594 6880
5 400 6880
21 568 6880
268 590 6880
275 500 6880
16 324 6880
246 405 6880
79 135 6880
139 176 6880
104 175 6880
52 498 6880
249 673 6880
34 197 6880
189 479 6880
266 641 6880
102 429 6880
22 539 6880
342 595 6880
212 237 6880
277 622 6880
163 664 6880
215 545 6880
343 375 6880
93 398 6880
209 253 6880
174 455 6880
122 464 6880
261 331 6880
133 174 6880
193 331 6880
344 607 6880
53 211 6880
289 371 6880
12 422 6880
104 631 6880
267 592 6880
144 450 6880
23 477 6880
60 546 6880
69 507 6880
272 310 6880
69 628 6880
265 452 6880
182 525 6880
211 382 6880
258 570 6880
65 87 6880
134 365 6880
247 497 6880
344 661 6880
301 638 6880
109 658 6880
71 122 6880
6 239 6880
187 288 6880
90 504 6880
263 462 6880
222 423 6880
324 625 6880
95 455 6880
101 229 6880
1 589 6880
339 370 6880
305 647 6880
251 605 6880
326 423 6880
212 370 6880
250 557 6880
11 329 6880
341 594 6880
75 668 6880
94 153 6880
161 386 6880
242 499 6880
19 363 6880
214 414 6880
46 655 6880
309 549 6880
23 552 6880
46 561 6880
47 74 6880
50 630 6880
132 349 6880
107 198 6880
307 683 6880
83 627 6880
81 622 6880
284 645 6880
72 268 6880
213 402 6880
185 354 6880
141 275 6880
316 412 6880
199 672 6880
185 667 6880
174 578 6880
58 595 6880
16 642 6880
63 131 6880
19 485 6880
222 588 6880
223 563 6880
194 388 6880
278 409 6880
173 528 6880
208 639 6880
136 529 6880
217 640 6880
9 252 6880
260 647 6880
141 316 6880
339 547 6880
280 676 6880
316 340 6880
334 635 6880
294 664 6880
228 641 6880
79 476 6880
36 279 6880
299 496 6880
265 628 6880
66 354 6880
132 460 6880
341 687 6880
51 557 6880
254 516 6880
143 456 6880
187 511 6880
197 539 6880
273 414 6880
45 321 6880
191 665 6880
331 547 6880
48 540 6880
215 469 6880
102 359 6880
331 467 6880
170 294 6880
199 380 6880
52 84 6880
14 113 6880
253 284 6880
221 339 6880
17 100 6880
307 491 6880
302 648 6880
228 570 6880
324 387 6880
14 31 6880
37 217 6880
170 514 6880
150 312 6880
227 477 6880
141 369 6880
259 482 6880
