0 1 680
1 2 680
2 3 680
3 4 680
4 5 680
5 6 680
6 7 680
7 8 680
8 9 680
9 10 680
10 11 680
11 12 680
12 13 680
13 14 680
14 15 680
15 16 680
16 17 680
17 18 680
18 19 680
19 20 680
20 21 680
21 22 680
22 23 680
23 24 680
24 25 680
25 26 680
26 27 680
27 28 680
28 29 680
29 30 680
30 31 680
31 32 680
32 33 680
33 34 680
34 35 680
35 36 680
36 37 680
37 38 680
38 39 680
39 40 680
40 41 680
41 42 680
42 43 680
43 44 680
44 45 680
45 46 680
46 47 680
47 48 680
48 49 680
49 50 680
50 51 680
51 52 680
52 53 680
53 54 680
54 55 680
55 56 680
56 57 680
57 58 680
58 59 680
59 60 680
60 61 680
61 62 680
62 63 680
63 64 680
64 65 680
65 66 680
66 67 680
15 47 680
1 13 680
31 57 680
7 54 680
29 52 680
9 19 680
30 32 680
10 59 680
2 57 680
18 41 680
12 36 680
18 20 680
8 53 680
15 52 680
29 66 680
9 28 680
8 65 680
9 42 680
29 54 680
23 33 680
31 43 680
24 30 680
29 32 680
25 44 680
10 62 680
31 55 680
11 32 680
13 39 680
32 43 680
2 23 680
30 40 680
0 38 680
33 53 680
25 28 680
27 50 680
24 33 680
32 55 680
4 8 680
30 44 680
12 19 680
29 52 680
32 36 680
8 30 680
7 39 680
14 47 680
11 60 680
10 45 680
34 52 680
33 60 680
21 62 680
3 42 680
18 23 680
21 42 680
7 58 680
27 30 680
23 30 680
11 67 680
2 65 680
8 65 680
15 37 680
5 22 680
5 26 680
24 51 680
12 15 680
11 18 680
14 45 680
