0 1 6920
1 2 6920
2 3 6920
3 4 6920
4 5 6920
5 6 6920
6 7 6920
7 8 6920
8 9 6920
9 10 6920
10 11 6920
11 12 6920
12 13 6920
13 14 6920
14 15 6920
15 16 6920
16 17 6920
17 18 6920
18 19 6920
19 20 6920
20 21 6920
21 22 6920
22 23 6920
23 24 6920
24 25 6920
25 26 6920
26 27 6920
27 28 6920
28 29 6920
29 30 6920
30 31 6920
31 32 6920
32 33 6920
33 34 6920
34 35 6920
35 36 6920
36 37 6920
37 38 6920
38 39 6920
39 40 6920
40 41 6920
41 42 6920
42 43 6920
43 44 6920
44 45 6920
45 46 6920
46 47 6920
47 48 6920
48 49 6920
49 50 6920
50 51 6920
51 52 6920
52 53 6920
53 54 6920
54 55 6920
55 56 6920
56 57 6920
57 58 6920
58 59 6920
59 60 6920
60 61 6920
61 62 6920
62 63 6920
63 64 6920
64 65 6920
65 66 6920
66 67 6920
67 68 6920
68 69 6920
69 70 6920
70 71 6920
71 72 6920
72 73 6920
73 74 6920
74 75 6920
75 76 6920
76 77 6920
77 78 6920
78 79 6920
79 80 6920
80 81 6920
81 82 6920
82 83 6920
83 84 6920
84 85 6920
85 86 6920
86 87 6920
87 88 6920
88 89 6920
89 90 6920
90 91 6920
91 92 6920
92 93 6920
93 94 6920
94 95 6920
95 96 6920
96 97 6920
97 98 6920
98 99 6920
99 100 6920
100 101 6920
101 102 6920
102 103 6920
103 104 6920
104 105 6920
105 106 6920
106 107 6920
107 108 6920
108 109 6920
109 110 6920
110 111 6920
111 112 6920
112 113 6920
113 114 6920
114 115 6920
115 116 6920
116 117 6920
117 118 6920
118 119 6920
119 120 6920
120 121 6920
121 122 6920
122 123 6920
123 124 6920
124 125 6920
125 126 6920
126 127 6920
127 128 6920
128 129 6920
129 130 6920
130 131 6920
131 132 6920
132 133 6920
133 134 6920
134 135 6920
135 136 6920
136 137 6920
137 138 6920
138 139 6920
139 140 6920
140 141 6920
141 142 6920
142 143 6920
143 144 6920
144 145 6920
145 146 6920
146 147 6920
147 148 6920
148 149 6920
149 150 6920
150 151 6920
151 152 6920
152 153 6920
153 154 6920
154 155 6920
155 156 6920
156 157 6920
157 158 6920
158 159 6920
159 160 6920
160 161 6920
161 162 6920
162 163 6920
163 164 6920
164 165 6920
165 166 6920
166 167 6920
167 168 6920
168 169 6920
169 170 6920
170 171 6920
171 172 6920
172 173 6920
173 174 6920
174 175 6920
175 176 6920
176 177 6920
177 178 6920
178 179 6920
179 180 6920
180 181 6920
181 182 6920
182 183 6920
183 184 6920
184 185 6920
185 186 6920
186 187 6920
187 188 6920
188 189 6920
189 190 6920
190 191 6920
191 192 6920
192 193 6920
193 194 6920
194 195 6920
195 196 6920
196 197 6920
197 198 6920
198 199 6920
199 200 6920
200 201 6920
201 202 6920
202 203 6920
203 204 6920
204 205 6920
205 206 6920
206 207 6920
207 208 6920
208 209 6920
209 210 6920
210 211 6920
211 212 6920
212 213 6920
213 214 6920
214 215 6920
215 216 6920
216 217 6920
217 218 6920
218 219 6920
219 220 6920
220 221 6920
221 222 6920
222 223 6920
223 224 6920
224 225 6920
225 226 6920
226 227 6920
227 228 6920
228 229 6920
229 230 6920
230 231 6920
231 232 6920
232 233 6920
233 234 6920
234 235 6920
235 236 6920
236 237 6920
237 238 6920
238 239 6920
239 240 6920
240 241 6920
241 242 6920
242 243 6920
243 244 6920
244 245 6920
245 246 6920
246 247 6920
247 248 6920
248 249 6920
249 250 6920
250 251 6920
251 252 6920
252 253 6920
253 254 6920
254 255 6920
255 256 6920
256 257 6920
257 258 6920
258 259 6920
259 260 6920
260 261 6920
261 262 6920
262 263 6920
263 264 6920
264 265 6920
265 266 6920
266 267 6920
267 268 6920
268 269 6920
269 270 6920
270 271 6920
271 272 6920
272 273 6920
273 274 6920
274 275 6920
275 276 6920
276 277 6920
277 278 6920
278 279 6920
279 280 6920
280 281 6920
281 282 6920
282 283 6920
283 284 6920
284 285 6920
285 286 6920
286 287 6920
287 288 6920
288 289 6920
289 290 6920
290 291 6920
291 292 6920
292 293 6920
293 294 6920
294 295 6920
295 296 6920
296 297 6920
297 298 6920
298 299 6920
299 300 6920
300 301 6920
301 302 6920
302 303 6920
303 304 6920
304 305 6920
305 306 6920
306 307 6920
307 308 6920
308 309 6920
309 310 6920
310 311 6920
311 312 6920
312 313 6920
313 314 6920
314 315 6920
315 316 6920
316 317 6920
317 318 6920
318 319 6920
319 320 6920
320 321 6920
321 322 6920
322 323 6920
323 324 6920
324 325 6920
325 326 6920
326 327 6920
327 328 6920
328 329 6920
329 330 6920
330 331 6920
331 332 6920
332 333 6920
333 334 6920
334 335 6920
335 336 6920
336 337 6920
337 338 6920
338 339 6920
339 340 6920
340 341 6920
341 342 6920
342 343 6920
343 344 6920
344 345 6920
345 346 6920
346 347 6920
347 348 6920
348 349 6920
349 350 6920
350 351 6920
351 352 6920
352 353 6920
353 354 6920
354 355 6920
355 356 6920
356 357 6920
357 358 6920
358 359 6920
359 360 6920
360 361 6920
361 362 6920
362 363 6920
363 364 6920
364 365 6920
365 366 6920
366 367 6920
367 368 6920
368 369 6920
369 370 6920
370 371 6920
371 372 6920
372 373 6920
373 374 6920
374 375 6920
375 376 6920
376 377 6920
377 378 6920
378 379 6920
379 380 6920
380 381 6920
381 382 6920
382 383 6920
383 384 6920
384 385 6920
385 386 6920
386 387 6920
387 388 6920
388 389 6920
389 390 6920
390 391 6920
391 392 6920
392 393 6920
393 394 6920
394 395 6920
395 396 6920
396 397 6920
397 398 6920
398 399 6920
399 400 6920
400 401 6920
401 402 6920
402 403 6920
403 404 6920
404 405 6920
405 406 6920
406 407 6920
407 408 6920
408 409 6920
409 410 6920
410 411 6920
411 412 6920
412 413 6920
413 414 6920
414 415 6920
415 416 6920
416 417 6920
417 418 6920
418 419 6920
419 420 6920
420 421 6920
421 422 6920
422 423 6920
423 424 6920
424 425 6920
425 426 6920
426 427 6920
427 428 6920
428 429 6920
429 430 6920
430 431 6920
431 432 6920
432 433 6920
433 434 6920
434 435 6920
435 436 6920
436 437 6920
437 438 6920
438 439 6920
439 440 6920
440 441 6920
441 442 6920
442 443 6920
443 444 6920
444 445 6920
445 446 6920
446 447 6920
447 448 6920
448 449 6920
449 450 6920
450 451 6920
451 452 6920
452 453 6920
453 454 6920
454 455 6920
455 456 6920
456 457 6920
457 458 6920
458 459 6920
459 460 6920
460 461 6920
461 462 6920
462 463 6920
463 464 6920
464 465 6920
465 466 6920
466 467 6920
467 468 6920
468 469 6920
469 470 6920
470 471 6920
471 472 6920
472 473 6920
473 474 6920
474 475 6920
475 476 6920
476 477 6920
477 478 6920
478 479 6920
479 480 6920
480 481 6920
481 482 6920
482 483 6920
483 484 6920
484 485 6920
485 486 6920
486 487 6920
487 488 6920
488 489 6920
489 490 6920
490 491 6920
491 492 6920
492 493 6920
493 494 6920
494 495 6920
495 496 6920
496 497 6920
497 498 6920
498 499 6920
499 500 6920
500 501 6920
501 502 6920
502 503 6920
503 504 6920
504 505 6920
505 506 6920
506 507 6920
507 508 6920
508 509 6920
509 510 6920
510 511 6920
511 512 6920
512 513 6920
513 514 6920
514 515 6920
515 516 6920
516 517 6920
517 518 6920
518 519 6920
519 520 6920
520 521 6920
521 522 6920
522 523 6920
523 524 6920
524 525 6920
525 526 6920
526 527 6920
527 528 6920
528 529 6920
529 530 6920
530 531 6920
531 532 6920
532 533 6920
533 534 6920
534 535 6920
535 536 6920
536 537 6920
537 538 6920
538 539 6920
539 540 6920
540 541 6920
541 542 6920
542 543 6920
543 544 6920
544 545 6920
545 546 6920
546 547 6920
547 548 6920
548 549 6920
549 550 6920
550 551 6920
551 552 6920
552 553 6920
553 554 6920
554 555 6920
555 556 6920
556 557 6920
557 558 6920
558 559 6920
559 560 6920
560 561 6920
561 562 6920
562 563 6920
563 564 6920
564 565 6920
565 566 6920
566 567 6920
567 568 6920
568 569 6920
569 570 6920
570 571 6920
571 572 6920
572 573 6920
573 574 6920
574 575 6920
575 576 6920
576 577 6920
577 578 6920
578 579 6920
579 580 6920
580 581 6920
581 582 6920
582 583 6920
583 584 6920
584 585 6920
585 586 6920
586 587 6920
587 588 6920
588 589 6920
589 590 6920
590 591 6920
591 592 6920
592 593 6920
593 594 6920
594 595 6920
595 596 6920
596 597 6920
597 598 6920
598 599 6920
599 600 6920
600 601 6920
601 602 6920
602 603 6920
603 604 6920
604 605 6920
605 606 6920
606 607 6920
607 608 6920
608 609 6920
609 610 6920
610 611 6920
611 612 6920
612 613 6920
613 614 6920
614 615 6920
615 616 6920
616 617 6920
617 618 6920
618 619 6920
619 620 6920
620 621 6920
621 622 6920
622 623 6920
623 624 6920
624 625 6920
625 626 6920
626 627 6920
627 628 6920
628 629 6920
629 630 6920
630 631 6920
631 632 6920
632 633 6920
633 634 6920
634 635 6920
635 636 6920
636 637 6920
637 638 6920
638 639 6920
639 640 6920
640 641 6920
641 642 6920
642 643 6920
643 644 6920
644 645 6920
645 646 6920
646 647 6920
647 648 6920
648 649 6920
649 650 6920
650 651 6920
651 652 6920
652 653 6920
653 654 6920
654 655 6920
655 656 6920
656 657 6920
657 658 6920
658 659 6920
659 660 6920
660 661 6920
661 662 6920
662 663 6920
663 664 6920
664 665 6920
665 666 6920
666 667 6920
667 668 6920
668 669 6920
669 670 6920
670 671 6920
671 672 6920
672 673 6920
673 674 6920
674 675 6920
675 676 6920
676 677 6920
677 678 6920
678 679 6920
679 680 6920
680 681 6920
681 682 6920
682 683 6920
683 684 6920
684 685 6920
685 686 6920
686 687 6920
687 688 6920
688 689 6920
689 690 6920
690 691 6920
279 282 6920
91 209 6920
96 211 6920
99 691 6920
231 582 6920
302 573 6920
34 554 6920
35 213 6920
243 596 6920
28 591 6920
100 362 6920
129 534 6920
225 658 6920
234 280 6920
71 181 6920
265 526 6920
277 310 6920
251 263 6920
306 415 6920
76 161 6920
71 508 6920
195 317 6920
112 219 6920
3 518 6920
254 346 6920
28 530 6920
219 280 6920
214 216 6920
174 403 6920
201 300 6920
69 564 6920
90 503 6920
217 309 6920
11 199 6920
336 655 6920
302 657 6920
82 165 6920
125 496 6920
185 422 6920
268 375 6920
136 465 6920
12 32 6920
82 94 6920
288 576 6920
152 639 6920
197 268 6920
207 295 6920
309 400 6920
290 317 6920
86 316 6920
206 295 6920
207 648 6920
93 574 6920
29 345 6920
104 462 6920
1 577 6920
307 458 6920
80 137 6920
27 566 6920
180 204 6920
26 534 6920
206 649 6920
209 288 6920
194 318 6920
35 338 6920
60 553 6920
281 332 6920
244 333 6920
56 287 6920
188 602 6920
84 544 6920
273 629 6920
174 482 6920
143 234 6920
295 433 6920
189 245 6920
330 392 6920
178 389 6920
311 501 6920
206 437 6920
262 312 6920
196 213 6920
227 537 6920
61 414 6920
311 465 6920
110 339 6920
304 330 6920
309 517 6920
200 333 6920
31 110 6920
147 294 6920
172 573 6920
167 250 6920
151 344 6920
92 603 6920
187 248 6920
79 608 6920
273 481 6920
194 200 6920
159 334 6920
86 678 6920
253 469 6920
219 333 6920
292 551 6920
307 537 6920
74 361 6920
5 685 6920
252 649 6920
160 254 6920
219 625 6920
267 647 6920
224 231 6920
22 446 6920
234 267 6920
2 256 6920
153 257 6920
173 622 6920
36 465 6920
334 654 6920
228 452 6920
95 670 6920
101 205 6920
200 477 6920
121 190 6920
199 332 6920
276 278 6920
170 294 6920
148 218 6920
193 570 6920
106 523 6920
247 262 6920
216 476 6920
243 628 6920
149 482 6920
272 517 6920
120 183 6920
291 438 6920
178 224 6920
46 204 6920
141 143 6920
272 566 6920
25 537 6920
343 571 6920
176 429 6920
142 278 6920
60 338 6920
170 661 6920
11 48 6920
77 523 6920
321 652 6920
34 565 6920
77 310 6920
187 382 6920
204 486 6920
5 674 6920
148 395 6920
143 616 6920
323 510 6920
185 218 6920
40 528 6920
291 579 6920
153 379 6920
248 341 6920
266 425 6920
195 684 6920
180 527 6920
58 590 6920
328 374 6920
329 614 6920
158 589 6920
191 208 6920
83 467 6920
101 677 6920
44 331 6920
68 386 6920
30 129 6920
297 630 6920
92 517 6920
9 161 6920
190 541 6920
212 246 6920
260 401 6920
184 272 6920
66 119 6920
276 418 6920
315 554 6920
50 134 6920
24 652 6920
161 328 6920
287 316 6920
189 588 6920
37 628 6920
67 262 6920
123 533 6920
204 631 6920
113 408 6920
77 598 6920
176 376 6920
320 526 6920
142 557 6920
209 549 6920
179 504 6920
206 212 6920
253 291 6920
264 318 6920
41 46 6920
191 649 6920
175 461 6920
83 526 6920
72 198 6920
137 411 6920
59 494 6920
174 235 6920
260 516 6920
169 542 6920
34 204 6920
131 373 6920
43 609 6920
261 440 6920
317 669 6920
333 366 6920
210 360 6920
313 475 6920
296 618 6920
106 300 6920
164 171 6920
137 458 6920
305 536 6920
93 158 6920
179 276 6920
167 543 6920
249 401 6920
35 307 6920
346 690 6920
133 381 6920
31 433 6920
286 373 6920
29 687 6920
305 526 6920
31 645 6920
225 275 6920
32 450 6920
63 355 6920
205 336 6920
152 317 6920
132 327 6920
48 96 6920
288 645 6920
46 539 6920
12 222 6920
0 688 6920
1 443 6920
100 518 6920
88 585 6920
233 628 6920
23 104 6920
262 551 6920
212 472 6920
228 600 6920
195 312 6920
16 562 6920
255 509 6920
57 128 6920
4 463 6920
135 508 6920
150 666 6920
264 608 6920
253 400 6920
222 591 6920
176 501 6920
248 626 6920
207 520 6920
17 138 6920
265 599 6920
199 582 6920
18 344 6920
23 441 6920
318 563 6920
339 672 6920
154 513 6920
55 525 6920
323 587 6920
212 528 6920
23 507 6920
271 419 6920
105 411 6920
159 567 6920
257 553 6920
169 403 6920
177 487 6920
106 391 6920
215 309 6920
144 447 6920
139 621 6920
336 437 6920
176 364 6920
201 390 6920
306 672 6920
201 498 6920
258 451 6920
266 354 6920
102 658 6920
72 422 6920
4 392 6920
266 506 6920
236 549 6920
72 216 6920
214 234 6920
256 613 6920
1 427 6920
40 375 6920
328 585 6920
284 582 6920
73 209 6920
237 289 6920
270 508 6920
273 397 6920
315 469 6920
27 551 6920
230 584 6920
283 442 6920
208 627 6920
222 255 6920
84 260 6920
4 591 6920
261 426 6920
30 396 6920
35 514 6920
253 530 6920
266 273 6920
345 426 6920
157 638 6920
196 265 6920
313 398 6920
35 352 6920
12 668 6920
74 350 6920
104 371 6920
33 160 6920
346 545 6920
162 347 6920
19 459 6920
95 226 6920
253 672 6920
319 456 6920
273 527 6920
265 591 6920
91 206 6920
240 619 6920
343 511 6920
311 593 6920
274 615 6920
128 251 6920
28 400 6920
340 400 6920
47 511 6920
169 319 6920
293 395 6920
21 681 6920
41 508 6920
42 160 6920
182 211 6920
197 505 6920
214 468 6920
87 271 6920
296 543 6920
222 256 6920
179 613 6920
266 314 6920
41 586 6920
32 388 6920
134 268 6920
319 378 6920
93 308 6920
233 405 6920
258 411 6920
15 472 6920
249 268 6920
327 662 6920
276 656 6920
224 465 6920
64 681 6920
190 629 6920
62 150 6920
153 624 6920
253 350 6920
243 421 6920
76 589 6920
218 568 6920
11 274 6920
209 652 6920
94 333 6920
260 279 6920
233 591 6920
97 362 6920
2 320 6920
111 213 6920
271 291 6920
17 471 6920
44 360 6920
190 527 6920
1 242 6920
196 506 6920
196 357 6920
335 397 6920
212 452 6920
42 172 6920
101 281 6920
211 601 6920
132 678 6920
270 643 6920
12 363 6920
99 365 6920
136 594 6920
40 153 6920
181 426 6920
219 386 6920
326 565 6920
61 180 6920
137 449 6920
126 516 6920
18 579 6920
143 402 6920
64 353 6920
45 656 6920
165 602 6920
272 462 6920
60 432 6920
312 519 6920
89 528 6920
226 370 6920
101 443 6920
311 487 6920
72 585 6920
296 441 6920
291 563 6920
11 265 6920
47 325 6920
122 583 6920
146 543 6920
64 404 6920
279 443 6920
231 500 6920
60 305 6920
2 130 6920
152 257 6920
292 543 6920
158 293 6920
69 99 6920
109 654 6920
332 419 6920
12 417 6920
140 156 6920
266 607 6920
297 498 6920
237 278 6920
72 284 6920
104 121 6920
284 524 6920
234 329 6920
295 603 6920
125 560 6920
252 569 6920
246 501 6920
282 555 6920
303 680 6920
174 378 6920
148 519 6920
95 648 6920
92 412 6920
51 634 6920
137 252 6920
152 554 6920
58 681 6920
253 275 6920
122 337 6920
336 673 6920
284 532 6920
344 612 6920
211 473 6920
33 231 6920
4 598 6920
121 413 6920
253 546 6920
190 308 6920
214 463 6920
280 459 6920
171 321 6920
316 608 6920
245 597 6920
42 50 6920
300 564 6920
129 261 6920
46 169 6920
24 109 6920
303 557 6920
318 587 6920
103 621 6920
32 145 6920
183 254 6920
68 78 6920
154 562 6920
82 105 6920
109 498 6920
127 436 6920
251 438 6920
319 651 6920
251 635 6920
247 522 6920
80 646 6920
127 156 6920
190 207 6920
230 581 6920
262 592 6920
83 308 6920
293 498 6920
46 107 6920
49 285 6920
127 573 6920
65 122 6920
325 542 6920
262 269 6920
72 255 6920
24 436 6920
195 526 6920
336 411 6920
146 295 6920
319 616 6920
276 287 6920
50 134 6920
322 484 6920
67 497 6920
182 617 6920
339 682 6920
255 319 6920
178 527 6920
341 440 6920
231 493 6920
131 425 6920
304 687 6920
313 536 6920
99 635 6920
171 516 6920
195 516 6920
123 673 6920
271 341 6920
243 464 6920
301 690 6920
88 130 6920
275 540 6920
291 618 6920
1 397 6920
131 611 6920
25 623 6920
185 279 6920
337 483 6920
330 560 6920
238 664 6920
52 589 6920
310 515 6920
141 678 6920
215 419 6920
204 663 6920
152 455 6920
252 515 6920
247 615 6920
332 388 6920
82 662 6920
130 319 6920
86 466 6920
122 677 6920
175 676 6920
301 602 6920
139 373 6920
19 494 6920
156 171 6920
27 578 6920
72 273 6920
100 288 6920
48 192 6920
12 312 6920
307 339 6920
227 671 6920
323 478 6920
50 453 6920
136 218 6920
70 690 6920
211 627 6920
30 131 6920
282 632 6920
81 230 6920
227 327 6920
10 201 6920
82 599 6920
293 300 6920
295 530 6920
326 506 6920
248 603 6920
294 357 6920
16 146 6920
169 466 6920
11 72 6920
279 528 6920
282 387 6920
166 400 6920
203 448 6920
195 669 6920
260 484 6920
310 509 6920
91 356 6920
47 576 6920
143 182 6920
346 661 6920
249 342 6920
98 418 6920
50 365 6920
41 670 6920
178 200 6920
269 398 6920
44 79 6920
226 459 6920
225 445 6920
185 567 6920
241 554 6920
45 679 6920
323 526 6920
58 386 6920
15 456 6920
267 287 6920
90 562 6920
278 414 6920
93 654 6920
148 530 6920
316 369 6920
209 467 6920
216 629 6920
95 630 6920
333 617 6920
203 368 6920
258 571 6920
39 348 6920
250 345 6920
174 285 6920
72 668 6920
146 602 6920
306 656 6920
46 280 6920
7 157 6920
38 272 6920
194 248 6920
168 621 6920
3 44 6920
225 396 6920
344 462 6920
245 423 6920
160 577 6920
311 355 6920
58 292 6920
128 533 6920
272 407 6920
241 641 6920
289 587 6920
67 385 6920
8 594 6920
8 275 6920
329 543 6920
26 253 6920
69 332 6920
150 433 6920
321 601 6920
169 458 6920
248 597 6920
277 531 6920
251 432 6920
23 647 6920
128 314 6920
316 410 6920
338 657 6920
27 330 6920
75 241 6920
301 363 6920
76 259 6920
75 144 6920
226 228 6920
344 630 6920
185 436 6920
188 477 6920
310 686 6920
334 487 6920
