0 1 6960
1 2 6960
2 3 6960
3 4 6960
4 5 6960
5 6 6960
6 7 6960
7 8 6960
8 9 6960
9 10 6960
10 11 6960
11 12 6960
12 13 6960
13 14 6960
14 15 6960
15 16 6960
16 17 6960
17 18 6960
18 19 6960
19 20 6960
20 21 6960
21 22 6960
22 23 6960
23 24 6960
24 25 6960
25 26 6960
26 27 6960
27 28 6960
28 29 6960
29 30 6960
30 31 6960
31 32 6960
32 33 6960
33 34 6960
34 35 6960
35 36 6960
36 37 6960
37 38 6960
38 39 6960
39 40 6960
40 41 6960
41 42 6960
42 43 6960
43 44 6960
44 45 6960
45 46 6960
46 47 6960
47 48 6960
48 49 6960
49 50 6960
50 51 6960
51 52 6960
52 53 6960
53 54 6960
54 55 6960
55 56 6960
56 57 6960
57 58 6960
58 59 6960
59 60 6960
60 61 6960
61 62 6960
62 63 6960
63 64 6960
64 65 6960
65 66 6960
66 67 6960
67 68 6960
68 69 6960
69 70 6960
70 71 6960
71 72 6960
72 73 6960
73 74 6960
74 75 6960
75 76 6960
76 77 6960
77 78 6960
78 79 6960
79 80 6960
80 81 6960
81 82 6960
82 83 6960
83 84 6960
84 85 6960
85 86 6960
86 87 6960
87 88 6960
88 89 6960
89 90 6960
90 91 6960
91 92 6960
92 93 6960
93 94 6960
94 95 6960
95 96 6960
96 97 6960
97 98 6960
98 99 6960
99 100 6960
100 101 6960
101 102 6960
102 103 6960
103 104 6960
104 105 6960
105 106 6960
106 107 6960
107 108 6960
108 109 6960
109 110 6960
110 111 6960
111 112 6960
112 113 6960
113 114 6960
114 115 6960
115 116 6960
116 117 6960
117 118 6960
118 119 6960
119 120 6960
120 121 6960
121 122 6960
122 123 6960
123 124 6960
124 125 6960
125 126 6960
126 127 6960
127 128 6960
128 129 6960
129 130 6960
130 131 6960
131 132 6960
132 133 6960
133 134 6960
134 135 6960
135 136 6960
136 137 6960
137 138 6960
138 139 6960
139 140 6960
140 141 6960
141 142 6960
142 143 6960
143 144 6960
144 145 6960
145 146 6960
146 147 6960
147 148 6960
148 149 6960
149 150 6960
150 151 6960
151 152 6960
152 153 6960
153 154 6960
154 155 6960
155 156 6960
156 157 6960
157 158 6960
158 159 6960
159 160 6960
160 161 6960
161 162 6960
162 163 6960
163 164 6960
164 165 6960
165 166 6960
166 167 6960
167 168 6960
168 169 6960
169 170 6960
170 171 6960
171 172 6960
172 173 6960
173 174 6960
174 175 6960
175 176 6960
176 177 6960
177 178 6960
178 179 6960
179 180 6960
180 181 6960
181 182 6960
182 183 6960
183 184 6960
184 185 6960
185 186 6960
186 187 6960
187 188 6960
188 189 6960
189 190 6960
190 191 6960
191 192 6960
192 193 6960
193 194 6960
194 195 6960
195 196 6960
196 197 6960
197 198 6960
198 199 6960
199 200 6960
200 201 6960
201 202 6960
202 203 6960
203 204 6960
204 205 6960
205 206 6960
206 207 6960
207 208 6960
208 209 6960
209 210 6960
210 211 6960
211 212 6960
212 213 6960
213 214 6960
214 215 6960
215 216 6960
216 217 6960
217 218 6960
218 219 6960
219 220 6960
220 221 6960
221 222 6960
222 223 6960
223 224 6960
224 225 6960
225 226 6960
226 227 6960
227 228 6960
228 229 6960
229 230 6960
230 231 6960
231 232 6960
232 233 6960
233 234 6960
234 235 6960
235 236 6960
236 237 6960
237 238 6960
238 239 6960
239 240 6960
240 241 6960
241 242 6960
242 243 6960
243 244 6960
244 245 6960
245 246 6960
246 247 6960
247 248 6960
248 249 6960
249 250 6960
250 251 6960
251 252 6960
252 253 6960
253 254 6960
254 255 6960
255 256 6960
256 257 6960
257 258 6960
258 259 6960
259 260 6960
260 261 6960
261 262 6960
262 263 6960
263 264 6960
264 265 6960
265 266 6960
266 267 6960
267 268 6960
268 269 6960
269 270 6960
270 271 6960
271 272 6960
272 273 6960
273 274 6960
274 275 6960
275 276 6960
276 277 6960
277 278 6960
278 279 6960
279 280 6960
280 281 6960
281 282 6960
282 283 6960
283 284 6960
284 285 6960
285 286 6960
286 287 6960
287 288 6960
288 289 6960
289 290 6960
290 291 6960
291 292 6960
292 293 6960
293 294 6960
294 295 6960
295 296 6960
296 297 6960
297 298 6960
298 299 6960
299 300 6960
300 301 6960
301 302 6960
302 303 6960
303 304 6960
304 305 6960
305 306 6960
306 307 6960
307 308 6960
308 309 6960
309 310 6960
310 311 6960
311 312 6960
312 313 6960
313 314 6960
314 315 6960
315 316 6960
316 317 6960
317 318 6960
318 319 6960
319 320 6960
320 321 6960
321 322 6960
322 323 6960
323 324 6960
324 325 6960
325 326 6960
326 327 6960
327 328 6960
328 329 6960
329 330 6960
330 331 6960
331 332 6960
332 333 6960
333 334 6960
334 335 6960
335 336 6960
336 337 6960
337 338 6960
338 339 6960
339 340 6960
340 341 6960
341 342 6960
342 343 6960
343 344 6960
344 345 6960
345 346 6960
346 347 6960
347 348 6960
348 349 6960
349 350 6960
350 351 6960
351 352 6960
352 353 6960
353 354 6960
354 355 6960
355 356 6960
356 357 6960
357 358 6960
358 359 6960
359 360 6960
360 361 6960
361 362 6960
362 363 6960
363 364 6960
364 365 6960
365 366 6960
366 367 6960
367 368 6960
368 369 6960
369 370 6960
370 371 6960
371 372 6960
372 373 6960
373 374 6960
374 375 6960
375 376 6960
376 377 6960
377 378 6960
378 379 6960
379 380 6960
380 381 6960
381 382 6960
382 383 6960
383 384 6960
384 385 6960
385 386 6960
386 387 6960
387 388 6960
388 389 6960
389 390 6960
390 391 6960
391 392 6960
392 393 6960
393 394 6960
394 395 6960
395 396 6960
396 397 6960
397 398 6960
398 399 6960
399 400 6960
400 401 6960
401 402 6960
402 403 6960
403 404 6960
404 405 6960
405 406 6960
406 407 6960
407 408 6960
408 409 6960
409 410 6960
410 411 6960
411 412 6960
412 413 6960
413 414 6960
414 415 6960
415 416 6960
416 417 6960
417 418 6960
418 419 6960
419 420 6960
420 421 6960
421 422 6960
422 423 6960
423 424 6960
424 425 6960
425 426 6960
426 427 6960
427 428 6960
428 429 6960
429 430 6960
430 431 6960
431 432 6960
432 433 6960
433 434 6960
434 435 6960
435 436 6960
436 437 6960
437 438 6960
438 439 6960
439 440 6960
440 441 6960
441 442 6960
442 443 6960
443 444 6960
444 445 6960
445 446 6960
446 447 6960
447 448 6960
448 449 6960
449 450 6960
450 451 6960
451 452 6960
452 453 6960
453 454 6960
454 455 6960
455 456 6960
456 457 6960
457 458 6960
458 459 6960
459 460 6960
460 461 6960
461 462 6960
462 463 6960
463 464 6960
464 465 6960
465 466 6960
466 467 6960
467 468 6960
468 469 6960
469 470 6960
470 471 6960
471 472 6960
472 473 6960
473 474 6960
474 475 6960
475 476 6960
476 477 6960
477 478 6960
478 479 6960
479 480 6960
480 481 6960
481 482 6960
482 483 6960
483 484 6960
484 485 6960
485 486 6960
486 487 6960
487 488 6960
488 489 6960
489 490 6960
490 491 6960
491 492 6960
492 493 6960
493 494 6960
494 495 6960
495 496 6960
496 497 6960
497 498 6960
498 499 6960
499 500 6960
500 501 6960
501 502 6960
502 503 6960
503 504 6960
504 505 6960
505 506 6960
506 507 6960
507 508 6960
508 509 6960
509 510 6960
510 511 6960
511 512 6960
512 513 6960
513 514 6960
514 515 6960
515 516 6960
516 517 6960
517 518 6960
518 519 6960
519 520 6960
520 521 6960
521 522 6960
522 523 6960
523 524 6960
524 525 6960
525 526 6960
526 527 6960
527 528 6960
528 529 6960
529 530 6960
530 531 6960
531 532 6960
532 533 6960
533 534 6960
534 535 6960
535 536 6960
536 537 6960
537 538 6960
538 539 6960
539 540 6960
540 541 6960
541 542 6960
542 543 6960
543 544 6960
544 545 6960
545 546 6960
546 547 6960
547 548 6960
548 549 6960
549 550 6960
550 551 6960
551 552 6960
552 553 6960
553 554 6960
554 555 6960
555 556 6960
556 557 6960
557 558 6960
558 559 6960
559 560 6960
560 561 6960
561 562 6960
562 563 6960
563 564 6960
564 565 6960
565 566 6960
566 567 6960
567 568 6960
568 569 6960
569 570 6960
570 571 6960
571 572 6960
572 573 6960
573 574 6960
574 575 6960
575 576 6960
576 577 6960
577 578 6960
578 579 6960
579 580 6960
580 581 6960
581 582 6960
582 583 6960
583 584 6960
584 585 6960
585 586 6960
586 587 6960
587 588 6960
588 589 6960
589 590 6960
590 591 6960
591 592 6960
592 593 6960
593 594 6960
594 595 6960
595 596 6960
596 597 6960
597 598 6960
598 599 6960
599 600 6960
600 601 6960
601 602 6960
602 603 6960
603 604 6960
604 605 6960
605 606 6960
606 607 6960
607 608 6960
608 609 6960
609 610 6960
610 611 6960
611 612 6960
612 613 6960
613 614 6960
614 615 6960
615 616 6960
616 617 6960
617 618 6960
618 619 6960
619 620 6960
620 621 6960
621 622 6960
622 623 6960
623 624 6960
624 625 6960
625 626 6960
626 627 6960
627 628 6960
628 629 6960
629 630 6960
630 631 6960
631 632 6960
632 633 6960
633 634 6960
634 635 6960
635 636 6960
636 637 6960
637 638 6960
638 639 6960
639 640 6960
640 641 6960
641 642 6960
642 643 6960
643 644 6960
644 645 6960
645 646 6960
646 647 6960
647 648 6960
648 649 6960
649 650 6960
650 651 6960
651 652 6960
652 653 6960
653 654 6960
654 655 6960
655 656 6960
656 657 6960
657 658 6960
658 659 6960
659 660 6960
660 661 6960
661 662 6960
662 663 6960
663 664 6960
664 665 6960
665 666 6960
666 667 6960
667 668 6960
668 669 6960
669 670 6960
670 671 6960
671 672 6960
672 673 6960
673 674 6960
674 675 6960
675 676 6960
676 677 6960
677 678 6960
678 679 6960
679 680 6960
680 681 6960
681 682 6960
682 683 6960
683 684 6960
684 685 6960
685 686 6960
686 687 6960
687 688 6960
688 689 6960
689 690 6960
690 691 6960
691 692 6960
692 693 6960
693 694 6960
694 695 6960
83 627 6960
74 572 6960
264 609 6960
348 373 6960
347 576 6960
55 138 6960
51 177 6960
332 500 6960
152 584 6960
12 380 6960
235 388 6960
308 452 6960
96 193 6960
140 467 6960
68 293 6960
48 296 6960
335 611 6960
318 393 6960
284 631 6960
335 594 6960
339 694 6960
296 606 6960
108 373 6960
104 619 6960
160 231 6960
115 121 6960
315 646 6960
284 553 6960
343 522 6960
125 486 6960
230 605 6960
156 362 6960
263 498 6960
6 67 6960
95 176 6960
277 495 6960
7 368 6960
347 682 6960
266 518 6960
106 275 6960
31 235 6960
95 672 6960
307 414 6960
0 143 6960
247 393 6960
345 476 6960
286 654 6960
132 419 6960
26 248 6960
88 608 6960
262 393 6960
14 76 6960
133 593 6960
126 232 6960
220 604 6960
266 323 6960
10 223 6960
63 526 6960
180 285 6960
211 344 6960
92 507 6960
83 564 6960
99 519 6960
140 290 6960
342 637 6960
164 511 6960
317 523 6960
165 178 6960
222 318 6960
254 669 6960
117 464 6960
225 584 6960
342 466 6960
84 206 6960
322 326 6960
14 36 6960
338 493 6960
92 202 6960
255 565 6960
77 82 6960
116 353 6960
173 474 6960
338 535 6960
305 396 6960
68 565 6960
84 687 6960
103 115 6960
213 539 6960
321 443 6960
207 633 6960
16 151 6960
94 236 6960
127 469 6960
36 691 6960
309 500 6960
70 243 6960
124 268 6960
201 603 6960
336 663 6960
57 325 6960
13 17 6960
253 325 6960
70 115 6960
96 200 6960
324 390 6960
252 618 6960
225 363 6960
105 658 6960
15 196 6960
15 564 6960
207 660 6960
69 598 6960
203 499 6960
322 558 6960
230 318 6960
327 677 6960
315 340 6960
181 623 6960
130 493 6960
82 691 6960
159 612 6960
116 461 6960
172 348 6960
37 189 6960
271 438 6960
278 681 6960
278 366 6960
83 452 6960
170 391 6960
343 381 6960
9 226 6960
24 223 6960
105 237 6960
77 429 6960
107 399 6960
103 246 6960
235 321 6960
12 605 6960
121 610 6960
249 251 6960
226 594 6960
63 375 6960
305 308 6960
196 613 6960
86 688 6960
174 561 6960
132 293 6960
118 348 6960
239 370 6960
289 442 6960
38 177 6960
288 583 6960
149 160 6960
38 629 6960
98 167 6960
72 538 6960
121 580 6960
67 640 6960
3 200 6960
66 541 6960
231 278 6960
218 576 6960
33 281 6960
137 349 6960
318 649 6960
103 260 6960
321 693 6960
178 257 6960
125 489 6960
98 138 6960
34 552 6960
66 632 6960
116 162 6960
86 378 6960
307 518 6960
106 267 6960
304 665 6960
70 528 6960
58 300 6960
42 349 6960
321 555 6960
35 121 6960
77 173 6960
232 553 6960
323 633 6960
258 610 6960
330 559 6960
296 679 6960
167 312 6960
74 151 6960
296 354 6960
161 197 6960
284 391 6960
58 503 6960
96 187 6960
87 94 6960
88 594 6960
17 189 6960
269 520 6960
136 507 6960
195 679 6960
25 671 6960
61 598 6960
101 472 6960
303 522 6960
31 218 6960
57 354 6960
174 548 6960
339 498 6960
28 225 6960
61 66 6960
268 630 6960
77 381 6960
311 631 6960
307 527 6960
0 290 6960
201 596 6960
97 162 6960
20 588 6960
130 692 6960
127 481 6960
17 509 6960
298 644 6960
144 628 6960
190 336 6960
132 618 6960
143 636 6960
33 281 6960
315 354 6960
301 513 6960
328 553 6960
286 574 6960
101 163 6960
307 340 6960
332 342 6960
277 494 6960
100 248 6960
324 459 6960
207 549 6960
264 280 6960
168 427 6960
23 128 6960
197 283 6960
148 495 6960
247 580 6960
229 695 6960
4 91 6960
133 525 6960
16 51 6960
100 175 6960
156 467 6960
312 358 6960
182 231 6960
232 381 6960
152 604 6960
144 363 6960
264 347 6960
277 578 6960
77 507 6960
5 610 6960
14 303 6960
135 524 6960
111 469 6960
274 489 6960
57 638 6960
94 346 6960
256 546 6960
347 523 6960
301 465 6960
275 635 6960
322 417 6960
193 609 6960
318 579 6960
27 233 6960
198 216 6960
189 281 6960
144 608 6960
87 246 6960
270 548 6960
253 688 6960
220 300 6960
199 471 6960
56 489 6960
263 543 6960
256 411 6960
41 111 6960
43 94 6960
228 239 6960
146 266 6960
164 246 6960
57 249 6960
182 520 6960
5 176 6960
98 685 6960
257 312 6960
28 103 6960
12 599 6960
160 663 6960
202 334 6960
253 644 6960
84 189 6960
25 73 6960
241 694 6960
71 369 6960
162 298 6960
123 284 6960
188 359 6960
253 654 6960
249 352 6960
56 313 6960
168 382 6960
339 354 6960
202 499 6960
320 590 6960
224 616 6960
329 642 6960
205 294 6960
212 305 6960
319 664 6960
0 419 6960
64 695 6960
156 537 6960
340 616 6960
75 221 6960
263 594 6960
116 692 6960
142 247 6960
121 501 6960
96 439 6960
289 437 6960
41 604 6960
82 641 6960
241 416 6960
118 618 6960
27 401 6960
267 405 6960
345 371 6960
157 653 6960
211 472 6960
25 626 6960
79 185 6960
280 647 6960
46 224 6960
342 570 6960
203 567 6960
228 464 6960
320 349 6960
284 654 6960
309 500 6960
178 310 6960
151 366 6960
259 325 6960
192 279 6960
81 684 6960
206 262 6960
211 476 6960
151 616 6960
331 646 6960
345 582 6960
130 623 6960
65 643 6960
343 527 6960
301 498 6960
144 294 6960
248 511 6960
132 215 6960
323 429 6960
65 621 6960
322 420 6960
198 460 6960
246 382 6960
254 281 6960
142 350 6960
119 415 6960
31 522 6960
252 331 6960
32 513 6960
23 573 6960
39 639 6960
234 325 6960
305 390 6960
61 123 6960
276 307 6960
347 617 6960
287 691 6960
328 595 6960
288 450 6960
315 458 6960
50 322 6960
305 443 6960
279 366 6960
322 382 6960
332 577 6960
346 365 6960
20 45 6960
247 436 6960
336 624 6960
188 677 6960
234 505 6960
64 485 6960
287 689 6960
272 495 6960
42 286 6960
279 458 6960
231 646 6960
90 507 6960
135 255 6960
22 474 6960
158 344 6960
124 285 6960
242 333 6960
106 115 6960
208 528 6960
295 617 6960
83 356 6960
200 653 6960
29 202 6960
230 288 6960
82 286 6960
106 464 6960
266 427 6960
263 672 6960
346 351 6960
302 617 6960
253 275 6960
95 203 6960
267 472 6960
249 608 6960
321 647 6960
54 503 6960
279 335 6960
194 556 6960
177 559 6960
290 506 6960
119 543 6960
231 533 6960
101 445 6960
205 605 6960
7 445 6960
38 229 6960
243 372 6960
129 660 6960
230 312 6960
333 679 6960
257 588 6960
16 425 6960
183 448 6960
136 605 6960
193 412 6960
138 410 6960
8 442 6960
68 689 6960
277 520 6960
342 576 6960
276 534 6960
14 78 6960
333 415 6960
337 494 6960
6 488 6960
57 112 6960
0 492 6960
51 637 6960
159 574 6960
312 647 6960
298 532 6960
241 366 6960
320 511 6960
238 650 6960
87 122 6960
144 399 6960
195 672 6960
348 555 6960
85 231 6960
57 653 6960
261 492 6960
61 501 6960
90 496 6960
172 339 6960
132 250 6960
77 116 6960
270 469 6960
287 351 6960
9 495 6960
296 498 6960
44 163 6960
249 356 6960
180 294 6960
273 356 6960
148 330 6960
294 531 6960
220 539 6960
94 421 6960
284 489 6960
134 401 6960
196 265 6960
22 466 6960
193 217 6960
125 508 6960
13 268 6960
334 669 6960
64 499 6960
94 381 6960
2 691 6960
181 589 6960
163 441 6960
346 607 6960
330 581 6960
347 615 6960
275 516 6960
209 234 6960
102 603 6960
259 465 6960
215 462 6960
289 493 6960
57 224 6960
184 444 6960
59 541 6960
260 444 6960
157 233 6960
128 652 6960
192 440 6960
184 639 6960
229 302 6960
210 414 6960
232 479 6960
55 86 6960
115 146 6960
192 676 6960
5 47 6960
255 421 6960
140 537 6960
220 393 6960
182 260 6960
182 478 6960
49 261 6960
5 656 6960
155 588 6960
325 609 6960
313 446 6960
99 154 6960
331 624 6960
198 674 6960
114 169 6960
159 434 6960
142 484 6960
113 168 6960
135 635 6960
309 440 6960
6 24 6960
54 65 6960
58 76 6960
239 534 6960
206 279 6960
345 361 6960
304 320 6960
188 494 6960
20 455 6960
216 642 6960
219 454 6960
248 541 6960
181 660 6960
164 334 6960
279 348 6960
119 121 6960
267 613 6960
277 401 6960
146 360 6960
305 369 6960
219 547 6960
7 112 6960
177 192 6960
188 667 6960
18 295 6960
125 419 6960
7 524 6960
228 643 6960
116 540 6960
65 444 6960
0 131 6960
128 354 6960
80 596 6960
202 324 6960
292 319 6960
250 564 6960
85 684 6960
82 574 6960
12 216 6960
236 329 6960
190 401 6960
2 199 6960
301 665 6960
246 368 6960
203 264 6960
26 535 6960
268 524 6960
237 356 6960
87 513 6960
167 306 6960
132 479 6960
4 347 6960
290 472 6960
30 470 6960
316 581 6960
70 393 6960
268 504 6960
287 632 6960
292 313 6960
24 221 6960
204 231 6960
50 627 6960
19 150 6960
18 85 6960
162 232 6960
229 621 6960
271 509 6960
94 329 6960
138 346 6960
234 558 6960
23 662 6960
309 538 6960
296 507 6960
307 600 6960
132 278 6960
240 644 6960
142 405 6960
3 683 6960
277 309 6960
282 639 6960
136 439 6960
166 662 6960
53 509 6960
164 564 6960
67 585 6960
135 238 6960
182 595 6960
211 436 6960
228 277 6960
270 595 6960
215 492 6960
50 326 6960
130 208 6960
328 492 6960
35 313 6960
75 658 6960
343 649 6960
255 689 6960
330 610 6960
107 463 6960
60 157 6960
113 378 6960
109 568 6960
163 381 6960
198 294 6960
263 652 6960
296 597 6960
93 595 6960
182 576 6960
56 496 6960
14 112 6960
43 440 6960
280 551 6960
185 614 6960
35 451 6960
204 430 6960
170 622 6960
88 453 6960
59 441 6960
212 675 6960
249 328 6960
304 488 6960
113 587 6960
55 190 6960
97 425 6960
206 214 6960
224 600 6960
92 408 6960
125 405 6960
329 507 6960
74 282 6960
274 598 6960
98 649 6960
32 583 6960
233 683 6960
326 517 6960
118 490 6960
272 323 6960
140 572 6960
80 392 6960
210 558 6960
108 250 6960
73 136 6960
172 437 6960
81 463 6960
93 483 6960
