0 1 7000
1 2 7000
2 3 7000
3 4 7000
4 5 7000
5 6 7000
6 7 7000
7 8 7000
8 9 7000
9 10 7000
10 11 7000
11 12 7000
12 13 7000
13 14 7000
14 15 7000
15 16 7000
16 17 7000
17 18 7000
18 19 7000
19 20 7000
20 21 7000
21 22 7000
22 23 7000
23 24 7000
24 25 7000
25 26 7000
26 27 7000
27 28 7000
28 29 7000
29 30 7000
30 31 7000
31 32 7000
32 33 7000
33 34 7000
34 35 7000
35 36 7000
36 37 7000
37 38 7000
38 39 7000
39 40 7000
40 41 7000
41 42 7000
42 43 7000
43 44 7000
44 45 7000
45 46 7000
46 47 7000
47 48 7000
48 49 7000
49 50 7000
50 51 7000
51 52 7000
52 53 7000
53 54 7000
54 55 7000
55 56 7000
56 57 7000
57 58 7000
58 59 7000
59 60 7000
60 61 7000
61 62 7000
62 63 7000
63 64 7000
64 65 7000
65 66 7000
66 67 7000
67 68 7000
68 69 7000
69 70 7000
70 71 7000
71 72 7000
72 73 7000
73 74 7000
74 75 7000
75 76 7000
76 77 7000
77 78 7000
78 79 7000
79 80 7000
80 81 7000
81 82 7000
82 83 7000
83 84 7000
84 85 7000
85 86 7000
86 87 7000
87 88 7000
88 89 7000
89 90 7000
90 91 7000
91 92 7000
92 93 7000
93 94 7000
94 95 7000
95 96 7000
96 97 7000
97 98 7000
98 99 7000
99 100 7000
100 101 7000
101 102 7000
102 103 7000
103 104 7000
104 105 7000
105 106 7000
106 107 7000
107 108 7000
108 109 7000
109 110 7000
110 111 7000
111 112 7000
112 113 7000
113 114 7000
114 115 7000
115 116 7000
116 117 7000
117 118 7000
118 119 7000
119 120 7000
120 121 7000
121 122 7000
122 123 7000
123 124 7000
124 125 7000
125 126 7000
126 127 7000
127 128 7000
128 129 7000
129 130 7000
130 131 7000
131 132 7000
132 133 7000
133 134 7000
134 135 7000
135 136 7000
136 137 7000
137 138 7000
138 139 7000
139 140 7000
140 141 7000
141 142 7000
142 143 7000
143 144 7000
144 145 7000
145 146 7000
146 147 7000
147 148 7000
148 149 7000
149 150 7000
150 151 7000
151 152 7000
152 153 7000
153 154 7000
154 155 7000
155 156 7000
156 157 7000
157 158 7000
158 159 7000
159 160 7000
160 161 7000
161 162 7000
162 163 7000
163 164 7000
164 165 7000
165 166 7000
166 167 7000
167 168 7000
168 169 7000
169 170 7000
170 171 7000
171 172 7000
172 173 7000
173 174 7000
174 175 7000
175 176 7000
176 177 7000
177 178 7000
178 179 7000
179 180 7000
180 181 7000
181 182 7000
182 183 7000
183 184 7000
184 185 7000
185 186 7000
186 187 7000
187 188 7000
188 189 7000
189 190 7000
190 191 7000
191 192 7000
192 193 7000
193 194 7000
194 195 7000
195 196 7000
196 197 7000
197 198 7000
198 199 7000
199 200 7000
200 201 7000
201 202 7000
202 203 7000
203 204 7000
204 205 7000
205 206 7000
206 207 7000
207 208 7000
208 209 7000
209 210 7000
210 211 7000
211 212 7000
212 213 7000
213 214 7000
214 215 7000
215 216 7000
216 217 7000
217 218 7000
218 219 7000
219 220 7000
220 221 7000
221 222 7000
222 223 7000
223 224 7000
224 225 7000
225 226 7000
226 227 7000
227 228 7000
228 229 7000
229 230 7000
230 231 7000
231 232 7000
232 233 7000
233 234 7000
234 235 7000
235 236 7000
236 237 7000
237 238 7000
238 239 7000
239 240 7000
240 241 7000
241 242 7000
242 243 7000
243 244 7000
244 245 7000
245 246 7000
246 247 7000
247 248 7000
248 249 7000
249 250 7000
250 251 7000
251 252 7000
252 253 7000
253 254 7000
254 255 7000
255 256 7000
256 257 7000
257 258 7000
258 259 7000
259 260 7000
260 261 7000
261 262 7000
262 263 7000
263 264 7000
264 265 7000
265 266 7000
266 267 7000
267 268 7000
268 269 7000
269 270 7000
270 271 7000
271 272 7000
272 273 7000
273 274 7000
274 275 7000
275 276 7000
276 277 7000
277 278 7000
278 279 7000
279 280 7000
280 281 7000
281 282 7000
282 283 7000
283 284 7000
284 285 7000
285 286 7000
286 287 7000
287 288 7000
288 289 7000
289 290 7000
290 291 7000
291 292 7000
292 293 7000
293 294 7000
294 295 7000
295 296 7000
296 297 7000
297 298 7000
298 299 7000
299 300 7000
300 301 7000
301 302 7000
302 303 7000
303 304 7000
304 305 7000
305 306 7000
306 307 7000
307 308 7000
308 309 7000
309 310 7000
310 311 7000
311 312 7000
312 313 7000
313 314 7000
314 315 7000
315 316 7000
316 317 7000
317 318 7000
318 319 7000
319 320 7000
320 321 7000
321 322 7000
322 323 7000
323 324 7000
324 325 7000
325 326 7000
326 327 7000
327 328 7000
328 329 7000
329 330 7000
330 331 7000
331 332 7000
332 333 7000
333 334 7000
334 335 7000
335 336 7000
336 337 7000
337 338 7000
338 339 7000
339 340 7000
340 341 7000
341 342 7000
342 343 7000
343 344 7000
344 345 7000
345 346 7000
346 347 7000
347 348 7000
348 349 7000
349 350 7000
350 351 7000
351 352 7000
352 353 7000
353 354 7000
354 355 7000
355 356 7000
356 357 7000
357 358 7000
358 359 7000
359 360 7000
360 361 7000
361 362 7000
362 363 7000
363 364 7000
364 365 7000
365 366 7000
366 367 7000
367 368 7000
368 369 7000
369 370 7000
370 371 7000
371 372 7000
372 373 7000
373 374 7000
374 375 7000
375 376 7000
376 377 7000
377 378 7000
378 379 7000
379 380 7000
380 381 7000
381 382 7000
382 383 7000
383 384 7000
384 385 7000
385 386 7000
386 387 7000
387 388 7000
388 389 7000
389 390 7000
390 391 7000
391 392 7000
392 393 7000
393 394 7000
394 395 7000
395 396 7000
396 397 7000
397 398 7000
398 399 7000
399 400 7000
400 401 7000
401 402 7000
402 403 7000
403 404 7000
404 405 7000
405 406 7000
406 407 7000
407 408 7000
408 409 7000
409 410 7000
410 411 7000
411 412 7000
412 413 7000
413 414 7000
414 415 7000
415 416 7000
416 417 7000
417 418 7000
418 419 7000
419 420 7000
420 421 7000
421 422 7000
422 423 7000
423 424 7000
424 425 7000
425 426 7000
426 427 7000
427 428 7000
428 429 7000
429 430 7000
430 431 7000
431 432 7000
432 433 7000
433 434 7000
434 435 7000
435 436 7000
436 437 7000
437 438 7000
438 439 7000
439 440 7000
440 441 7000
441 442 7000
442 443 7000
443 444 7000
444 445 7000
445 446 7000
446 447 7000
447 448 7000
448 449 7000
449 450 7000
450 451 7000
451 452 7000
452 453 7000
453 454 7000
454 455 7000
455 456 7000
456 457 7000
457 458 7000
458 459 7000
459 460 7000
460 461 7000
461 462 7000
462 463 7000
463 464 7000
464 465 7000
465 466 7000
466 467 7000
467 468 7000
468 469 7000
469 470 7000
470 471 7000
471 472 7000
472 473 7000
473 474 7000
474 475 7000
475 476 7000
476 477 7000
477 478 7000
478 479 7000
479 480 7000
480 481 7000
481 482 7000
482 483 7000
483 484 7000
484 485 7000
485 486 7000
486 487 7000
487 488 7000
488 489 7000
489 490 7000
490 491 7000
491 492 7000
492 493 7000
493 494 7000
494 495 7000
495 496 7000
496 497 7000
497 498 7000
498 499 7000
499 500 7000
500 501 7000
501 502 7000
502 503 7000
503 504 7000
504 505 7000
505 506 7000
506 507 7000
507 508 7000
508 509 7000
509 510 7000
510 511 7000
511 512 7000
512 513 7000
513 514 7000
514 515 7000
515 516 7000
516 517 7000
517 518 7000
518 519 7000
519 520 7000
520 521 7000
521 522 7000
522 523 7000
523 524 7000
524 525 7000
525 526 7000
526 527 7000
527 528 7000
528 529 7000
529 530 7000
530 531 7000
531 532 7000
532 533 7000
533 534 7000
534 535 7000
535 536 7000
536 537 7000
537 538 7000
538 539 7000
539 540 7000
540 541 7000
541 542 7000
542 543 7000
543 544 7000
544 545 7000
545 546 7000
546 547 7000
547 548 7000
548 549 7000
549 550 7000
550 551 7000
551 552 7000
552 553 7000
553 554 7000
554 555 7000
555 556 7000
556 557 7000
557 558 7000
558 559 7000
559 560 7000
560 561 7000
561 562 7000
562 563 7000
563 564 7000
564 565 7000
565 566 7000
566 567 7000
567 568 7000
568 569 7000
569 570 7000
570 571 7000
571 572 7000
572 573 7000
573 574 7000
574 575 7000
575 576 7000
576 577 7000
577 578 7000
578 579 7000
579 580 7000
580 581 7000
581 582 7000
582 583 7000
583 584 7000
584 585 7000
585 586 7000
586 587 7000
587 588 7000
588 589 7000
589 590 7000
590 591 7000
591 592 7000
592 593 7000
593 594 7000
594 595 7000
595 596 7000
596 597 7000
597 598 7000
598 599 7000
599 600 7000
600 601 7000
601 602 7000
602 603 7000
603 604 7000
604 605 7000
605 606 7000
606 607 7000
607 608 7000
608 609 7000
609 610 7000
610 611 7000
611 612 7000
612 613 7000
613 614 7000
614 615 7000
615 616 7000
616 617 7000
617 618 7000
618 619 7000
619 620 7000
620 621 7000
621 622 7000
622 623 7000
623 624 7000
624 625 7000
625 626 7000
626 627 7000
627 628 7000
628 629 7000
629 630 7000
630 631 7000
631 632 7000
632 633 7000
633 634 7000
634 635 7000
635 636 7000
636 637 7000
637 638 7000
638 639 7000
639 640 7000
640 641 7000
641 642 7000
642 643 7000
643 644 7000
644 645 7000
645 646 7000
646 647 7000
647 648 7000
648 649 7000
649 650 7000
650 651 7000
651 652 7000
652 653 7000
653 654 7000
654 655 7000
655 656 7000
656 657 7000
657 658 7000
658 659 7000
659 660 7000
660 661 7000
661 662 7000
662 663 7000
663 664 7000
664 665 7000
665 666 7000
666 667 7000
667 668 7000
668 669 7000
669 670 7000
670 671 7000
671 672 7000
672 673 7000
673 674 7000
674 675 7000
675 676 7000
676 677 7000
677 678 7000
678 679 7000
679 680 7000
680 681 7000
681 682 7000
682 683 7000
683 684 7000
684 685 7000
685 686 7000
686 687 7000
687 688 7000
688 689 7000
689 690 7000
690 691 7000
691 692 7000
692 693 7000
693 694 7000
694 695 7000
695 696 7000
696 697 7000
697 698 7000
698 699 7000
49 95 7000
196 682 7000
306 565 7000
47 218 7000
165 530 7000
273 608 7000
100 314 7000
337 650 7000
205 455 7000
88 694 7000
146 481 7000
253 663 7000
320 490 7000
250 337 7000
141 181 7000
119 439 7000
233 650 7000
304 329 7000
27 529 7000
329 669 7000
43 430 7000
187 658 7000
237 424 7000
45 550 7000
318 605 7000
32 552 7000
129 436 7000
255 484 7000
56 273 7000
83 352 7000
263 662 7000
272 340 7000
82 525 7000
344 488 7000
194 554 7000
132 464 7000
70 289 7000
19 659 7000
289 530 7000
240 633 7000
273 443 7000
271 517 7000
104 187 7000
164 315 7000
117 234 7000
286 491 7000
111 611 7000
227 363 7000
116 367 7000
332 376 7000
336 535 7000
331 448 7000
143 407 7000
66 401 7000
6 429 7000
309 569 7000
42 688 7000
294 460 7000
61 453 7000
73 257 7000
7 34 7000
334 618 7000
184 344 7000
285 639 7000
209 622 7000
287 510 7000
65 333 7000
264 365 7000
323 669 7000
202 347 7000
42 220 7000
69 278 7000
247 302 7000
266 459 7000
268 577 7000
200 602 7000
309 470 7000
39 86 7000
80 322 7000
228 574 7000
277 651 7000
112 562 7000
98 270 7000
106 381 7000
181 281 7000
139 519 7000
46 502 7000
247 435 7000
30 436 7000
256 551 7000
101 584 7000
64 588 7000
323 616 7000
229 282 7000
327 420 7000
40 318 7000
208 475 7000
276 595 7000
81 570 7000
55 229 7000
285 628 7000
255 658 7000
271 372 7000
288 470 7000
114 163 7000
34 530 7000
155 468 7000
88 644 7000
255 542 7000
41 546 7000
19 283 7000
118 426 7000
136 420 7000
74 502 7000
165 629 7000
197 446 7000
200 203 7000
45 585 7000
252 266 7000
93 561 7000
93 624 7000
58 91 7000
189 321 7000
340 431 7000
180 509 7000
112 168 7000
95 282 7000
339 373 7000
236 684 7000
162 461 7000
160 486 7000
69 344 7000
27 63 7000
23 358 7000
254 382 7000
333 394 7000
20 145 7000
175 680 7000
303 663 7000
13 158 7000
146 199 7000
343 515 7000
180 409 7000
329 383 7000
219 234 7000
346 526 7000
72 662 7000
349 657 7000
259 292 7000
70 78 7000
109 601 7000
275 586 7000
106 449 7000
119 526 7000
133 653 7000
32 220 7000
276 382 7000
80 365 7000
279 608 7000
268 295 7000
24 663 7000
127 366 7000
229 413 7000
34 343 7000
234 366 7000
89 434 7000
95 537 7000
66 188 7000
113 502 7000
265 311 7000
132 352 7000
53 259 7000
348 680 7000
174 398 7000
141 447 7000
270 587 7000
319 578 7000
225 424 7000
218 279 7000
161 490 7000
303 575 7000
73 187 7000
285 662 7000
117 485 7000
313 664 7000
173 640 7000
147 549 7000
345 639 7000
141 658 7000
6 228 7000
133 187 7000
297 355 7000
282 567 7000
298 480 7000
47 368 7000
266 648 7000
333 689 7000
331 481 7000
254 361 7000
227 639 7000
150 466 7000
207 581 7000
239 538 7000
334 508 7000
87 90 7000
175 396 7000
19 458 7000
123 186 7000
113 287 7000
254 312 7000
117 215 7000
346 512 7000
42 564 7000
273 300 7000
72 97 7000
271 453 7000
164 241 7000
218 231 7000
110 512 7000
108 555 7000
58 570 7000
311 612 7000
168 495 7000
14 588 7000
99 292 7000
329 452 7000
240 450 7000
23 462 7000
140 182 7000
230 237 7000
330 649 7000
72 256 7000
180 218 7000
24 655 7000
269 517 7000
224 462 7000
233 404 7000
52 580 7000
62 598 7000
123 297 7000
94 540 7000
21 229 7000
196 477 7000
249 272 7000
28 475 7000
343 645 7000
114 625 7000
253 696 7000
196 581 7000
131 635 7000
209 622 7000
148 263 7000
14 336 7000
32 648 7000
257 352 7000
132 407 7000
131 257 7000
92 614 7000
233 294 7000
25 254 7000
37 105 7000
250 429 7000
186 552 7000
249 496 7000
157 553 7000
6 591 7000
111 300 7000
234 491 7000
168 338 7000
170 553 7000
108 123 7000
219 359 7000
77 552 7000
5 337 7000
258 692 7000
98 500 7000
320 487 7000
314 446 7000
327 375 7000
30 284 7000
190 228 7000
59 301 7000
87 671 7000
86 288 7000
282 297 7000
230 683 7000
344 677 7000
207 554 7000
74 291 7000
17 654 7000
73 316 7000
94 303 7000
255 585 7000
127 386 7000
303 651 7000
198 334 7000
91 695 7000
68 336 7000
272 611 7000
293 580 7000
290 312 7000
276 532 7000
150 433 7000
124 194 7000
246 333 7000
327 549 7000
243 501 7000
256 376 7000
223 558 7000
178 627 7000
25 388 7000
302 563 7000
258 689 7000
172 435 7000
332 368 7000
41 661 7000
192 498 7000
275 342 7000
183 620 7000
20 264 7000
253 653 7000
263 391 7000
152 197 7000
305 554 7000
96 473 7000
35 591 7000
100 448 7000
332 387 7000
46 689 7000
41 395 7000
350 598 7000
309 529 7000
27 491 7000
231 479 7000
306 483 7000
161 290 7000
93 662 7000
152 450 7000
346 631 7000
108 347 7000
346 437 7000
40 101 7000
264 357 7000
165 480 7000
63 387 7000
35 422 7000
263 267 7000
193 219 7000
49 449 7000
287 378 7000
310 393 7000
9 406 7000
270 521 7000
11 340 7000
50 182 7000
295 522 7000
264 685 7000
93 114 7000
233 333 7000
176 500 7000
229 604 7000
43 298 7000
5 121 7000
231 557 7000
52 699 7000
323 503 7000
67 364 7000
101 498 7000
196 262 7000
110 134 7000
236 623 7000
86 592 7000
18 50 7000
139 164 7000
266 604 7000
274 589 7000
134 195 7000
12 340 7000
221 522 7000
42 369 7000
106 181 7000
330 343 7000
99 500 7000
214 583 7000
214 615 7000
33 165 7000
215 474 7000
239 618 7000
61 524 7000
342 644 7000
131 660 7000
146 597 7000
323 645 7000
300 425 7000
38 499 7000
309 565 7000
282 643 7000
258 339 7000
117 273 7000
163 196 7000
348 609 7000
113 235 7000
4 547 7000
65 665 7000
280 436 7000
203 559 7000
135 403 7000
100 415 7000
121 562 7000
260 447 7000
172 686 7000
65 170 7000
264 321 7000
110 112 7000
123 556 7000
306 673 7000
154 405 7000
37 42 7000
224 560 7000
299 677 7000
346 461 7000
177 243 7000
350 639 7000
164 333 7000
241 387 7000
98 401 7000
318 528 7000
206 413 7000
58 296 7000
340 698 7000
86 333 7000
312 519 7000
139 272 7000
219 620 7000
347 367 7000
13 398 7000
128 218 7000
332 592 7000
237 668 7000
24 456 7000
32 404 7000
144 607 7000
342 645 7000
336 634 7000
59 504 7000
125 158 7000
221 631 7000
19 179 7000
168 472 7000
131 138 7000
3 12 7000
205 272 7000
226 606 7000
289 469 7000
38 518 7000
140 603 7000
282 375 7000
53 477 7000
218 490 7000
181 318 7000
287 399 7000
46 152 7000
63 200 7000
26 186 7000
205 234 7000
89 613 7000
180 651 7000
334 495 7000
139 573 7000
18 623 7000
76 588 7000
46 244 7000
87 642 7000
188 662 7000
29 165 7000
185 276 7000
109 344 7000
233 632 7000
244 324 7000
118 218 7000
289 452 7000
350 488 7000
255 514 7000
234 580 7000
196 364 7000
259 598 7000
348 680 7000
148 594 7000
2 341 7000
340 654 7000
347 532 7000
1 233 7000
185 312 7000
245 292 7000
3 306 7000
327 531 7000
67 330 7000
323 617 7000
201 559 7000
75 612 7000
4 570 7000
263 516 7000
53 148 7000
12 256 7000
51 226 7000
316 559 7000
282 312 7000
266 481 7000
51 264 7000
59 592 7000
130 671 7000
88 299 7000
275 333 7000
269 525 7000
311 500 7000
234 580 7000
293 545 7000
71 641 7000
80 326 7000
218 272 7000
340 358 7000
19 657 7000
58 254 7000
193 541 7000
258 582 7000
183 456 7000
296 407 7000
71 622 7000
337 370 7000
123 188 7000
54 160 7000
239 631 7000
76 106 7000
308 377 7000
164 533 7000
3 141 7000
83 622 7000
232 311 7000
127 468 7000
93 696 7000
309 631 7000
24 429 7000
90 342 7000
208 244 7000
23 299 7000
275 491 7000
101 220 7000
270 500 7000
51 368 7000
136 164 7000
287 421 7000
323 542 7000
84 557 7000
22 335 7000
114 664 7000
250 426 7000
287 552 7000
259 606 7000
114 625 7000
260 585 7000
132 190 7000
54 647 7000
9 421 7000
20 250 7000
75 434 7000
199 452 7000
173 418 7000
30 185 7000
7 308 7000
315 676 7000
81 101 7000
157 282 7000
248 666 7000
60 623 7000
146 525 7000
276 384 7000
315 406 7000
303 561 7000
42 511 7000
324 525 7000
135 500 7000
130 625 7000
68 627 7000
210 373 7000
310 598 7000
220 519 7000
229 296 7000
102 222 7000
160 607 7000
12 540 7000
285 689 7000
87 175 7000
62 359 7000
129 336 7000
274 475 7000
193 571 7000
98 205 7000
321 608 7000
64 508 7000
8 59 7000
226 339 7000
82 254 7000
249 396 7000
316 369 7000
120 456 7000
290 679 7000
1 639 7000
87 476 7000
5 493 7000
167 431 7000
202 452 7000
315 580 7000
192 592 7000
204 663 7000
319 602 7000
122 342 7000
276 394 7000
167 571 7000
230 505 7000
14 209 7000
22 324 7000
106 140 7000
60 322 7000
28 656 7000
93 159 7000
193 357 7000
259 607 7000
130 479 7000
295 474 7000
37 545 7000
226 679 7000
304 685 7000
124 237 7000
313 608 7000
12 203 7000
50 162 7000
82 414 7000
55 109 7000
341 364 7000
170 371 7000
272 379 7000
315 407 7000
1 544 7000
343 358 7000
231 617 7000
167 253 7000
330 394 7000
16 635 7000
54 617 7000
224 430 7000
88 163 7000
292 561 7000
113 336 7000
45 223 7000
210 693 7000
140 151 7000
350 571 7000
337 608 7000
136 671 7000
245 319 7000
232 501 7000
158 685 7000
94 208 7000
35 122 7000
344 369 7000
2 507 7000
347 488 7000
93 175 7000
99 537 7000
292 427 7000
160 506 7000
15 202 7000
9 97 7000
157 344 7000
322 679 7000
233 314 7000
187 431 7000
240 583 7000
88 430 7000
86 118 7000
310 465 7000
197 237 7000
281 331 7000
75 661 7000
42 404 7000
8 224 7000
334 458 7000
274 602 7000
140 266 7000
340 466 7000
302 603 7000
83 225 7000
166 687 7000
238 299 7000
243 557 7000
68 371 7000
