0 1 7040
1 2 7040
2 3 7040
3 4 7040
4 5 7040
5 6 7040
6 7 7040
7 8 7040
8 9 7040
9 10 7040
10 11 7040
11 12 7040
12 13 7040
13 14 7040
14 15 7040
15 16 7040
16 17 7040
17 18 7040
18 19 7040
19 20 7040
20 21 7040
21 22 7040
22 23 7040
23 24 7040
24 25 7040
25 26 7040
26 27 7040
27 28 7040
28 29 7040
29 30 7040
30 31 7040
31 32 7040
32 33 7040
33 34 7040
34 35 7040
35 36 7040
36 37 7040
37 38 7040
38 39 7040
39 40 7040
40 41 7040
41 42 7040
42 43 7040
43 44 7040
44 45 7040
45 46 7040
46 47 7040
47 48 7040
48 49 7040
49 50 7040
50 51 7040
51 52 7040
52 53 7040
53 54 7040
54 55 7040
55 56 7040
56 57 7040
57 58 7040
58 59 7040
59 60 7040
60 61 7040
61 62 7040
62 63 7040
63 64 7040
64 65 7040
65 66 7040
66 67 7040
67 68 7040
68 69 7040
69 70 7040
70 71 7040
71 72 7040
72 73 7040
73 74 7040
74 75 7040
75 76 7040
76 77 7040
77 78 7040
78 79 7040
79 80 7040
80 81 7040
81 82 7040
82 83 7040
83 84 7040
84 85 7040
85 86 7040
86 87 7040
87 88 7040
88 89 7040
89 90 7040
90 91 7040
91 92 7040
92 93 7040
93 94 7040
94 95 7040
95 96 7040
96 97 7040
97 98 7040
98 99 7040
99 100 7040
100 101 7040
101 102 7040
102 103 7040
103 104 7040
104 105 7040
105 106 7040
106 107 7040
107 108 7040
108 109 7040
109 110 7040
110 111 7040
111 112 7040
112 113 7040
113 114 7040
114 115 7040
115 116 7040
116 117 7040
117 118 7040
118 119 7040
119 120 7040
120 121 7040
121 122 7040
122 123 7040
123 124 7040
124 125 7040
125 126 7040
126 127 7040
127 128 7040
128 129 7040
129 130 7040
130 131 7040
131 132 7040
132 133 7040
133 134 7040
134 135 7040
135 136 7040
136 137 7040
137 138 7040
138 139 7040
139 140 7040
140 141 7040
141 142 7040
142 143 7040
143 144 7040
144 145 7040
145 146 7040
146 147 7040
147 148 7040
148 149 7040
149 150 7040
150 151 7040
151 152 7040
152 153 7040
153 154 7040
154 155 7040
155 156 7040
156 157 7040
157 158 7040
158 159 7040
159 160 7040
160 161 7040
161 162 7040
162 163 7040
163 164 7040
164 165 7040
165 166 7040
166 167 7040
167 168 7040
168 169 7040
169 170 7040
170 171 7040
171 172 7040
172 173 7040
173 174 7040
174 175 7040
175 176 7040
176 177 7040
177 178 7040
178 179 7040
179 180 7040
180 181 7040
181 182 7040
182 183 7040
183 184 7040
184 185 7040
185 186 7040
186 187 7040
187 188 7040
188 189 7040
189 190 7040
190 191 7040
191 192 7040
192 193 7040
193 194 7040
194 195 7040
195 196 7040
196 197 7040
197 198 7040
198 199 7040
199 200 7040
200 201 7040
201 202 7040
202 203 7040
203 204 7040
204 205 7040
205 206 7040
206 207 7040
207 208 7040
208 209 7040
209 210 7040
210 211 7040
211 212 7040
212 213 7040
213 214 7040
214 215 7040
215 216 7040
216 217 7040
217 218 7040
218 219 7040
219 220 7040
220 221 7040
221 222 7040
222 223 7040
223 224 7040
224 225 7040
225 226 7040
226 227 7040
227 228 7040
228 229 7040
229 230 7040
230 231 7040
231 232 7040
232 233 7040
233 234 7040
234 235 7040
235 236 7040
236 237 7040
237 238 7040
238 239 7040
239 240 7040
240 241 7040
241 242 7040
242 243 7040
243 244 7040
244 245 7040
245 246 7040
246 247 7040
247 248 7040
248 249 7040
249 250 7040
250 251 7040
251 252 7040
252 253 7040
253 254 7040
254 255 7040
255 256 7040
256 257 7040
257 258 7040
258 259 7040
259 260 7040
260 261 7040
261 262 7040
262 263 7040
263 264 7040
264 265 7040
265 266 7040
266 267 7040
267 268 7040
268 269 7040
269 270 7040
270 271 7040
271 272 7040
272 273 7040
273 274 7040
274 275 7040
275 276 7040
276 277 7040
277 278 7040
278 279 7040
279 280 7040
280 281 7040
281 282 7040
282 283 7040
283 284 7040
284 285 7040
285 286 7040
286 287 7040
287 288 7040
288 289 7040
289 290 7040
290 291 7040
291 292 7040
292 293 7040
293 294 7040
294 295 7040
295 296 7040
296 297 7040
297 298 7040
298 299 7040
299 300 7040
300 301 7040
301 302 7040
302 303 7040
303 304 7040
304 305 7040
305 306 7040
306 307 7040
307 308 7040
308 309 7040
309 310 7040
310 311 7040
311 312 7040
312 313 7040
313 314 7040
314 315 7040
315 316 7040
316 317 7040
317 318 7040
318 319 7040
319 320 7040
320 321 7040
321 322 7040
322 323 7040
323 324 7040
324 325 7040
325 326 7040
326 327 7040
327 328 7040
328 329 7040
329 330 7040
330 331 7040
331 332 7040
332 333 7040
333 334 7040
334 335 7040
335 336 7040
336 337 7040
337 338 7040
338 339 7040
339 340 7040
340 341 7040
341 342 7040
342 343 7040
343 344 7040
344 345 7040
345 346 7040
346 347 7040
347 348 7040
348 349 7040
349 350 7040
350 351 7040
351 352 7040
352 353 7040
353 354 7040
354 355 7040
355 356 7040
356 357 7040
357 358 7040
358 359 7040
359 360 7040
360 361 7040
361 362 7040
362 363 7040
363 364 7040
364 365 7040
365 366 7040
366 367 7040
367 368 7040
368 369 7040
369 370 7040
370 371 7040
371 372 7040
372 373 7040
373 374 7040
374 375 7040
375 376 7040
376 377 7040
377 378 7040
378 379 7040
379 380 7040
380 381 7040
381 382 7040
382 383 7040
383 384 7040
384 385 7040
385 386 7040
386 387 7040
387 388 7040
388 389 7040
389 390 7040
390 391 7040
391 392 7040
392 393 7040
393 394 7040
394 395 7040
395 396 7040
396 397 7040
397 398 7040
398 399 7040
399 400 7040
400 401 7040
401 402 7040
402 403 7040
403 404 7040
404 405 7040
405 406 7040
406 407 7040
407 408 7040
408 409 7040
409 410 7040
410 411 7040
411 412 7040
412 413 7040
413 414 7040
414 415 7040
415 416 7040
416 417 7040
417 418 7040
418 419 7040
419 420 7040
420 421 7040
421 422 7040
422 423 7040
423 424 7040
424 425 7040
425 426 7040
426 427 7040
427 428 7040
428 429 7040
429 430 7040
430 431 7040
431 432 7040
432 433 7040
433 434 7040
434 435 7040
435 436 7040
436 437 7040
437 438 7040
438 439 7040
439 440 7040
440 441 7040
441 442 7040
442 443 7040
443 444 7040
444 445 7040
445 446 7040
446 447 7040
447 448 7040
448 449 7040
449 450 7040
450 451 7040
451 452 7040
452 453 7040
453 454 7040
454 455 7040
455 456 7040
456 457 7040
457 458 7040
458 459 7040
459 460 7040
460 461 7040
461 462 7040
462 463 7040
463 464 7040
464 465 7040
465 466 7040
466 467 7040
467 468 7040
468 469 7040
469 470 7040
470 471 7040
471 472 7040
472 473 7040
473 474 7040
474 475 7040
475 476 7040
476 477 7040
477 478 7040
478 479 7040
479 480 7040
480 481 7040
481 482 7040
482 483 7040
483 484 7040
484 485 7040
485 486 7040
486 487 7040
487 488 7040
488 489 7040
489 490 7040
490 491 7040
491 492 7040
492 493 7040
493 494 7040
494 495 7040
495 496 7040
496 497 7040
497 498 7040
498 499 7040
499 500 7040
500 501 7040
501 502 7040
502 503 7040
503 504 7040
504 505 7040
505 506 7040
506 507 7040
507 508 7040
508 509 7040
509 510 7040
510 511 7040
511 512 7040
512 513 7040
513 514 7040
514 515 7040
515 516 7040
516 517 7040
517 518 7040
518 519 7040
519 520 7040
520 521 7040
521 522 7040
522 523 7040
523 524 7040
524 525 7040
525 526 7040
526 527 7040
527 528 7040
528 529 7040
529 530 7040
530 531 7040
531 532 7040
532 533 7040
533 534 7040
534 535 7040
535 536 7040
536 537 7040
537 538 7040
538 539 7040
539 540 7040
540 541 7040
541 542 7040
542 543 7040
543 544 7040
544 545 7040
545 546 7040
546 547 7040
547 548 7040
548 549 7040
549 550 7040
550 551 7040
551 552 7040
552 553 7040
553 554 7040
554 555 7040
555 556 7040
556 557 7040
557 558 7040
558 559 7040
559 560 7040
560 561 7040
561 562 7040
562 563 7040
563 564 7040
564 565 7040
565 566 7040
566 567 7040
567 568 7040
568 569 7040
569 570 7040
570 571 7040
571 572 7040
572 573 7040
573 574 7040
574 575 7040
575 576 7040
576 577 7040
577 578 7040
578 579 7040
579 580 7040
580 581 7040
581 582 7040
582 583 7040
583 584 7040
584 585 7040
585 586 7040
586 587 7040
587 588 7040
588 589 7040
589 590 7040
590 591 7040
591 592 7040
592 593 7040
593 594 7040
594 595 7040
595 596 7040
596 597 7040
597 598 7040
598 599 7040
599 600 7040
600 601 7040
601 602 7040
602 603 7040
603 604 7040
604 605 7040
605 606 7040
606 607 7040
607 608 7040
608 609 7040
609 610 7040
610 611 7040
611 612 7040
612 613 7040
613 614 7040
614 615 7040
615 616 7040
616 617 7040
617 618 7040
618 619 7040
619 620 7040
620 621 7040
621 622 7040
622 623 7040
623 624 7040
624 625 7040
625 626 7040
626 627 7040
627 628 7040
628 629 7040
629 630 7040
630 631 7040
631 632 7040
632 633 7040
633 634 7040
634 635 7040
635 636 7040
636 637 7040
637 638 7040
638 639 7040
639 640 7040
640 641 7040
641 642 7040
642 643 7040
643 644 7040
644 645 7040
645 646 7040
646 647 7040
647 648 7040
648 649 7040
649 650 7040
650 651 7040
651 652 7040
652 653 7040
653 654 7040
654 655 7040
655 656 7040
656 657 7040
657 658 7040
658 659 7040
659 660 7040
660 661 7040
661 662 7040
662 663 7040
663 664 7040
664 665 7040
665 666 7040
666 667 7040
667 668 7040
668 669 7040
669 670 7040
670 671 7040
671 672 7040
672 673 7040
673 674 7040
674 675 7040
675 676 7040
676 677 7040
677 678 7040
678 679 7040
679 680 7040
680 681 7040
681 682 7040
682 683 7040
683 684 7040
684 685 7040
685 686 7040
686 687 7040
687 688 7040
688 689 7040
689 690 7040
690 691 7040
691 692 7040
692 693 7040
693 694 7040
694 695 7040
695 696 7040
696 697 7040
697 698 7040
698 699 7040
699 700 7040
700 701 7040
701 702 7040
702 703 7040
332 507 7040
228 336 7040
242 423 7040
334 539 7040
139 661 7040
231 484 7040
128 647 7040
65 695 7040
243 332 7040
109 582 7040
201 564 7040
155 700 7040
53 627 7040
142 201 7040
19 248 7040
137 308 7040
158 278 7040
173 619 7040
10 687 7040
311 683 7040
14 653 7040
216 615 7040
91 165 7040
73 682 7040
107 464 7040
317 675 7040
31 628 7040
68 215 7040
65 372 7040
268 619 7040
171 404 7040
48 530 7040
182 226 7040
317 395 7040
260 601 7040
51 700 7040
109 527 7040
340 628 7040
19 470 7040
111 620 7040
75 687 7040
155 320 7040
237 297 7040
71 150 7040
7 349 7040
348 381 7040
58 290 7040
251 332 7040
250 456 7040
106 261 7040
288 385 7040
72 118 7040
316 503 7040
284 432 7040
222 372 7040
229 696 7040
267 551 7040
184 319 7040
38 259 7040
35 217 7040
328 507 7040
43 526 7040
230 350 7040
121 131 7040
213 347 7040
172 490 7040
289 609 7040
18 547 7040
79 351 7040
331 639 7040
29 441 7040
128 322 7040
223 463 7040
11 279 7040
23 55 7040
339 630 7040
310 561 7040
83 528 7040
56 459 7040
244 695 7040
8 374 7040
337 557 7040
237 339 7040
248 470 7040
349 684 7040
39 586 7040
128 210 7040
66 435 7040
72 346 7040
234 428 7040
101 701 7040
168 451 7040
308 587 7040
331 657 7040
265 383 7040
66 454 7040
157 446 7040
41 534 7040
189 233 7040
7 221 7040
302 374 7040
227 692 7040
22 406 7040
229 300 7040
189 431 7040
247 390 7040
78 223 7040
185 614 7040
329 623 7040
103 644 7040
221 703 7040
140 264 7040
248 363 7040
85 161 7040
193 437 7040
199 589 7040
115 501 7040
169 221 7040
230 466 7040
292 425 7040
15 618 7040
219 628 7040
195 386 7040
287 441 7040
32 529 7040
94 632 7040
193 650 7040
32 370 7040
224 555 7040
129 601 7040
337 369 7040
20 245 7040
41 50 7040
127 685 7040
46 228 7040
236 610 7040
27 524 7040
89 388 7040
301 685 7040
284 484 7040
119 415 7040
80 165 7040
126 180 7040
60 298 7040
26 470 7040
220 470 7040
53 444 7040
345 576 7040
180 238 7040
211 326 7040
77 404 7040
249 284 7040
81 305 7040
208 380 7040
308 646 7040
133 417 7040
49 479 7040
218 593 7040
182 294 7040
96 528 7040
243 417 7040
196 271 7040
316 554 7040
29 381 7040
155 341 7040
68 273 7040
172 682 7040
147 347 7040
272 456 7040
319 642 7040
153 341 7040
171 543 7040
211 309 7040
299 607 7040
177 393 7040
70 90 7040
285 332 7040
58 624 7040
8 396 7040
80 416 7040
129 149 7040
213 294 7040
199 491 7040
12 677 7040
134 386 7040
91 341 7040
139 664 7040
193 639 7040
79 666 7040
88 127 7040
31 563 7040
206 479 7040
109 118 7040
158 622 7040
58 438 7040
238 428 7040
6 540 7040
123 318 7040
48 538 7040
13 131 7040
79 521 7040
347 511 7040
81 203 7040
26 89 7040
87 597 7040
250 501 7040
205 679 7040
72 438 7040
165 189 7040
254 675 7040
32 242 7040
23 217 7040
218 514 7040
244 346 7040
120 322 7040
108 507 7040
315 495 7040
139 218 7040
349 624 7040
77 422 7040
167 633 7040
246 679 7040
18 517 7040
246 600 7040
46 166 7040
192 462 7040
312 450 7040
125 580 7040
125 135 7040
220 638 7040
204 361 7040
41 222 7040
69 668 7040
346 418 7040
351 616 7040
341 361 7040
172 277 7040
15 531 7040
208 428 7040
101 662 7040
346 594 7040
75 227 7040
20 282 7040
286 372 7040
104 514 7040
97 164 7040
203 579 7040
255 470 7040
189 691 7040
263 407 7040
55 629 7040
13 688 7040
73 427 7040
267 374 7040
162 606 7040
268 587 7040
80 590 7040
84 323 7040
222 662 7040
345 361 7040
275 283 7040
70 79 7040
336 579 7040
317 345 7040
45 542 7040
334 586 7040
122 341 7040
145 595 7040
126 162 7040
25 372 7040
186 339 7040
314 391 7040
157 498 7040
237 530 7040
338 467 7040
253 527 7040
47 702 7040
146 179 7040
93 423 7040
32 247 7040
224 414 7040
322 426 7040
210 564 7040
158 471 7040
349 448 7040
344 520 7040
0 617 7040
264 424 7040
136 523 7040
322 537 7040
28 682 7040
225 609 7040
77 474 7040
119 329 7040
292 415 7040
118 520 7040
107 694 7040
186 553 7040
84 433 7040
344 462 7040
47 579 7040
152 360 7040
241 426 7040
330 676 7040
117 507 7040
257 312 7040
50 435 7040
272 700 7040
109 434 7040
322 622 7040
143 503 7040
289 574 7040
161 320 7040
11 663 7040
194 428 7040
64 511 7040
35 509 7040
148 411 7040
168 243 7040
233 564 7040
135 466 7040
98 441 7040
352 590 7040
319 335 7040
232 650 7040
71 665 7040
22 126 7040
2 201 7040
136 196 7040
209 444 7040
33 343 7040
340 454 7040
255 492 7040
315 492 7040
292 630 7040
189 431 7040
38 568 7040
170 470 7040
131 602 7040
74 543 7040
23 267 7040
202 227 7040
114 549 7040
339 421 7040
112 243 7040
42 129 7040
93 440 7040
339 637 7040
133 465 7040
8 78 7040
111 353 7040
149 323 7040
32 103 7040
305 672 7040
275 462 7040
69 147 7040
6 365 7040
82 441 7040
205 399 7040
237 691 7040
22 459 7040
234 697 7040
145 258 7040
273 404 7040
294 348 7040
320 432 7040
296 325 7040
289 601 7040
289 550 7040
146 165 7040
249 699 7040
289 694 7040
150 523 7040
320 433 7040
179 616 7040
339 485 7040
197 703 7040
300 473 7040
57 116 7040
87 583 7040
163 216 7040
334 361 7040
82 344 7040
211 248 7040
346 418 7040
184 296 7040
317 333 7040
9 532 7040
2 141 7040
243 672 7040
81 655 7040
239 693 7040
285 398 7040
38 443 7040
111 179 7040
92 161 7040
39 130 7040
332 581 7040
48 105 7040
341 467 7040
167 415 7040
11 529 7040
268 642 7040
269 606 7040
34 333 7040
4 278 7040
328 388 7040
225 443 7040
151 573 7040
303 608 7040
136 615 7040
74 433 7040
345 681 7040
86 529 7040
99 588 7040
149 285 7040
292 624 7040
18 232 7040
215 674 7040
343 597 7040
228 614 7040
123 308 7040
243 440 7040
152 621 7040
184 401 7040
210 339 7040
120 475 7040
51 166 7040
127 346 7040
7 630 7040
307 355 7040
33 480 7040
145 666 7040
185 548 7040
162 327 7040
227 330 7040
311 666 7040
235 669 7040
214 596 7040
177 353 7040
303 649 7040
35 76 7040
231 633 7040
93 348 7040
193 496 7040
338 589 7040
340 425 7040
102 508 7040
1 135 7040
199 443 7040
107 307 7040
222 584 7040
247 430 7040
250 425 7040
236 314 7040
347 491 7040
281 593 7040
284 510 7040
85 314 7040
221 400 7040
29 589 7040
32 499 7040
165 372 7040
171 277 7040
211 542 7040
22 165 7040
118 665 7040
91 178 7040
22 590 7040
39 256 7040
286 617 7040
325 434 7040
272 456 7040
212 250 7040
179 427 7040
56 635 7040
236 316 7040
43 499 7040
18 389 7040
155 520 7040
95 392 7040
34 102 7040
93 482 7040
251 265 7040
66 416 7040
211 485 7040
176 674 7040
286 358 7040
334 375 7040
349 599 7040
284 568 7040
174 457 7040
118 512 7040
278 517 7040
285 407 7040
242 370 7040
201 606 7040
267 591 7040
152 609 7040
84 611 7040
159 693 7040
39 139 7040
67 632 7040
127 664 7040
100 559 7040
267 631 7040
175 397 7040
241 302 7040
66 378 7040
10 320 7040
254 450 7040
94 480 7040
124 194 7040
115 305 7040
10 172 7040
114 455 7040
37 423 7040
264 670 7040
188 328 7040
37 40 7040
267 595 7040
204 676 7040
157 658 7040
305 517 7040
94 385 7040
130 233 7040
120 469 7040
262 334 7040
271 663 7040
277 556 7040
205 620 7040
337 386 7040
76 504 7040
216 434 7040
41 133 7040
38 607 7040
15 698 7040
346 519 7040
155 609 7040
326 559 7040
72 539 7040
59 498 7040
108 528 7040
21 547 7040
132 645 7040
245 698 7040
165 462 7040
179 642 7040
302 628 7040
166 250 7040
35 313 7040
228 463 7040
147 631 7040
101 384 7040
175 407 7040
37 668 7040
303 659 7040
190 325 7040
165 648 7040
263 450 7040
96 227 7040
120 560 7040
163 435 7040
211 365 7040
61 548 7040
94 598 7040
18 339 7040
259 317 7040
306 354 7040
131 411 7040
260 631 7040
105 583 7040
154 207 7040
330 432 7040
22 676 7040
274 602 7040
294 409 7040
329 537 7040
89 510 7040
293 336 7040
67 112 7040
264 298 7040
93 141 7040
76 158 7040
302 518 7040
136 596 7040
269 455 7040
154 188 7040
124 606 7040
47 239 7040
264 529 7040
193 665 7040
124 341 7040
59 433 7040
139 339 7040
171 201 7040
21 503 7040
292 328 7040
38 427 7040
181 578 7040
308 435 7040
258 502 7040
297 372 7040
86 637 7040
237 260 7040
172 340 7040
216 510 7040
23 222 7040
5 98 7040
122 377 7040
313 578 7040
46 506 7040
104 191 7040
260 617 7040
86 333 7040
158 204 7040
232 499 7040
310 412 7040
331 641 7040
50 576 7040
250 577 7040
305 513 7040
170 219 7040
206 488 7040
0 51 7040
71 231 7040
205 498 7040
326 434 7040
216 528 7040
215 275 7040
123 135 7040
261 664 7040
169 393 7040
198 661 7040
50 229 7040
330 362 7040
167 486 7040
97 442 7040
238 565 7040
12 641 7040
239 496 7040
82 129 7040
144 600 7040
196 279 7040
76 481 7040
77 240 7040
162 673 7040
253 383 7040
0 4 7040
90 542 7040
178 670 7040
303 529 7040
202 516 7040
25 382 7040
276 351 7040
323 526 7040
257 336 7040
3 112 7040
336 575 7040
226 396 7040
133 373 7040
312 685 7040
256 524 7040
42 627 7040
250 605 7040
193 636 7040
158 698 7040
316 662 7040
187 288 7040
204 461 7040
103 480 7040
249 426 7040
295 298 7040
209 379 7040
331 334 7040
108 543 7040
37 609 7040
272 277 7040
240 328 7040
120 629 7040
32 148 7040
137 285 7040
150 276 7040
78 436 7040
240 262 7040
50 99 7040
119 238 7040
51 149 7040
115 406 7040
199 547 7040
101 542 7040
202 611 7040
196 389 7040
58 612 7040
271 555 7040
81 496 7040
101 570 7040
128 524 7040
181 461 7040
193 689 7040
