0 1 7080
1 2 7080
2 3 7080
3 4 7080
4 5 7080
5 6 7080
6 7 7080
7 8 7080
8 9 7080
9 10 7080
10 11 7080
11 12 7080
12 13 7080
13 14 7080
14 15 7080
15 16 7080
16 17 7080
17 18 7080
18 19 7080
19 20 7080
20 21 7080
21 22 7080
22 23 7080
23 24 7080
24 25 7080
25 26 7080
26 27 7080
27 28 7080
28 29 7080
29 30 7080
30 31 7080
31 32 7080
32 33 7080
33 34 7080
34 35 7080
35 36 7080
36 37 7080
37 38 7080
38 39 7080
39 40 7080
40 41 7080
41 42 7080
42 43 7080
43 44 7080
44 45 7080
45 46 7080
46 47 7080
47 48 7080
48 49 7080
49 50 7080
50 51 7080
51 52 7080
52 53 7080
53 54 7080
54 55 7080
55 56 7080
56 57 7080
57 58 7080
58 59 7080
59 60 7080
60 61 7080
61 62 7080
62 63 7080
63 64 7080
64 65 7080
65 66 7080
66 67 7080
67 68 7080
68 69 7080
69 70 7080
70 71 7080
71 72 7080
72 73 7080
73 74 7080
74 75 7080
75 76 7080
76 77 7080
77 78 7080
78 79 7080
79 80 7080
80 81 7080
81 82 7080
82 83 7080
83 84 7080
84 85 7080
85 86 7080
86 87 7080
87 88 7080
88 89 7080
89 90 7080
90 91 7080
91 92 7080
92 93 7080
93 94 7080
94 95 7080
95 96 7080
96 97 7080
97 98 7080
98 99 7080
99 100 7080
100 101 7080
101 102 7080
102 103 7080
103 104 7080
104 105 7080
105 106 7080
106 107 7080
107 108 7080
108 109 7080
109 110 7080
110 111 7080
111 112 7080
112 113 7080
113 114 7080
114 115 7080
115 116 7080
116 117 7080
117 118 7080
118 119 7080
119 120 7080
120 121 7080
121 122 7080
122 123 7080
123 124 7080
124 125 7080
125 126 7080
126 127 7080
127 128 7080
128 129 7080
129 130 7080
130 131 7080
131 132 7080
132 133 7080
133 134 7080
134 135 7080
135 136 7080
136 137 7080
137 138 7080
138 139 7080
139 140 7080
140 141 7080
141 142 7080
142 143 7080
143 144 7080
144 145 7080
145 146 7080
146 147 7080
147 148 7080
148 149 7080
149 150 7080
150 151 7080
151 152 7080
152 153 7080
153 154 7080
154 155 7080
155 156 7080
156 157 7080
157 158 7080
158 159 7080
159 160 7080
160 161 7080
161 162 7080
162 163 7080
163 164 7080
164 165 7080
165 166 7080
166 167 7080
167 168 7080
168 169 7080
169 170 7080
170 171 7080
171 172 7080
172 173 7080
173 174 7080
174 175 7080
175 176 7080
176 177 7080
177 178 7080
178 179 7080
179 180 7080
180 181 7080
181 182 7080
182 183 7080
183 184 7080
184 185 7080
185 186 7080
186 187 7080
187 188 7080
188 189 7080
189 190 7080
190 191 7080
191 192 7080
192 193 7080
193 194 7080
194 195 7080
195 196 7080
196 197 7080
197 198 7080
198 199 7080
199 200 7080
200 201 7080
201 202 7080
202 203 7080
203 204 7080
204 205 7080
205 206 7080
206 207 7080
207 208 7080
208 209 7080
209 210 7080
210 211 7080
211 212 7080
212 213 7080
213 214 7080
214 215 7080
215 216 7080
216 217 7080
217 218 7080
218 219 7080
219 220 7080
220 221 7080
221 222 7080
222 223 7080
223 224 7080
224 225 7080
225 226 7080
226 227 7080
227 228 7080
228 229 7080
229 230 7080
230 231 7080
231 232 7080
232 233 7080
233 234 7080
234 235 7080
235 236 7080
236 237 7080
237 238 7080
238 239 7080
239 240 7080
240 241 7080
241 242 7080
242 243 7080
243 244 7080
244 245 7080
245 246 7080
246 247 7080
247 248 7080
248 249 7080
249 250 7080
250 251 7080
251 252 7080
252 253 7080
253 254 7080
254 255 7080
255 256 7080
256 257 7080
257 258 7080
258 259 7080
259 260 7080
260 261 7080
261 262 7080
262 263 7080
263 264 7080
264 265 7080
265 266 7080
266 267 7080
267 268 7080
268 269 7080
269 270 7080
270 271 7080
271 272 7080
272 273 7080
273 274 7080
274 275 7080
275 276 7080
276 277 7080
277 278 7080
278 279 7080
279 280 7080
280 281 7080
281 282 7080
282 283 7080
283 284 7080
284 285 7080
285 286 7080
286 287 7080
287 288 7080
288 289 7080
289 290 7080
290 291 7080
291 292 7080
292 293 7080
293 294 7080
294 295 7080
295 296 7080
296 297 7080
297 298 7080
298 299 7080
299 300 7080
300 301 7080
301 302 7080
302 303 7080
303 304 7080
304 305 7080
305 306 7080
306 307 7080
307 308 7080
308 309 7080
309 310 7080
310 311 7080
311 312 7080
312 313 7080
313 314 7080
314 315 7080
315 316 7080
316 317 7080
317 318 7080
318 319 7080
319 320 7080
320 321 7080
321 322 7080
322 323 7080
323 324 7080
324 325 7080
325 326 7080
326 327 7080
327 328 7080
328 329 7080
329 330 7080
330 331 7080
331 332 7080
332 333 7080
333 334 7080
334 335 7080
335 336 7080
336 337 7080
337 338 7080
338 339 7080
339 340 7080
340 341 7080
341 342 7080
342 343 7080
343 344 7080
344 345 7080
345 346 7080
346 347 7080
347 348 7080
348 349 7080
349 350 7080
350 351 7080
351 352 7080
352 353 7080
353 354 7080
354 355 7080
355 356 7080
356 357 7080
357 358 7080
358 359 7080
359 360 7080
360 361 7080
361 362 7080
362 363 7080
363 364 7080
364 365 7080
365 366 7080
366 367 7080
367 368 7080
368 369 7080
369 370 7080
370 371 7080
371 372 7080
372 373 7080
373 374 7080
374 375 7080
375 376 7080
376 377 7080
377 378 7080
378 379 7080
379 380 7080
380 381 7080
381 382 7080
382 383 7080
383 384 7080
384 385 7080
385 386 7080
386 387 7080
387 388 7080
388 389 7080
389 390 7080
390 391 7080
391 392 7080
392 393 7080
393 394 7080
394 395 7080
395 396 7080
396 397 7080
397 398 7080
398 399 7080
399 400 7080
400 401 7080
401 402 7080
402 403 7080
403 404 7080
404 405 7080
405 406 7080
406 407 7080
407 408 7080
408 409 7080
409 410 7080
410 411 7080
411 412 7080
412 413 7080
413 414 7080
414 415 7080
415 416 7080
416 417 7080
417 418 7080
418 419 7080
419 420 7080
420 421 7080
421 422 7080
422 423 7080
423 424 7080
424 425 7080
425 426 7080
426 427 7080
427 428 7080
428 429 7080
429 430 7080
430 431 7080
431 432 7080
432 433 7080
433 434 7080
434 435 7080
435 436 7080
436 437 7080
437 438 7080
438 439 7080
439 440 7080
440 441 7080
441 442 7080
442 443 7080
443 444 7080
444 445 7080
445 446 7080
446 447 7080
447 448 7080
448 449 7080
449 450 7080
450 451 7080
451 452 7080
452 453 7080
453 454 7080
454 455 7080
455 456 7080
456 457 7080
457 458 7080
458 459 7080
459 460 7080
460 461 7080
461 462 7080
462 463 7080
463 464 7080
464 465 7080
465 466 7080
466 467 7080
467 468 7080
468 469 7080
469 470 7080
470 471 7080
471 472 7080
472 473 7080
473 474 7080
474 475 7080
475 476 7080
476 477 7080
477 478 7080
478 479 7080
479 480 7080
480 481 7080
481 482 7080
482 483 7080
483 484 7080
484 485 7080
485 486 7080
486 487 7080
487 488 7080
488 489 7080
489 490 7080
490 491 7080
491 492 7080
492 493 7080
493 494 7080
494 495 7080
495 496 7080
496 497 7080
497 498 7080
498 499 7080
499 500 7080
500 501 7080
501 502 7080
502 503 7080
503 504 7080
504 505 7080
505 506 7080
506 507 7080
507 508 7080
508 509 7080
509 510 7080
510 511 7080
511 512 7080
512 513 7080
513 514 7080
514 515 7080
515 516 7080
516 517 7080
517 518 7080
518 519 7080
519 520 7080
520 521 7080
521 522 7080
522 523 7080
523 524 7080
524 525 7080
525 526 7080
526 527 7080
527 528 7080
528 529 7080
529 530 7080
530 531 7080
531 532 7080
532 533 7080
533 534 7080
534 535 7080
535 536 7080
536 537 7080
537 538 7080
538 539 7080
539 540 7080
540 541 7080
541 542 7080
542 543 7080
543 544 7080
544 545 7080
545 546 7080
546 547 7080
547 548 7080
548 549 7080
549 550 7080
550 551 7080
551 552 7080
552 553 7080
553 554 7080
554 555 7080
555 556 7080
556 557 7080
557 558 7080
558 559 7080
559 560 7080
560 561 7080
561 562 7080
562 563 7080
563 564 7080
564 565 7080
565 566 7080
566 567 7080
567 568 7080
568 569 7080
569 570 7080
570 571 7080
571 572 7080
572 573 7080
573 574 7080
574 575 7080
575 576 7080
576 577 7080
577 578 7080
578 579 7080
579 580 7080
580 581 7080
581 582 7080
582 583 7080
583 584 7080
584 585 7080
585 586 7080
586 587 7080
587 588 7080
588 589 7080
589 590 7080
590 591 7080
591 592 7080
592 593 7080
593 594 7080
594 595 7080
595 596 7080
596 597 7080
597 598 7080
598 599 7080
599 600 7080
600 601 7080
601 602 7080
602 603 7080
603 604 7080
604 605 7080
605 606 7080
606 607 7080
607 608 7080
608 609 7080
609 610 7080
610 611 7080
611 612 7080
612 613 7080
613 614 7080
614 615 7080
615 616 7080
616 617 7080
617 618 7080
618 619 7080
619 620 7080
620 621 7080
621 622 7080
622 623 7080
623 624 7080
624 625 7080
625 626 7080
626 627 7080
627 628 7080
628 629 7080
629 630 7080
630 631 7080
631 632 7080
632 633 7080
633 634 7080
634 635 7080
635 636 7080
636 637 7080
637 638 7080
638 639 7080
639 640 7080
640 641 7080
641 642 7080
642 643 7080
643 644 7080
644 645 7080
645 646 7080
646 647 7080
647 648 7080
648 649 7080
649 650 7080
650 651 7080
651 652 7080
652 653 7080
653 654 7080
654 655 7080
655 656 7080
656 657 7080
657 658 7080
658 659 7080
659 660 7080
660 661 7080
661 662 7080
662 663 7080
663 664 7080
664 665 7080
665 666 7080
666 667 7080
667 668 7080
668 669 7080
669 670 7080
670 671 7080
671 672 7080
672 673 7080
673 674 7080
674 675 7080
675 676 7080
676 677 7080
677 678 7080
678 679 7080
679 680 7080
680 681 7080
681 682 7080
682 683 7080
683 684 7080
684 685 7080
685 686 7080
686 687 7080
687 688 7080
688 689 7080
689 690 7080
690 691 7080
691 692 7080
692 693 7080
693 694 7080
694 695 7080
695 696 7080
696 697 7080
697 698 7080
698 699 7080
699 700 7080
700 701 7080
701 702 7080
702 703 7080
703 704 7080
704 705 7080
705 706 7080
706 707 7080
175 278 7080
243 270 7080
274 304 7080
124 266 7080
173 676 7080
43 499 7080
337 495 7080
6 423 7080
113 495 7080
249 361 7080
315 443 7080
207 223 7080
267 311 7080
179 389 7080
75 174 7080
60 702 7080
133 333 7080
220 453 7080
284 643 7080
290 320 7080
238 618 7080
72 467 7080
322 575 7080
292 559 7080
34 199 7080
344 445 7080
74 447 7080
95 358 7080
161 325 7080
216 268 7080
92 301 7080
82 135 7080
208 378 7080
159 642 7080
217 427 7080
111 139 7080
103 409 7080
130 626 7080
93 158 7080
84 422 7080
189 487 7080
51 542 7080
337 583 7080
18 465 7080
335 570 7080
191 245 7080
76 607 7080
123 687 7080
61 155 7080
337 707 7080
43 506 7080
143 340 7080
283 559 7080
42 656 7080
273 401 7080
14 370 7080
41 610 7080
111 394 7080
179 493 7080
91 387 7080
185 203 7080
36 705 7080
297 639 7080
132 318 7080
259 327 7080
108 561 7080
128 676 7080
175 650 7080
313 693 7080
321 618 7080
279 315 7080
76 436 7080
190 653 7080
252 574 7080
97 594 7080
24 336 7080
68 475 7080
298 364 7080
348 523 7080
238 696 7080
295 491 7080
174 576 7080
244 342 7080
79 608 7080
12 647 7080
164 257 7080
239 598 7080
105 112 7080
31 661 7080
4 309 7080
113 440 7080
51 331 7080
45 485 7080
109 551 7080
238 267 7080
296 641 7080
269 641 7080
235 567 7080
176 479 7080
158 350 7080
350 655 7080
219 283 7080
202 299 7080
236 544 7080
34 132 7080
148 601 7080
200 290 7080
175 431 7080
295 356 7080
90 370 7080
194 556 7080
209 498 7080
129 542 7080
340 535 7080
224 607 7080
177 388 7080
203 287 7080
16 97 7080
96 695 7080
39 181 7080
347 417 7080
50 531 7080
168 600 7080
170 527 7080
261 326 7080
125 517 7080
280 350 7080
200 438 7080
97 581 7080
218 311 7080
316 656 7080
224 579 7080
341 525 7080
254 540 7080
61 101 7080
201 285 7080
95 250 7080
66 413 7080
4 186 7080
288 314 7080
230 669 7080
260 457 7080
222 513 7080
154 405 7080
122 230 7080
100 706 7080
312 520 7080
278 652 7080
96 382 7080
116 393 7080
298 341 7080
138 629 7080
5 606 7080
95 379 7080
126 514 7080
262 286 7080
275 647 7080
315 522 7080
156 322 7080
168 458 7080
152 387 7080
41 211 7080
277 626 7080
51 573 7080
218 647 7080
202 205 7080
3 38 7080
223 578 7080
225 279 7080
345 522 7080
105 216 7080
39 44 7080
353 455 7080
209 357 7080
59 653 7080
58 426 7080
205 256 7080
55 665 7080
104 695 7080
115 268 7080
341 600 7080
301 653 7080
87 693 7080
247 487 7080
245 336 7080
229 358 7080
151 607 7080
251 502 7080
310 363 7080
141 185 7080
182 362 7080
15 561 7080
315 514 7080
149 340 7080
337 621 7080
347 364 7080
12 486 7080
346 567 7080
214 588 7080
206 351 7080
330 591 7080
225 486 7080
270 404 7080
294 382 7080
235 588 7080
61 666 7080
241 671 7080
107 299 7080
294 578 7080
91 444 7080
170 227 7080
229 457 7080
273 534 7080
299 438 7080
95 298 7080
267 396 7080
354 618 7080
218 575 7080
285 698 7080
346 573 7080
326 488 7080
343 665 7080
275 493 7080
136 475 7080
246 503 7080
41 61 7080
253 541 7080
268 317 7080
119 310 7080
16 176 7080
52 113 7080
184 394 7080
147 445 7080
124 627 7080
139 574 7080
287 356 7080
343 400 7080
218 332 7080
64 568 7080
79 646 7080
121 454 7080
291 426 7080
90 221 7080
6 396 7080
209 657 7080
32 422 7080
272 422 7080
117 640 7080
10 521 7080
344 624 7080
97 611 7080
25 351 7080
182 349 7080
201 458 7080
142 674 7080
19 350 7080
23 662 7080
175 282 7080
328 669 7080
350 680 7080
64 92 7080
291 647 7080
80 578 7080
247 585 7080
206 303 7080
302 420 7080
325 377 7080
153 256 7080
160 382 7080
180 511 7080
133 678 7080
6 107 7080
246 418 7080
288 447 7080
290 524 7080
232 535 7080
175 419 7080
69 135 7080
163 628 7080
124 352 7080
291 500 7080
189 221 7080
345 453 7080
134 587 7080
243 454 7080
190 307 7080
308 671 7080
285 383 7080
267 601 7080
84 447 7080
177 386 7080
57 467 7080
75 200 7080
187 651 7080
32 118 7080
341 572 7080
339 535 7080
219 328 7080
174 228 7080
148 254 7080
120 557 7080
342 360 7080
210 475 7080
105 419 7080
224 244 7080
122 465 7080
42 181 7080
203 610 7080
296 558 7080
308 623 7080
71 631 7080
99 148 7080
334 525 7080
178 427 7080
318 399 7080
93 467 7080
138 627 7080
149 158 7080
316 406 7080
300 350 7080
40 482 7080
70 399 7080
257 503 7080
22 329 7080
84 688 7080
99 606 7080
151 324 7080
91 576 7080
302 510 7080
285 364 7080
76 252 7080
343 525 7080
222 381 7080
35 415 7080
286 503 7080
23 413 7080
136 413 7080
14 677 7080
148 214 7080
144 360 7080
3 624 7080
293 703 7080
138 597 7080
295 657 7080
252 384 7080
293 690 7080
94 285 7080
135 599 7080
132 334 7080
123 564 7080
251 612 7080
157 472 7080
20 340 7080
50 347 7080
153 473 7080
354 559 7080
96 647 7080
349 532 7080
21 149 7080
219 691 7080
6 106 7080
138 616 7080
72 544 7080
58 501 7080
91 294 7080
162 296 7080
73 558 7080
199 288 7080
117 692 7080
236 313 7080
290 300 7080
37 353 7080
117 308 7080
323 485 7080
170 176 7080
338 569 7080
179 604 7080
119 584 7080
35 167 7080
33 393 7080
117 306 7080
62 307 7080
340 442 7080
273 367 7080
89 166 7080
124 154 7080
90 333 7080
169 642 7080
301 623 7080
344 519 7080
149 697 7080
213 433 7080
18 182 7080
270 377 7080
170 213 7080
260 447 7080
118 536 7080
292 336 7080
96 319 7080
157 170 7080
53 660 7080
239 626 7080
83 385 7080
26 411 7080
281 330 7080
0 45 7080
328 659 7080
67 201 7080
229 496 7080
325 610 7080
56 144 7080
139 634 7080
334 403 7080
276 534 7080
10 65 7080
281 689 7080
179 343 7080
113 571 7080
203 332 7080
248 294 7080
190 608 7080
209 463 7080
333 397 7080
337 588 7080
93 220 7080
61 229 7080
202 591 7080
264 308 7080
17 316 7080
254 398 7080
93 503 7080
280 340 7080
155 380 7080
153 193 7080
214 374 7080
212 431 7080
319 333 7080
3 692 7080
118 179 7080
148 529 7080
98 592 7080
39 577 7080
237 355 7080
315 386 7080
293 295 7080
170 433 7080
226 676 7080
332 433 7080
148 247 7080
336 653 7080
322 408 7080
21 625 7080
230 544 7080
73 493 7080
238 536 7080
46 60 7080
0 414 7080
211 401 7080
51 429 7080
101 656 7080
41 410 7080
251 311 7080
31 565 7080
172 226 7080
74 240 7080
11 445 7080
256 645 7080
2 34 7080
285 413 7080
44 76 7080
25 100 7080
141 446 7080
259 511 7080
326 696 7080
190 468 7080
245 492 7080
30 321 7080
49 115 7080
149 565 7080
342 691 7080
25 554 7080
298 369 7080
118 186 7080
37 494 7080
78 659 7080
346 593 7080
140 352 7080
57 113 7080
41 428 7080
156 391 7080
280 552 7080
271 549 7080
34 65 7080
213 676 7080
295 359 7080
233 484 7080
276 426 7080
321 460 7080
335 383 7080
294 384 7080
284 627 7080
15 286 7080
286 416 7080
249 606 7080
151 153 7080
143 456 7080
188 283 7080
68 77 7080
322 693 7080
11 37 7080
222 533 7080
66 596 7080
84 545 7080
318 549 7080
105 695 7080
114 610 7080
34 145 7080
99 382 7080
208 442 7080
288 597 7080
240 675 7080
68 676 7080
217 259 7080
125 363 7080
265 268 7080
321 564 7080
256 362 7080
113 638 7080
212 384 7080
172 496 7080
263 361 7080
137 485 7080
59 183 7080
120 424 7080
187 450 7080
244 286 7080
181 476 7080
159 556 7080
191 692 7080
88 458 7080
350 464 7080
294 479 7080
178 308 7080
82 151 7080
245 541 7080
272 464 7080
60 315 7080
262 538 7080
311 594 7080
71 180 7080
305 440 7080
134 581 7080
311 499 7080
58 607 7080
137 488 7080
36 373 7080
181 680 7080
122 604 7080
80 238 7080
316 352 7080
123 310 7080
28 444 7080
242 248 7080
237 365 7080
300 631 7080
38 404 7080
5 509 7080
118 587 7080
165 180 7080
251 443 7080
235 473 7080
230 402 7080
124 589 7080
12 666 7080
57 472 7080
296 409 7080
330 379 7080
320 676 7080
278 677 7080
254 323 7080
259 286 7080
84 267 7080
169 610 7080
293 635 7080
327 523 7080
254 516 7080
214 615 7080
244 591 7080
91 558 7080
225 404 7080
130 566 7080
332 460 7080
222 685 7080
313 418 7080
71 212 7080
85 601 7080
183 639 7080
351 626 7080
104 524 7080
38 570 7080
354 358 7080
325 639 7080
70 135 7080
233 625 7080
340 558 7080
207 522 7080
285 310 7080
252 475 7080
235 415 7080
324 435 7080
41 208 7080
81 251 7080
136 473 7080
72 435 7080
134 548 7080
112 497 7080
106 678 7080
309 393 7080
4 623 7080
186 286 7080
155 334 7080
0 382 7080
54 676 7080
321 601 7080
91 212 7080
333 346 7080
84 492 7080
135 200 7080
14 97 7080
120 470 7080
329 657 7080
226 427 7080
332 601 7080
259 502 7080
220 281 7080
303 403 7080
281 543 7080
316 507 7080
268 696 7080
167 288 7080
298 438 7080
93 108 7080
294 663 7080
262 284 7080
246 434 7080
278 357 7080
87 441 7080
245 512 7080
105 125 7080
169 242 7080
293 375 7080
71 602 7080
309 681 7080
113 537 7080
262 635 7080
95 587 7080
85 398 7080
250 281 7080
228 230 7080
18 432 7080
112 454 7080
226 420 7080
138 617 7080
274 686 7080
160 467 7080
103 551 7080
287 344 7080
337 475 7080
194 532 7080
234 542 7080
243 682 7080
333 678 7080
59 182 7080
118 702 7080
79 584 7080
226 410 7080
150 171 7080
182 538 7080
202 304 7080
38 287 7080
265 694 7080
230 375 7080
116 232 7080
299 498 7080
216 388 7080
168 669 7080
295 460 7080
201 581 7080
60 92 7080
128 656 7080
212 448 7080
44 606 7080
309 633 7080
151 478 7080
336 493 7080
23 71 7080
167 568 7080
65 275 7080
246 698 7080
195 664 7080
326 591 7080
267 447 7080
164 414 7080
41 181 7080
60 550 7080
173 660 7080
