0 1 7120
1 2 7120
2 3 7120
3 4 7120
4 5 7120
5 6 7120
6 7 7120
7 8 7120
8 9 7120
9 10 7120
10 11 7120
11 12 7120
12 13 7120
13 14 7120
14 15 7120
15 16 7120
16 17 7120
17 18 7120
18 19 7120
19 20 7120
20 21 7120
21 22 7120
22 23 7120
23 24 7120
24 25 7120
25 26 7120
26 27 7120
27 28 7120
28 29 7120
29 30 7120
30 31 7120
31 32 7120
32 33 7120
33 34 7120
34 35 7120
35 36 7120
36 37 7120
37 38 7120
38 39 7120
39 40 7120
40 41 7120
41 42 7120
42 43 7120
43 44 7120
44 45 7120
45 46 7120
46 47 7120
47 48 7120
48 49 7120
49 50 7120
50 51 7120
51 52 7120
52 53 7120
53 54 7120
54 55 7120
55 56 7120
56 57 7120
57 58 7120
58 59 7120
59 60 7120
60 61 7120
61 62 7120
62 63 7120
63 64 7120
64 65 7120
65 66 7120
66 67 7120
67 68 7120
68 69 7120
69 70 7120
70 71 7120
71 72 7120
72 73 7120
73 74 7120
74 75 7120
75 76 7120
76 77 7120
77 78 7120
78 79 7120
79 80 7120
80 81 7120
81 82 7120
82 83 7120
83 84 7120
84 85 7120
85 86 7120
86 87 7120
87 88 7120
88 89 7120
89 90 7120
90 91 7120
91 92 7120
92 93 7120
93 94 7120
94 95 7120
95 96 7120
96 97 7120
97 98 7120
98 99 7120
99 100 7120
100 101 7120
101 102 7120
102 103 7120
103 104 7120
104 105 7120
105 106 7120
106 107 7120
107 108 7120
108 109 7120
109 110 7120
110 111 7120
111 112 7120
112 113 7120
113 114 7120
114 115 7120
115 116 7120
116 117 7120
117 118 7120
118 119 7120
119 120 7120
120 121 7120
121 122 7120
122 123 7120
123 124 7120
124 125 7120
125 126 7120
126 127 7120
127 128 7120
128 129 7120
129 130 7120
130 131 7120
131 132 7120
132 133 7120
133 134 7120
134 135 7120
135 136 7120
136 137 7120
137 138 7120
138 139 7120
139 140 7120
140 141 7120
141 142 7120
142 143 7120
143 144 7120
144 145 7120
145 146 7120
146 147 7120
147 148 7120
148 149 7120
149 150 7120
150 151 7120
151 152 7120
152 153 7120
153 154 7120
154 155 7120
155 156 7120
156 157 7120
157 158 7120
158 159 7120
159 160 7120
160 161 7120
161 162 7120
162 163 7120
163 164 7120
164 165 7120
165 166 7120
166 167 7120
167 168 7120
168 169 7120
169 170 7120
170 171 7120
171 172 7120
172 173 7120
173 174 7120
174 175 7120
175 176 7120
176 177 7120
177 178 7120
178 179 7120
179 180 7120
180 181 7120
181 182 7120
182 183 7120
183 184 7120
184 185 7120
185 186 7120
186 187 7120
187 188 7120
188 189 7120
189 190 7120
190 191 7120
191 192 7120
192 193 7120
193 194 7120
194 195 7120
195 196 7120
196 197 7120
197 198 7120
198 199 7120
199 200 7120
200 201 7120
201 202 7120
202 203 7120
203 204 7120
204 205 7120
205 206 7120
206 207 7120
207 208 7120
208 209 7120
209 210 7120
210 211 7120
211 212 7120
212 213 7120
213 214 7120
214 215 7120
215 216 7120
216 217 7120
217 218 7120
218 219 7120
219 220 7120
220 221 7120
221 222 7120
222 223 7120
223 224 7120
224 225 7120
225 226 7120
226 227 7120
227 228 7120
228 229 7120
229 230 7120
230 231 7120
231 232 7120
232 233 7120
233 234 7120
234 235 7120
235 236 7120
236 237 7120
237 238 7120
238 239 7120
239 240 7120
240 241 7120
241 242 7120
242 243 7120
243 244 7120
244 245 7120
245 246 7120
246 247 7120
247 248 7120
248 249 7120
249 250 7120
250 251 7120
251 252 7120
252 253 7120
253 254 7120
254 255 7120
255 256 7120
256 257 7120
257 258 7120
258 259 7120
259 260 7120
260 261 7120
261 262 7120
262 263 7120
263 264 7120
264 265 7120
265 266 7120
266 267 7120
267 268 7120
268 269 7120
269 270 7120
270 271 7120
271 272 7120
272 273 7120
273 274 7120
274 275 7120
275 276 7120
276 277 7120
277 278 7120
278 279 7120
279 280 7120
280 281 7120
281 282 7120
282 283 7120
283 284 7120
284 285 7120
285 286 7120
286 287 7120
287 288 7120
288 289 7120
289 290 7120
290 291 7120
291 292 7120
292 293 7120
293 294 7120
294 295 7120
295 296 7120
296 297 7120
297 298 7120
298 299 7120
299 300 7120
300 301 7120
301 302 7120
302 303 7120
303 304 7120
304 305 7120
305 306 7120
306 307 7120
307 308 7120
308 309 7120
309 310 7120
310 311 7120
311 312 7120
312 313 7120
313 314 7120
314 315 7120
315 316 7120
316 317 7120
317 318 7120
318 319 7120
319 320 7120
320 321 7120
321 322 7120
322 323 7120
323 324 7120
324 325 7120
325 326 7120
326 327 7120
327 328 7120
328 329 7120
329 330 7120
330 331 7120
331 332 7120
332 333 7120
333 334 7120
334 335 7120
335 336 7120
336 337 7120
337 338 7120
338 339 7120
339 340 7120
340 341 7120
341 342 7120
342 343 7120
343 344 7120
344 345 7120
345 346 7120
346 347 7120
347 348 7120
348 349 7120
349 350 7120
350 351 7120
351 352 7120
352 353 7120
353 354 7120
354 355 7120
355 356 7120
356 357 7120
357 358 7120
358 359 7120
359 360 7120
360 361 7120
361 362 7120
362 363 7120
363 364 7120
364 365 7120
365 366 7120
366 367 7120
367 368 7120
368 369 7120
369 370 7120
370 371 7120
371 372 7120
372 373 7120
373 374 7120
374 375 7120
375 376 7120
376 377 7120
377 378 7120
378 379 7120
379 380 7120
380 381 7120
381 382 7120
382 383 7120
383 384 7120
384 385 7120
385 386 7120
386 387 7120
387 388 7120
388 389 7120
389 390 7120
390 391 7120
391 392 7120
392 393 7120
393 394 7120
394 395 7120
395 396 7120
396 397 7120
397 398 7120
398 399 7120
399 400 7120
400 401 7120
401 402 7120
402 403 7120
403 404 7120
404 405 7120
405 406 7120
406 407 7120
407 408 7120
408 409 7120
409 410 7120
410 411 7120
411 412 7120
412 413 7120
413 414 7120
414 415 7120
415 416 7120
416 417 7120
417 418 7120
418 419 7120
419 420 7120
420 421 7120
421 422 7120
422 423 7120
423 424 7120
424 425 7120
425 426 7120
426 427 7120
427 428 7120
428 429 7120
429 430 7120
430 431 7120
431 432 7120
432 433 7120
433 434 7120
434 435 7120
435 436 7120
436 437 7120
437 438 7120
438 439 7120
439 440 7120
440 441 7120
441 442 7120
442 443 7120
443 444 7120
444 445 7120
445 446 7120
446 447 7120
447 448 7120
448 449 7120
449 450 7120
450 451 7120
451 452 7120
452 453 7120
453 454 7120
454 455 7120
455 456 7120
456 457 7120
457 458 7120
458 459 7120
459 460 7120
460 461 7120
461 462 7120
462 463 7120
463 464 7120
464 465 7120
465 466 7120
466 467 7120
467 468 7120
468 469 7120
469 470 7120
470 471 7120
471 472 7120
472 473 7120
473 474 7120
474 475 7120
475 476 7120
476 477 7120
477 478 7120
478 479 7120
479 480 7120
480 481 7120
481 482 7120
482 483 7120
483 484 7120
484 485 7120
485 486 7120
486 487 7120
487 488 7120
488 489 7120
489 490 7120
490 491 7120
491 492 7120
492 493 7120
493 494 7120
494 495 7120
495 496 7120
496 497 7120
497 498 7120
498 499 7120
499 500 7120
500 501 7120
501 502 7120
502 503 7120
503 504 7120
504 505 7120
505 506 7120
506 507 7120
507 508 7120
508 509 7120
509 510 7120
510 511 7120
511 512 7120
512 513 7120
513 514 7120
514 515 7120
515 516 7120
516 517 7120
517 518 7120
518 519 7120
519 520 7120
520 521 7120
521 522 7120
522 523 7120
523 524 7120
524 525 7120
525 526 7120
526 527 7120
527 528 7120
528 529 7120
529 530 7120
530 531 7120
531 532 7120
532 533 7120
533 534 7120
534 535 7120
535 536 7120
536 537 7120
537 538 7120
538 539 7120
539 540 7120
540 541 7120
541 542 7120
542 543 7120
543 544 7120
544 545 7120
545 546 7120
546 547 7120
547 548 7120
548 549 7120
549 550 7120
550 551 7120
551 552 7120
552 553 7120
553 554 7120
554 555 7120
555 556 7120
556 557 7120
557 558 7120
558 559 7120
559 560 7120
560 561 7120
561 562 7120
562 563 7120
563 564 7120
564 565 7120
565 566 7120
566 567 7120
567 568 7120
568 569 7120
569 570 7120
570 571 7120
571 572 7120
572 573 7120
573 574 7120
574 575 7120
575 576 7120
576 577 7120
577 578 7120
578 579 7120
579 580 7120
580 581 7120
581 582 7120
582 583 7120
583 584 7120
584 585 7120
585 586 7120
586 587 7120
587 588 7120
588 589 7120
589 590 7120
590 591 7120
591 592 7120
592 593 7120
593 594 7120
594 595 7120
595 596 7120
596 597 7120
597 598 7120
598 599 7120
599 600 7120
600 601 7120
601 602 7120
602 603 7120
603 604 7120
604 605 7120
605 606 7120
606 607 7120
607 608 7120
608 609 7120
609 610 7120
610 611 7120
611 612 7120
612 613 7120
613 614 7120
614 615 7120
615 616 7120
616 617 7120
617 618 7120
618 619 7120
619 620 7120
620 621 7120
621 622 7120
622 623 7120
623 624 7120
624 625 7120
625 626 7120
626 627 7120
627 628 7120
628 629 7120
629 630 7120
630 631 7120
631 632 7120
632 633 7120
633 634 7120
634 635 7120
635 636 7120
636 637 7120
637 638 7120
638 639 7120
639 640 7120
640 641 7120
641 642 7120
642 643 7120
643 644 7120
644 645 7120
645 646 7120
646 647 7120
647 648 7120
648 649 7120
649 650 7120
650 651 7120
651 652 7120
652 653 7120
653 654 7120
654 655 7120
655 656 7120
656 657 7120
657 658 7120
658 659 7120
659 660 7120
660 661 7120
661 662 7120
662 663 7120
663 664 7120
664 665 7120
665 666 7120
666 667 7120
667 668 7120
668 669 7120
669 670 7120
670 671 7120
671 672 7120
672 673 7120
673 674 7120
674 675 7120
675 676 7120
676 677 7120
677 678 7120
678 679 7120
679 680 7120
680 681 7120
681 682 7120
682 683 7120
683 684 7120
684 685 7120
685 686 7120
686 687 7120
687 688 7120
688 689 7120
689 690 7120
690 691 7120
691 692 7120
692 693 7120
693 694 7120
694 695 7120
695 696 7120
696 697 7120
697 698 7120
698 699 7120
699 700 7120
700 701 7120
701 702 7120
702 703 7120
703 704 7120
704 705 7120
705 706 7120
706 707 7120
707 708 7120
708 709 7120
709 710 7120
710 711 7120
230 452 7120
31 258 7120
221 427 7120
143 532 7120
174 577 7120
330 494 7120
116 182 7120
328 359 7120
259 612 7120
146 235 7120
276 701 7120
238 623 7120
215 289 7120
230 661 7120
227 514 7120
64 187 7120
126 186 7120
188 551 7120
147 219 7120
36 293 7120
197 445 7120
243 262 7120
5 203 7120
78 334 7120
318 441 7120
135 324 7120
16 79 7120
86 461 7120
66 144 7120
35 110 7120
53 118 7120
242 611 7120
159 581 7120
303 496 7120
224 497 7120
286 334 7120
261 514 7120
322 540 7120
198 236 7120
79 353 7120
129 465 7120
255 645 7120
234 326 7120
324 391 7120
251 450 7120
284 404 7120
205 646 7120
129 604 7120
237 685 7120
275 585 7120
250 653 7120
248 617 7120
178 509 7120
146 662 7120
54 384 7120
218 324 7120
158 219 7120
227 669 7120
286 382 7120
166 405 7120
347 533 7120
268 284 7120
352 579 7120
89 266 7120
32 511 7120
289 678 7120
39 100 7120
309 356 7120
275 558 7120
189 237 7120
0 457 7120
99 488 7120
144 214 7120
245 660 7120
233 530 7120
29 126 7120
148 371 7120
163 418 7120
261 345 7120
252 398 7120
137 275 7120
1 609 7120
261 525 7120
284 429 7120
276 470 7120
169 256 7120
67 133 7120
47 417 7120
185 559 7120
223 608 7120
80 116 7120
314 363 7120
193 395 7120
53 214 7120
192 534 7120
225 299 7120
65 484 7120
105 281 7120
118 325 7120
223 237 7120
163 313 7120
295 499 7120
19 480 7120
195 243 7120
209 288 7120
269 612 7120
88 309 7120
221 686 7120
255 629 7120
162 523 7120
68 350 7120
159 442 7120
311 415 7120
120 368 7120
247 575 7120
63 461 7120
245 566 7120
268 522 7120
281 629 7120
21 326 7120
137 677 7120
247 251 7120
249 560 7120
113 406 7120
238 309 7120
162 445 7120
324 661 7120
123 627 7120
151 298 7120
263 678 7120
2 621 7120
155 415 7120
81 594 7120
165 613 7120
149 188 7120
281 484 7120
179 481 7120
197 540 7120
263 588 7120
315 638 7120
270 599 7120
73 466 7120
37 154 7120
315 490 7120
39 122 7120
186 596 7120
333 356 7120
194 357 7120
116 513 7120
149 680 7120
311 685 7120
15 31 7120
312 681 7120
115 351 7120
305 704 7120
111 655 7120
270 368 7120
349 693 7120
35 386 7120
320 481 7120
329 540 7120
150 466 7120
148 219 7120
330 538 7120
19 83 7120
347 418 7120
222 450 7120
234 261 7120
223 579 7120
304 553 7120
34 682 7120
48 73 7120
350 444 7120
206 625 7120
208 279 7120
159 538 7120
36 392 7120
209 548 7120
314 466 7120
311 386 7120
102 232 7120
4 603 7120
275 614 7120
93 304 7120
173 518 7120
55 646 7120
291 639 7120
2 212 7120
150 454 7120
237 381 7120
332 591 7120
161 696 7120
314 529 7120
227 506 7120
12 186 7120
58 192 7120
55 311 7120
274 668 7120
259 400 7120
33 628 7120
308 537 7120
324 583 7120
330 508 7120
157 493 7120
237 528 7120
317 320 7120
175 429 7120
302 650 7120
49 638 7120
279 315 7120
76 265 7120
218 558 7120
263 553 7120
334 450 7120
179 194 7120
342 353 7120
135 446 7120
241 551 7120
178 680 7120
289 373 7120
191 583 7120
56 512 7120
57 661 7120
4 492 7120
263 563 7120
298 427 7120
73 231 7120
330 399 7120
177 288 7120
328 565 7120
176 606 7120
269 355 7120
339 528 7120
24 216 7120
202 574 7120
216 519 7120
66 73 7120
246 309 7120
130 286 7120
133 479 7120
302 555 7120
4 367 7120
243 563 7120
20 138 7120
2 499 7120
8 203 7120
31 487 7120
102 191 7120
249 348 7120
277 638 7120
40 42 7120
236 322 7120
269 329 7120
99 511 7120
37 192 7120
274 395 7120
112 319 7120
331 341 7120
198 643 7120
168 310 7120
337 688 7120
280 542 7120
14 327 7120
41 558 7120
235 683 7120
229 287 7120
272 302 7120
187 281 7120
254 614 7120
296 335 7120
58 591 7120
15 250 7120
216 237 7120
94 269 7120
199 559 7120
124 226 7120
351 494 7120
261 644 7120
32 489 7120
336 702 7120
306 402 7120
19 264 7120
346 401 7120
347 483 7120
123 184 7120
31 526 7120
289 541 7120
255 687 7120
189 711 7120
133 249 7120
123 355 7120
200 438 7120
108 432 7120
263 269 7120
141 433 7120
203 336 7120
106 371 7120
73 276 7120
22 97 7120
80 626 7120
262 511 7120
228 619 7120
136 582 7120
51 472 7120
346 489 7120
106 490 7120
284 436 7120
283 457 7120
168 326 7120
284 441 7120
187 520 7120
174 382 7120
178 342 7120
106 440 7120
356 417 7120
131 195 7120
304 340 7120
247 341 7120
331 705 7120
136 300 7120
88 391 7120
46 274 7120
20 341 7120
21 430 7120
243 584 7120
252 567 7120
355 413 7120
293 381 7120
175 609 7120
54 96 7120
157 537 7120
258 300 7120
309 407 7120
354 364 7120
68 578 7120
215 647 7120
111 673 7120
120 440 7120
149 262 7120
261 302 7120
24 567 7120
305 583 7120
182 611 7120
100 395 7120
266 477 7120
356 582 7120
293 337 7120
181 391 7120
184 697 7120
113 617 7120
334 385 7120
197 703 7120
134 608 7120
113 155 7120
47 599 7120
15 593 7120
279 465 7120
340 610 7120
254 264 7120
138 140 7120
309 633 7120
296 535 7120
183 427 7120
123 211 7120
184 305 7120
43 190 7120
269 569 7120
91 306 7120
180 223 7120
251 266 7120
91 480 7120
6 32 7120
247 375 7120
178 635 7120
350 649 7120
330 346 7120
333 625 7120
73 272 7120
7 175 7120
297 536 7120
169 234 7120
300 486 7120
177 620 7120
179 497 7120
46 114 7120
356 368 7120
215 514 7120
31 345 7120
16 596 7120
325 490 7120
148 199 7120
344 411 7120
64 425 7120
120 659 7120
204 491 7120
308 656 7120
42 681 7120
3 602 7120
45 633 7120
247 495 7120
16 695 7120
235 690 7120
16 662 7120
322 440 7120
139 583 7120
163 708 7120
124 486 7120
148 181 7120
19 220 7120
328 336 7120
100 341 7120
180 439 7120
299 544 7120
328 661 7120
100 660 7120
322 506 7120
15 389 7120
322 614 7120
229 481 7120
193 653 7120
30 110 7120
24 377 7120
278 525 7120
217 442 7120
115 304 7120
150 210 7120
294 377 7120
333 430 7120
271 589 7120
193 361 7120
303 611 7120
303 560 7120
110 394 7120
63 274 7120
221 371 7120
184 547 7120
264 709 7120
319 394 7120
58 483 7120
215 289 7120
58 92 7120
218 506 7120
273 341 7120
2 588 7120
344 449 7120
222 410 7120
255 513 7120
31 390 7120
125 568 7120
236 659 7120
49 484 7120
2 391 7120
349 505 7120
194 231 7120
194 554 7120
76 434 7120
234 441 7120
283 394 7120
190 708 7120
60 527 7120
142 249 7120
221 684 7120
112 574 7120
345 427 7120
290 385 7120
128 671 7120
114 577 7120
138 478 7120
163 417 7120
329 537 7120
97 378 7120
29 137 7120
194 566 7120
121 508 7120
16 656 7120
191 236 7120
275 615 7120
227 510 7120
169 269 7120
197 274 7120
23 457 7120
258 604 7120
78 345 7120
231 555 7120
322 606 7120
127 397 7120
65 303 7120
143 522 7120
15 668 7120
305 363 7120
118 704 7120
255 288 7120
248 374 7120
69 293 7120
47 486 7120
61 323 7120
328 416 7120
355 413 7120
93 337 7120
347 415 7120
99 200 7120
154 549 7120
114 183 7120
130 709 7120
280 555 7120
11 624 7120
292 294 7120
185 600 7120
280 362 7120
4 476 7120
293 403 7120
245 682 7120
150 343 7120
14 354 7120
234 301 7120
183 410 7120
308 561 7120
41 102 7120
71 234 7120
319 531 7120
315 673 7120
198 568 7120
34 193 7120
46 100 7120
209 336 7120
53 467 7120
192 678 7120
237 320 7120
351 633 7120
48 439 7120
118 298 7120
41 710 7120
250 305 7120
181 648 7120
144 711 7120
118 268 7120
112 697 7120
31 620 7120
304 667 7120
170 347 7120
153 535 7120
43 492 7120
217 477 7120
131 558 7120
197 256 7120
321 450 7120
198 472 7120
86 280 7120
356 409 7120
314 614 7120
130 419 7120
189 648 7120
195 542 7120
313 460 7120
38 614 7120
54 627 7120
136 693 7120
202 611 7120
112 127 7120
119 210 7120
116 310 7120
117 332 7120
104 614 7120
199 346 7120
103 284 7120
51 82 7120
4 140 7120
104 571 7120
135 195 7120
149 684 7120
101 223 7120
42 377 7120
303 591 7120
315 670 7120
155 430 7120
136 342 7120
159 523 7120
105 261 7120
279 541 7120
288 322 7120
57 584 7120
83 549 7120
283 704 7120
322 706 7120
273 705 7120
20 40 7120
337 434 7120
201 701 7120
319 448 7120
94 612 7120
141 155 7120
312 681 7120
152 434 7120
134 607 7120
172 404 7120
83 150 7120
327 642 7120
123 538 7120
10 147 7120
331 646 7120
241 275 7120
36 69 7120
224 488 7120
339 675 7120
17 557 7120
215 528 7120
291 468 7120
252 448 7120
161 537 7120
351 461 7120
35 97 7120
115 344 7120
252 636 7120
78 608 7120
185 575 7120
279 320 7120
232 565 7120
296 398 7120
293 536 7120
321 606 7120
161 654 7120
345 571 7120
44 396 7120
196 644 7120
338 415 7120
208 469 7120
255 415 7120
46 267 7120
104 240 7120
192 211 7120
298 338 7120
262 551 7120
277 644 7120
18 321 7120
217 242 7120
14 486 7120
28 263 7120
304 513 7120
12 567 7120
62 535 7120
144 148 7120
210 419 7120
62 220 7120
271 477 7120
82 362 7120
250 339 7120
192 677 7120
86 628 7120
295 528 7120
223 518 7120
191 347 7120
33 187 7120
293 559 7120
316 698 7120
275 631 7120
96 695 7120
41 236 7120
249 645 7120
330 377 7120
238 708 7120
231 452 7120
192 403 7120
356 435 7120
117 562 7120
226 421 7120
12 287 7120
324 655 7120
199 520 7120
280 488 7120
94 266 7120
311 664 7120
247 494 7120
219 269 7120
288 327 7120
199 585 7120
302 495 7120
327 447 7120
235 514 7120
80 325 7120
63 441 7120
259 434 7120
300 633 7120
331 411 7120
49 274 7120
143 427 7120
142 544 7120
9 28 7120
328 547 7120
136 146 7120
306 344 7120
152 385 7120
264 377 7120
84 433 7120
168 659 7120
7 554 7120
108 495 7120
263 402 7120
299 556 7120
10 101 7120
225 399 7120
323 434 7120
56 655 7120
85 394 7120
11 121 7120
228 464 7120
298 322 7120
34 352 7120
214 550 7120
146 669 7120
269 559 7120
