0 1 7160
1 2 7160
2 3 7160
3 4 7160
4 5 7160
5 6 7160
6 7 7160
7 8 7160
8 9 7160
9 10 7160
10 11 7160
11 12 7160
12 13 7160
13 14 7160
14 15 7160
15 16 7160
16 17 7160
17 18 7160
18 19 7160
19 20 7160
20 21 7160
21 22 7160
22 23 7160
23 24 7160
24 25 7160
25 26 7160
26 27 7160
27 28 7160
28 29 7160
29 30 7160
30 31 7160
31 32 7160
32 33 7160
33 34 7160
34 35 7160
35 36 7160
36 37 7160
37 38 7160
38 39 7160
39 40 7160
40 41 7160
41 42 7160
42 43 7160
43 44 7160
44 45 7160
45 46 7160
46 47 7160
47 48 7160
48 49 7160
49 50 7160
50 51 7160
51 52 7160
52 53 7160
53 54 7160
54 55 7160
55 56 7160
56 57 7160
57 58 7160
58 59 7160
59 60 7160
60 61 7160
61 62 7160
62 63 7160
63 64 7160
64 65 7160
65 66 7160
66 67 7160
67 68 7160
68 69 7160
69 70 7160
70 71 7160
71 72 7160
72 73 7160
73 74 7160
74 75 7160
75 76 7160
76 77 7160
77 78 7160
78 79 7160
79 80 7160
80 81 7160
81 82 7160
82 83 7160
83 84 7160
84 85 7160
85 86 7160
86 87 7160
87 88 7160
88 89 7160
89 90 7160
90 91 7160
91 92 7160
92 93 7160
93 94 7160
94 95 7160
95 96 7160
96 97 7160
97 98 7160
98 99 7160
99 100 7160
100 101 7160
101 102 7160
102 103 7160
103 104 7160
104 105 7160
105 106 7160
106 107 7160
107 108 7160
108 109 7160
109 110 7160
110 111 7160
111 112 7160
112 113 7160
113 114 7160
114 115 7160
115 116 7160
116 117 7160
117 118 7160
118 119 7160
119 120 7160
120 121 7160
121 122 7160
122 123 7160
123 124 7160
124 125 7160
125 126 7160
126 127 7160
127 128 7160
128 129 7160
129 130 7160
130 131 7160
131 132 7160
132 133 7160
133 134 7160
134 135 7160
135 136 7160
136 137 7160
137 138 7160
138 139 7160
139 140 7160
140 141 7160
141 142 7160
142 143 7160
143 144 7160
144 145 7160
145 146 7160
146 147 7160
147 148 7160
148 149 7160
149 150 7160
150 151 7160
151 152 7160
152 153 7160
153 154 7160
154 155 7160
155 156 7160
156 157 7160
157 158 7160
158 159 7160
159 160 7160
160 161 7160
161 162 7160
162 163 7160
163 164 7160
164 165 7160
165 166 7160
166 167 7160
167 168 7160
168 169 7160
169 170 7160
170 171 7160
171 172 7160
172 173 7160
173 174 7160
174 175 7160
175 176 7160
176 177 7160
177 178 7160
178 179 7160
179 180 7160
180 181 7160
181 182 7160
182 183 7160
183 184 7160
184 185 7160
185 186 7160
186 187 7160
187 188 7160
188 189 7160
189 190 7160
190 191 7160
191 192 7160
192 193 7160
193 194 7160
194 195 7160
195 196 7160
196 197 7160
197 198 7160
198 199 7160
199 200 7160
200 201 7160
201 202 7160
202 203 7160
203 204 7160
204 205 7160
205 206 7160
206 207 7160
207 208 7160
208 209 7160
209 210 7160
210 211 7160
211 212 7160
212 213 7160
213 214 7160
214 215 7160
215 216 7160
216 217 7160
217 218 7160
218 219 7160
219 220 7160
220 221 7160
221 222 7160
222 223 7160
223 224 7160
224 225 7160
225 226 7160
226 227 7160
227 228 7160
228 229 7160
229 230 7160
230 231 7160
231 232 7160
232 233 7160
233 234 7160
234 235 7160
235 236 7160
236 237 7160
237 238 7160
238 239 7160
239 240 7160
240 241 7160
241 242 7160
242 243 7160
243 244 7160
244 245 7160
245 246 7160
246 247 7160
247 248 7160
248 249 7160
249 250 7160
250 251 7160
251 252 7160
252 253 7160
253 254 7160
254 255 7160
255 256 7160
256 257 7160
257 258 7160
258 259 7160
259 260 7160
260 261 7160
261 262 7160
262 263 7160
263 264 7160
264 265 7160
265 266 7160
266 267 7160
267 268 7160
268 269 7160
269 270 7160
270 271 7160
271 272 7160
272 273 7160
273 274 7160
274 275 7160
275 276 7160
276 277 7160
277 278 7160
278 279 7160
279 280 7160
280 281 7160
281 282 7160
282 283 7160
283 284 7160
284 285 7160
285 286 7160
286 287 7160
287 288 7160
288 289 7160
289 290 7160
290 291 7160
291 292 7160
292 293 7160
293 294 7160
294 295 7160
295 296 7160
296 297 7160
297 298 7160
298 299 7160
299 300 7160
300 301 7160
301 302 7160
302 303 7160
303 304 7160
304 305 7160
305 306 7160
306 307 7160
307 308 7160
308 309 7160
309 310 7160
310 311 7160
311 312 7160
312 313 7160
313 314 7160
314 315 7160
315 316 7160
316 317 7160
317 318 7160
318 319 7160
319 320 7160
320 321 7160
321 322 7160
322 323 7160
323 324 7160
324 325 7160
325 326 7160
326 327 7160
327 328 7160
328 329 7160
329 330 7160
330 331 7160
331 332 7160
332 333 7160
333 334 7160
334 335 7160
335 336 7160
336 337 7160
337 338 7160
338 339 7160
339 340 7160
340 341 7160
341 342 7160
342 343 7160
343 344 7160
344 345 7160
345 346 7160
346 347 7160
347 348 7160
348 349 7160
349 350 7160
350 351 7160
351 352 7160
352 353 7160
353 354 7160
354 355 7160
355 356 7160
356 357 7160
357 358 7160
358 359 7160
359 360 7160
360 361 7160
361 362 7160
362 363 7160
363 364 7160
364 365 7160
365 366 7160
366 367 7160
367 368 7160
368 369 7160
369 370 7160
370 371 7160
371 372 7160
372 373 7160
373 374 7160
374 375 7160
375 376 7160
376 377 7160
377 378 7160
378 379 7160
379 380 7160
380 381 7160
381 382 7160
382 383 7160
383 384 7160
384 385 7160
385 386 7160
386 387 7160
387 388 7160
388 389 7160
389 390 7160
390 391 7160
391 392 7160
392 393 7160
393 394 7160
394 395 7160
395 396 7160
396 397 7160
397 398 7160
398 399 7160
399 400 7160
400 401 7160
401 402 7160
402 403 7160
403 404 7160
404 405 7160
405 406 7160
406 407 7160
407 408 7160
408 409 7160
409 410 7160
410 411 7160
411 412 7160
412 413 7160
413 414 7160
414 415 7160
415 416 7160
416 417 7160
417 418 7160
418 419 7160
419 420 7160
420 421 7160
421 422 7160
422 423 7160
423 424 7160
424 425 7160
425 426 7160
426 427 7160
427 428 7160
428 429 7160
429 430 7160
430 431 7160
431 432 7160
432 433 7160
433 434 7160
434 435 7160
435 436 7160
436 437 7160
437 438 7160
438 439 7160
439 440 7160
440 441 7160
441 442 7160
442 443 7160
443 444 7160
444 445 7160
445 446 7160
446 447 7160
447 448 7160
448 449 7160
449 450 7160
450 451 7160
451 452 7160
452 453 7160
453 454 7160
454 455 7160
455 456 7160
456 457 7160
457 458 7160
458 459 7160
459 460 7160
460 461 7160
461 462 7160
462 463 7160
463 464 7160
464 465 7160
465 466 7160
466 467 7160
467 468 7160
468 469 7160
469 470 7160
470 471 7160
471 472 7160
472 473 7160
473 474 7160
474 475 7160
475 476 7160
476 477 7160
477 478 7160
478 479 7160
479 480 7160
480 481 7160
481 482 7160
482 483 7160
483 484 7160
484 485 7160
485 486 7160
486 487 7160
487 488 7160
488 489 7160
489 490 7160
490 491 7160
491 492 7160
492 493 7160
493 494 7160
494 495 7160
495 496 7160
496 497 7160
497 498 7160
498 499 7160
499 500 7160
500 501 7160
501 502 7160
502 503 7160
503 504 7160
504 505 7160
505 506 7160
506 507 7160
507 508 7160
508 509 7160
509 510 7160
510 511 7160
511 512 7160
512 513 7160
513 514 7160
514 515 7160
515 516 7160
516 517 7160
517 518 7160
518 519 7160
519 520 7160
520 521 7160
521 522 7160
522 523 7160
523 524 7160
524 525 7160
525 526 7160
526 527 7160
527 528 7160
528 529 7160
529 530 7160
530 531 7160
531 532 7160
532 533 7160
533 534 7160
534 535 7160
535 536 7160
536 537 7160
537 538 7160
538 539 7160
539 540 7160
540 541 7160
541 542 7160
542 543 7160
543 544 7160
544 545 7160
545 546 7160
546 547 7160
547 548 7160
548 549 7160
549 550 7160
550 551 7160
551 552 7160
552 553 7160
553 554 7160
554 555 7160
555 556 7160
556 557 7160
557 558 7160
558 559 7160
559 560 7160
560 561 7160
561 562 7160
562 563 7160
563 564 7160
564 565 7160
565 566 7160
566 567 7160
567 568 7160
568 569 7160
569 570 7160
570 571 7160
571 572 7160
572 573 7160
573 574 7160
574 575 7160
575 576 7160
576 577 7160
577 578 7160
578 579 7160
579 580 7160
580 581 7160
581 582 7160
582 583 7160
583 584 7160
584 585 7160
585 586 7160
586 587 7160
587 588 7160
588 589 7160
589 590 7160
590 591 7160
591 592 7160
592 593 7160
593 594 7160
594 595 7160
595 596 7160
596 597 7160
597 598 7160
598 599 7160
599 600 7160
600 601 7160
601 602 7160
602 603 7160
603 604 7160
604 605 7160
605 606 7160
606 607 7160
607 608 7160
608 609 7160
609 610 7160
610 611 7160
611 612 7160
612 613 7160
613 614 7160
614 615 7160
615 616 7160
616 617 7160
617 618 7160
618 619 7160
619 620 7160
620 621 7160
621 622 7160
622 623 7160
623 624 7160
624 625 7160
625 626 7160
626 627 7160
627 628 7160
628 629 7160
629 630 7160
630 631 7160
631 632 7160
632 633 7160
633 634 7160
634 635 7160
635 636 7160
636 637 7160
637 638 7160
638 639 7160
639 640 7160
640 641 7160
641 642 7160
642 643 7160
643 644 7160
644 645 7160
645 646 7160
646 647 7160
647 648 7160
648 649 7160
649 650 7160
650 651 7160
651 652 7160
652 653 7160
653 654 7160
654 655 7160
655 656 7160
656 657 7160
657 658 7160
658 659 7160
659 660 7160
660 661 7160
661 662 7160
662 663 7160
663 664 7160
664 665 7160
665 666 7160
666 667 7160
667 668 7160
668 669 7160
669 670 7160
670 671 7160
671 672 7160
672 673 7160
673 674 7160
674 675 7160
675 676 7160
676 677 7160
677 678 7160
678 679 7160
679 680 7160
680 681 7160
681 682 7160
682 683 7160
683 684 7160
684 685 7160
685 686 7160
686 687 7160
687 688 7160
688 689 7160
689 690 7160
690 691 7160
691 692 7160
692 693 7160
693 694 7160
694 695 7160
695 696 7160
696 697 7160
697 698 7160
698 699 7160
699 700 7160
700 701 7160
701 702 7160
702 703 7160
703 704 7160
704 705 7160
705 706 7160
706 707 7160
707 708 7160
708 709 7160
709 710 7160
710 711 7160
711 712 7160
712 713 7160
713 714 7160
714 715 7160
263 634 7160
13 595 7160
172 358 7160
156 428 7160
66 404 7160
169 709 7160
86 92 7160
279 468 7160
259 496 7160
325 420 7160
220 568 7160
24 146 7160
152 555 7160
268 444 7160
236 555 7160
283 556 7160
80 250 7160
171 218 7160
295 643 7160
172 534 7160
248 623 7160
320 657 7160
332 622 7160
52 266 7160
308 497 7160
90 575 7160
331 395 7160
241 407 7160
183 277 7160
11 260 7160
169 569 7160
14 322 7160
192 358 7160
206 617 7160
126 360 7160
313 373 7160
28 554 7160
2 235 7160
180 507 7160
228 568 7160
260 503 7160
268 371 7160
32 246 7160
312 589 7160
150 260 7160
140 482 7160
222 555 7160
266 407 7160
251 698 7160
282 484 7160
100 333 7160
253 310 7160
232 326 7160
322 435 7160
132 274 7160
29 589 7160
307 354 7160
219 412 7160
254 430 7160
90 202 7160
333 428 7160
353 647 7160
135 278 7160
51 623 7160
296 394 7160
48 366 7160
18 288 7160
130 424 7160
91 120 7160
325 712 7160
249 648 7160
323 634 7160
213 500 7160
245 481 7160
355 403 7160
273 389 7160
348 657 7160
273 331 7160
232 446 7160
213 489 7160
335 694 7160
182 665 7160
295 645 7160
263 371 7160
357 630 7160
72 674 7160
237 665 7160
72 195 7160
287 563 7160
336 354 7160
187 618 7160
50 534 7160
282 380 7160
75 159 7160
11 65 7160
207 284 7160
2 495 7160
4 697 7160
215 595 7160
325 556 7160
275 344 7160
146 367 7160
284 586 7160
221 545 7160
16 663 7160
50 301 7160
39 705 7160
33 304 7160
264 308 7160
343 591 7160
353 553 7160
34 233 7160
349 600 7160
216 240 7160
84 694 7160
135 378 7160
248 709 7160
126 621 7160
140 212 7160
355 637 7160
313 643 7160
316 537 7160
6 634 7160
192 572 7160
80 507 7160
229 676 7160
95 463 7160
350 557 7160
214 658 7160
81 268 7160
37 219 7160
252 267 7160
184 216 7160
320 415 7160
147 597 7160
126 391 7160
251 617 7160
78 656 7160
239 527 7160
340 493 7160
6 330 7160
49 495 7160
226 436 7160
320 348 7160
243 672 7160
141 414 7160
212 445 7160
330 700 7160
271 285 7160
334 439 7160
158 500 7160
189 683 7160
247 406 7160
24 457 7160
11 656 7160
88 604 7160
222 612 7160
133 658 7160
259 637 7160
299 339 7160
352 641 7160
5 163 7160
323 346 7160
165 641 7160
89 456 7160
246 320 7160
50 624 7160
79 205 7160
100 444 7160
28 161 7160
338 475 7160
188 439 7160
124 304 7160
74 287 7160
300 444 7160
241 268 7160
92 439 7160
270 646 7160
289 512 7160
56 601 7160
4 123 7160
64 659 7160
118 404 7160
39 693 7160
165 319 7160
303 446 7160
109 147 7160
344 530 7160
327 609 7160
249 589 7160
187 654 7160
188 712 7160
176 476 7160
197 436 7160
139 511 7160
249 374 7160
320 422 7160
315 510 7160
28 663 7160
345 540 7160
326 567 7160
127 425 7160
184 558 7160
288 471 7160
352 497 7160
47 72 7160
352 423 7160
18 472 7160
226 534 7160
129 452 7160
236 272 7160
50 357 7160
312 380 7160
169 646 7160
154 659 7160
169 703 7160
345 447 7160
44 645 7160
337 537 7160
88 497 7160
32 77 7160
326 687 7160
44 521 7160
94 681 7160
107 527 7160
209 326 7160
276 697 7160
285 385 7160
258 367 7160
185 444 7160
244 300 7160
86 323 7160
114 589 7160
9 432 7160
278 282 7160
118 558 7160
8 375 7160
122 359 7160
258 545 7160
207 511 7160
31 562 7160
316 636 7160
344 485 7160
202 315 7160
258 697 7160
188 358 7160
274 415 7160
144 483 7160
125 664 7160
121 615 7160
263 360 7160
273 321 7160
203 632 7160
223 672 7160
117 712 7160
61 711 7160
8 418 7160
330 686 7160
105 667 7160
83 572 7160
328 615 7160
150 693 7160
61 209 7160
186 280 7160
139 696 7160
7 337 7160
157 480 7160
67 274 7160
165 608 7160
220 351 7160
346 475 7160
129 462 7160
193 560 7160
293 513 7160
95 406 7160
45 110 7160
208 554 7160
221 616 7160
227 232 7160
317 496 7160
41 328 7160
58 425 7160
313 633 7160
313 497 7160
83 152 7160
313 380 7160
133 485 7160
16 552 7160
317 367 7160
78 494 7160
144 573 7160
2 477 7160
179 305 7160
296 574 7160
298 375 7160
159 324 7160
245 490 7160
343 404 7160
16 658 7160
228 638 7160
59 638 7160
176 483 7160
330 666 7160
222 602 7160
304 542 7160
265 366 7160
267 532 7160
144 462 7160
108 388 7160
52 532 7160
151 201 7160
67 266 7160
192 367 7160
38 139 7160
81 607 7160
140 226 7160
256 491 7160
150 192 7160
331 555 7160
279 683 7160
75 191 7160
43 104 7160
2 483 7160
352 697 7160
243 482 7160
85 639 7160
286 508 7160
252 473 7160
294 593 7160
325 338 7160
325 569 7160
39 173 7160
83 140 7160
243 660 7160
157 378 7160
112 527 7160
168 511 7160
31 308 7160
320 592 7160
269 511 7160
159 668 7160
190 230 7160
348 526 7160
62 337 7160
223 594 7160
301 375 7160
44 446 7160
221 631 7160
225 260 7160
289 535 7160
315 628 7160
107 118 7160
301 528 7160
121 598 7160
90 308 7160
132 697 7160
207 283 7160
43 289 7160
279 324 7160
216 591 7160
273 663 7160
341 580 7160
246 391 7160
151 685 7160
91 406 7160
95 310 7160
17 637 7160
234 534 7160
56 354 7160
79 584 7160
142 620 7160
274 427 7160
345 542 7160
198 267 7160
130 263 7160
68 654 7160
77 589 7160
230 238 7160
134 301 7160
274 333 7160
12 577 7160
94 616 7160
284 460 7160
318 483 7160
81 302 7160
55 60 7160
201 580 7160
253 296 7160
29 166 7160
100 605 7160
100 348 7160
347 462 7160
225 413 7160
292 549 7160
31 128 7160
162 478 7160
39 411 7160
254 626 7160
184 602 7160
65 467 7160
201 702 7160
311 361 7160
84 253 7160
315 367 7160
6 157 7160
128 271 7160
95 241 7160
239 656 7160
253 368 7160
321 573 7160
325 586 7160
268 325 7160
315 652 7160
105 476 7160
175 373 7160
342 595 7160
335 407 7160
82 303 7160
267 562 7160
305 327 7160
20 376 7160
64 656 7160
283 480 7160
81 295 7160
90 584 7160
29 456 7160
269 502 7160
110 597 7160
296 514 7160
100 709 7160
8 580 7160
114 711 7160
194 462 7160
320 435 7160
301 535 7160
139 487 7160
98 419 7160
229 593 7160
266 708 7160
151 525 7160
152 687 7160
354 660 7160
101 524 7160
268 592 7160
353 621 7160
91 127 7160
189 642 7160
166 713 7160
307 383 7160
190 441 7160
317 610 7160
325 545 7160
33 159 7160
299 515 7160
246 351 7160
127 649 7160
224 505 7160
284 416 7160
273 546 7160
13 233 7160
159 643 7160
295 380 7160
64 293 7160
335 476 7160
144 383 7160
242 586 7160
257 697 7160
101 306 7160
58 653 7160
295 433 7160
27 479 7160
114 463 7160
154 222 7160
286 610 7160
342 678 7160
333 642 7160
109 477 7160
280 600 7160
297 393 7160
212 391 7160
7 648 7160
34 191 7160
189 633 7160
139 247 7160
22 662 7160
352 502 7160
192 671 7160
188 385 7160
89 396 7160
73 324 7160
24 216 7160
172 218 7160
115 566 7160
116 270 7160
13 610 7160
261 482 7160
143 606 7160
308 533 7160
82 599 7160
236 707 7160
141 222 7160
86 711 7160
27 425 7160
55 172 7160
64 194 7160
174 347 7160
106 612 7160
117 451 7160
293 377 7160
73 188 7160
66 434 7160
356 554 7160
32 413 7160
77 590 7160
38 253 7160
187 616 7160
346 535 7160
3 158 7160
187 657 7160
211 578 7160
234 356 7160
11 579 7160
35 316 7160
235 658 7160
327 422 7160
317 519 7160
81 691 7160
175 642 7160
285 460 7160
325 473 7160
97 214 7160
53 295 7160
146 320 7160
136 535 7160
172 491 7160
232 438 7160
314 351 7160
85 705 7160
308 378 7160
284 291 7160
273 528 7160
70 453 7160
256 302 7160
176 597 7160
106 166 7160
122 490 7160
193 493 7160
329 469 7160
57 647 7160
357 423 7160
228 619 7160
295 375 7160
271 383 7160
30 426 7160
356 394 7160
129 178 7160
179 191 7160
182 238 7160
5 209 7160
298 607 7160
106 364 7160
219 561 7160
320 715 7160
310 708 7160
290 425 7160
113 491 7160
184 631 7160
261 436 7160
206 524 7160
31 663 7160
148 193 7160
195 289 7160
338 533 7160
325 512 7160
299 376 7160
50 370 7160
11 494 7160
319 534 7160
138 242 7160
89 162 7160
348 553 7160
159 380 7160
223 289 7160
42 391 7160
99 352 7160
299 648 7160
181 393 7160
1 677 7160
54 420 7160
280 353 7160
143 318 7160
193 403 7160
352 425 7160
25 446 7160
202 366 7160
327 431 7160
278 306 7160
154 512 7160
283 648 7160
74 514 7160
17 605 7160
256 335 7160
274 359 7160
249 253 7160
80 395 7160
216 601 7160
280 487 7160
78 670 7160
326 423 7160
56 84 7160
195 351 7160
265 670 7160
288 682 7160
145 303 7160
3 297 7160
85 591 7160
132 669 7160
142 164 7160
152 546 7160
13 138 7160
178 348 7160
197 561 7160
57 325 7160
54 624 7160
23 235 7160
314 547 7160
164 671 7160
245 490 7160
169 487 7160
85 111 7160
259 284 7160
253 577 7160
249 572 7160
306 548 7160
29 584 7160
127 145 7160
226 300 7160
180 497 7160
266 325 7160
353 376 7160
41 683 7160
236 665 7160
119 128 7160
204 657 7160
41 406 7160
349 383 7160
276 292 7160
356 675 7160
270 437 7160
277 402 7160
326 352 7160
240 475 7160
116 700 7160
25 277 7160
193 586 7160
82 306 7160
71 78 7160
182 676 7160
165 464 7160
135 296 7160
13 583 7160
134 584 7160
167 657 7160
113 562 7160
189 591 7160
275 298 7160
143 473 7160
4 457 7160
58 314 7160
213 221 7160
115 262 7160
181 315 7160
74 154 7160
349 672 7160
55 661 7160
231 239 7160
314 669 7160
224 301 7160
109 119 7160
171 536 7160
34 283 7160
305 496 7160
214 377 7160
259 375 7160
335 583 7160
115 450 7160
55 209 7160
283 295 7160
75 510 7160
282 677 7160
349 527 7160
120 711 7160
169 423 7160
349 668 7160
343 703 7160
133 564 7160
128 132 7160
8 339 7160
154 423 7160
232 690 7160
72 547 7160
68 539 7160
115 264 7160
321 576 7160
216 677 7160
97 377 7160
282 615 7160
59 245 7160
227 505 7160
124 591 7160
104 530 7160
19 155 7160
53 236 7160
59 478 7160
