0 1 7200
1 2 7200
2 3 7200
3 4 7200
4 5 7200
5 6 7200
6 7 7200
7 8 7200
8 9 7200
9 10 7200
10 11 7200
11 12 7200
12 13 7200
13 14 7200
14 15 7200
15 16 7200
16 17 7200
17 18 7200
18 19 7200
19 20 7200
20 21 7200
21 22 7200
22 23 7200
23 24 7200
24 25 7200
25 26 7200
26 27 7200
27 28 7200
28 29 7200
29 30 7200
30 31 7200
31 32 7200
32 33 7200
33 34 7200
34 35 7200
35 36 7200
36 37 7200
37 38 7200
38 39 7200
39 40 7200
40 41 7200
41 42 7200
42 43 7200
43 44 7200
44 45 7200
45 46 7200
46 47 7200
47 48 7200
48 49 7200
49 50 7200
50 51 7200
51 52 7200
52 53 7200
53 54 7200
54 55 7200
55 56 7200
56 57 7200
57 58 7200
58 59 7200
59 60 7200
60 61 7200
61 62 7200
62 63 7200
63 64 7200
64 65 7200
65 66 7200
66 67 7200
67 68 7200
68 69 7200
69 70 7200
70 71 7200
71 72 7200
72 73 7200
73 74 7200
74 75 7200
75 76 7200
76 77 7200
77 78 7200
78 79 7200
79 80 7200
80 81 7200
81 82 7200
82 83 7200
83 84 7200
84 85 7200
85 86 7200
86 87 7200
87 88 7200
88 89 7200
89 90 7200
90 91 7200
91 92 7200
92 93 7200
93 94 7200
94 95 7200
95 96 7200
96 97 7200
97 98 7200
98 99 7200
99 100 7200
100 101 7200
101 102 7200
102 103 7200
103 104 7200
104 105 7200
105 106 7200
106 107 7200
107 108 7200
108 109 7200
109 110 7200
110 111 7200
111 112 7200
112 113 7200
113 114 7200
114 115 7200
115 116 7200
116 117 7200
117 118 7200
118 119 7200
119 120 7200
120 121 7200
121 122 7200
122 123 7200
123 124 7200
124 125 7200
125 126 7200
126 127 7200
127 128 7200
128 129 7200
129 130 7200
130 131 7200
131 132 7200
132 133 7200
133 134 7200
134 135 7200
135 136 7200
136 137 7200
137 138 7200
138 139 7200
139 140 7200
140 141 7200
141 142 7200
142 143 7200
143 144 7200
144 145 7200
145 146 7200
146 147 7200
147 148 7200
148 149 7200
149 150 7200
150 151 7200
151 152 7200
152 153 7200
153 154 7200
154 155 7200
155 156 7200
156 157 7200
157 158 7200
158 159 7200
159 160 7200
160 161 7200
161 162 7200
162 163 7200
163 164 7200
164 165 7200
165 166 7200
166 167 7200
167 168 7200
168 169 7200
169 170 7200
170 171 7200
171 172 7200
172 173 7200
173 174 7200
174 175 7200
175 176 7200
176 177 7200
177 178 7200
178 179 7200
179 180 7200
180 181 7200
181 182 7200
182 183 7200
183 184 7200
184 185 7200
185 186 7200
186 187 7200
187 188 7200
188 189 7200
189 190 7200
190 191 7200
191 192 7200
192 193 7200
193 194 7200
194 195 7200
195 196 7200
196 197 7200
197 198 7200
198 199 7200
199 200 7200
200 201 7200
201 202 7200
202 203 7200
203 204 7200
204 205 7200
205 206 7200
206 207 7200
207 208 7200
208 209 7200
209 210 7200
210 211 7200
211 212 7200
212 213 7200
213 214 7200
214 215 7200
215 216 7200
216 217 7200
217 218 7200
218 219 7200
219 220 7200
220 221 7200
221 222 7200
222 223 7200
223 224 7200
224 225 7200
225 226 7200
226 227 7200
227 228 7200
228 229 7200
229 230 7200
230 231 7200
231 232 7200
232 233 7200
233 234 7200
234 235 7200
235 236 7200
236 237 7200
237 238 7200
238 239 7200
239 240 7200
240 241 7200
241 242 7200
242 243 7200
243 244 7200
244 245 7200
245 246 7200
246 247 7200
247 248 7200
248 249 7200
249 250 7200
250 251 7200
251 252 7200
252 253 7200
253 254 7200
254 255 7200
255 256 7200
256 257 7200
257 258 7200
258 259 7200
259 260 7200
260 261 7200
261 262 7200
262 263 7200
263 264 7200
264 265 7200
265 266 7200
266 267 7200
267 268 7200
268 269 7200
269 270 7200
270 271 7200
271 272 7200
272 273 7200
273 274 7200
274 275 7200
275 276 7200
276 277 7200
277 278 7200
278 279 7200
279 280 7200
280 281 7200
281 282 7200
282 283 7200
283 284 7200
284 285 7200
285 286 7200
286 287 7200
287 288 7200
288 289 7200
289 290 7200
290 291 7200
291 292 7200
292 293 7200
293 294 7200
294 295 7200
295 296 7200
296 297 7200
297 298 7200
298 299 7200
299 300 7200
300 301 7200
301 302 7200
302 303 7200
303 304 7200
304 305 7200
305 306 7200
306 307 7200
307 308 7200
308 309 7200
309 310 7200
310 311 7200
311 312 7200
312 313 7200
313 314 7200
314 315 7200
315 316 7200
316 317 7200
317 318 7200
318 319 7200
319 320 7200
320 321 7200
321 322 7200
322 323 7200
323 324 7200
324 325 7200
325 326 7200
326 327 7200
327 328 7200
328 329 7200
329 330 7200
330 331 7200
331 332 7200
332 333 7200
333 334 7200
334 335 7200
335 336 7200
336 337 7200
337 338 7200
338 339 7200
339 340 7200
340 341 7200
341 342 7200
342 343 7200
343 344 7200
344 345 7200
345 346 7200
346 347 7200
347 348 7200
348 349 7200
349 350 7200
350 351 7200
351 352 7200
352 353 7200
353 354 7200
354 355 7200
355 356 7200
356 357 7200
357 358 7200
358 359 7200
359 360 7200
360 361 7200
361 362 7200
362 363 7200
363 364 7200
364 365 7200
365 366 7200
366 367 7200
367 368 7200
368 369 7200
369 370 7200
370 371 7200
371 372 7200
372 373 7200
373 374 7200
374 375 7200
375 376 7200
376 377 7200
377 378 7200
378 379 7200
379 380 7200
380 381 7200
381 382 7200
382 383 7200
383 384 7200
384 385 7200
385 386 7200
386 387 7200
387 388 7200
388 389 7200
389 390 7200
390 391 7200
391 392 7200
392 393 7200
393 394 7200
394 395 7200
395 396 7200
396 397 7200
397 398 7200
398 399 7200
399 400 7200
400 401 7200
401 402 7200
402 403 7200
403 404 7200
404 405 7200
405 406 7200
406 407 7200
407 408 7200
408 409 7200
409 410 7200
410 411 7200
411 412 7200
412 413 7200
413 414 7200
414 415 7200
415 416 7200
416 417 7200
417 418 7200
418 419 7200
419 420 7200
420 421 7200
421 422 7200
422 423 7200
423 424 7200
424 425 7200
425 426 7200
426 427 7200
427 428 7200
428 429 7200
429 430 7200
430 431 7200
431 432 7200
432 433 7200
433 434 7200
434 435 7200
435 436 7200
436 437 7200
437 438 7200
438 439 7200
439 440 7200
440 441 7200
441 442 7200
442 443 7200
443 444 7200
444 445 7200
445 446 7200
446 447 7200
447 448 7200
448 449 7200
449 450 7200
450 451 7200
451 452 7200
452 453 7200
453 454 7200
454 455 7200
455 456 7200
456 457 7200
457 458 7200
458 459 7200
459 460 7200
460 461 7200
461 462 7200
462 463 7200
463 464 7200
464 465 7200
465 466 7200
466 467 7200
467 468 7200
468 469 7200
469 470 7200
470 471 7200
471 472 7200
472 473 7200
473 474 7200
474 475 7200
475 476 7200
476 477 7200
477 478 7200
478 479 7200
479 480 7200
480 481 7200
481 482 7200
482 483 7200
483 484 7200
484 485 7200
485 486 7200
486 487 7200
487 488 7200
488 489 7200
489 490 7200
490 491 7200
491 492 7200
492 493 7200
493 494 7200
494 495 7200
495 496 7200
496 497 7200
497 498 7200
498 499 7200
499 500 7200
500 501 7200
501 502 7200
502 503 7200
503 504 7200
504 505 7200
505 506 7200
506 507 7200
507 508 7200
508 509 7200
509 510 7200
510 511 7200
511 512 7200
512 513 7200
513 514 7200
514 515 7200
515 516 7200
516 517 7200
517 518 7200
518 519 7200
519 520 7200
520 521 7200
521 522 7200
522 523 7200
523 524 7200
524 525 7200
525 526 7200
526 527 7200
527 528 7200
528 529 7200
529 530 7200
530 531 7200
531 532 7200
532 533 7200
533 534 7200
534 535 7200
535 536 7200
536 537 7200
537 538 7200
538 539 7200
539 540 7200
540 541 7200
541 542 7200
542 543 7200
543 544 7200
544 545 7200
545 546 7200
546 547 7200
547 548 7200
548 549 7200
549 550 7200
550 551 7200
551 552 7200
552 553 7200
553 554 7200
554 555 7200
555 556 7200
556 557 7200
557 558 7200
558 559 7200
559 560 7200
560 561 7200
561 562 7200
562 563 7200
563 564 7200
564 565 7200
565 566 7200
566 567 7200
567 568 7200
568 569 7200
569 570 7200
570 571 7200
571 572 7200
572 573 7200
573 574 7200
574 575 7200
575 576 7200
576 577 7200
577 578 7200
578 579 7200
579 580 7200
580 581 7200
581 582 7200
582 583 7200
583 584 7200
584 585 7200
585 586 7200
586 587 7200
587 588 7200
588 589 7200
589 590 7200
590 591 7200
591 592 7200
592 593 7200
593 594 7200
594 595 7200
595 596 7200
596 597 7200
597 598 7200
598 599 7200
599 600 7200
600 601 7200
601 602 7200
602 603 7200
603 604 7200
604 605 7200
605 606 7200
606 607 7200
607 608 7200
608 609 7200
609 610 7200
610 611 7200
611 612 7200
612 613 7200
613 614 7200
614 615 7200
615 616 7200
616 617 7200
617 618 7200
618 619 7200
619 620 7200
620 621 7200
621 622 7200
622 623 7200
623 624 7200
624 625 7200
625 626 7200
626 627 7200
627 628 7200
628 629 7200
629 630 7200
630 631 7200
631 632 7200
632 633 7200
633 634 7200
634 635 7200
635 636 7200
636 637 7200
637 638 7200
638 639 7200
639 640 7200
640 641 7200
641 642 7200
642 643 7200
643 644 7200
644 645 7200
645 646 7200
646 647 7200
647 648 7200
648 649 7200
649 650 7200
650 651 7200
651 652 7200
652 653 7200
653 654 7200
654 655 7200
655 656 7200
656 657 7200
657 658 7200
658 659 7200
659 660 7200
660 661 7200
661 662 7200
662 663 7200
663 664 7200
664 665 7200
665 666 7200
666 667 7200
667 668 7200
668 669 7200
669 670 7200
670 671 7200
671 672 7200
672 673 7200
673 674 7200
674 675 7200
675 676 7200
676 677 7200
677 678 7200
678 679 7200
679 680 7200
680 681 7200
681 682 7200
682 683 7200
683 684 7200
684 685 7200
685 686 7200
686 687 7200
687 688 7200
688 689 7200
689 690 7200
690 691 7200
691 692 7200
692 693 7200
693 694 7200
694 695 7200
695 696 7200
696 697 7200
697 698 7200
698 699 7200
699 700 7200
700 701 7200
701 702 7200
702 703 7200
703 704 7200
704 705 7200
705 706 7200
706 707 7200
707 708 7200
708 709 7200
709 710 7200
710 711 7200
711 712 7200
712 713 7200
713 714 7200
714 715 7200
715 716 7200
716 717 7200
717 718 7200
718 719 7200
47 376 7200
259 454 7200
241 689 7200
113 442 7200
170 550 7200
280 665 7200
115 597 7200
357 407 7200
7 697 7200
193 486 7200
281 359 7200
148 396 7200
271 606 7200
145 678 7200
268 540 7200
332 713 7200
223 290 7200
149 223 7200
99 324 7200
323 460 7200
201 214 7200
360 392 7200
8 385 7200
259 411 7200
225 387 7200
71 289 7200
269 538 7200
240 505 7200
177 388 7200
183 226 7200
322 693 7200
340 686 7200
131 397 7200
360 622 7200
136 238 7200
234 477 7200
95 97 7200
134 493 7200
193 345 7200
69 662 7200
97 391 7200
345 704 7200
323 632 7200
101 462 7200
7 428 7200
329 634 7200
323 330 7200
260 327 7200
91 662 7200
350 408 7200
273 597 7200
272 345 7200
190 364 7200
260 457 7200
254 550 7200
151 479 7200
111 342 7200
179 529 7200
95 432 7200
202 693 7200
179 626 7200
275 356 7200
197 206 7200
317 525 7200
103 447 7200
18 704 7200
20 598 7200
319 710 7200
352 565 7200
325 479 7200
21 540 7200
126 316 7200
257 661 7200
165 241 7200
307 446 7200
67 120 7200
230 279 7200
292 646 7200
82 187 7200
49 171 7200
249 364 7200
103 212 7200
247 474 7200
190 239 7200
27 675 7200
345 626 7200
184 377 7200
243 712 7200
32 533 7200
113 256 7200
254 421 7200
323 445 7200
187 390 7200
65 688 7200
346 392 7200
314 626 7200
216 356 7200
151 218 7200
89 281 7200
310 704 7200
31 151 7200
236 471 7200
112 368 7200
77 408 7200
117 592 7200
237 556 7200
189 323 7200
205 600 7200
216 450 7200
299 661 7200
7 20 7200
152 283 7200
71 231 7200
160 295 7200
228 654 7200
350 436 7200
217 653 7200
303 519 7200
307 413 7200
234 483 7200
41 156 7200
49 163 7200
39 642 7200
176 457 7200
267 623 7200
186 581 7200
117 130 7200
168 307 7200
81 228 7200
308 358 7200
156 502 7200
356 456 7200
276 582 7200
237 698 7200
41 57 7200
139 366 7200
41 114 7200
67 263 7200
77 139 7200
221 444 7200
154 179 7200
285 311 7200
160 188 7200
69 507 7200
309 564 7200
161 406 7200
316 711 7200
99 269 7200
34 697 7200
23 449 7200
195 368 7200
318 520 7200
274 568 7200
331 393 7200
3 319 7200
299 398 7200
118 145 7200
189 635 7200
161 549 7200
178 280 7200
54 177 7200
332 682 7200
185 714 7200
277 445 7200
239 255 7200
192 200 7200
238 582 7200
107 394 7200
238 418 7200
164 260 7200
153 210 7200
123 455 7200
196 340 7200
269 596 7200
236 241 7200
92 576 7200
194 463 7200
240 299 7200
22 554 7200
209 407 7200
245 704 7200
115 552 7200
241 481 7200
265 665 7200
8 108 7200
198 644 7200
279 667 7200
299 558 7200
97 572 7200
292 437 7200
132 618 7200
255 638 7200
131 701 7200
276 429 7200
284 626 7200
314 652 7200
143 452 7200
172 528 7200
33 637 7200
273 670 7200
194 378 7200
338 637 7200
316 414 7200
38 657 7200
104 564 7200
218 262 7200
237 616 7200
265 598 7200
10 471 7200
37 212 7200
67 410 7200
140 688 7200
294 424 7200
202 631 7200
26 486 7200
197 455 7200
35 557 7200
342 386 7200
202 581 7200
72 681 7200
111 115 7200
184 597 7200
54 219 7200
247 326 7200
151 485 7200
276 393 7200
221 596 7200
13 485 7200
252 490 7200
192 522 7200
323 468 7200
310 513 7200
83 564 7200
55 391 7200
112 326 7200
157 583 7200
223 403 7200
295 578 7200
191 493 7200
45 475 7200
170 455 7200
328 412 7200
263 537 7200
152 460 7200
93 572 7200
3 254 7200
265 558 7200
21 555 7200
235 268 7200
339 405 7200
252 301 7200
329 703 7200
210 287 7200
218 355 7200
172 556 7200
334 695 7200
313 343 7200
95 482 7200
126 622 7200
80 426 7200
246 639 7200
36 670 7200
87 640 7200
321 616 7200
140 617 7200
201 475 7200
139 240 7200
152 397 7200
47 324 7200
173 432 7200
192 584 7200
6 98 7200
286 700 7200
153 178 7200
37 63 7200
155 473 7200
191 199 7200
256 641 7200
237 554 7200
265 366 7200
351 467 7200
119 529 7200
254 557 7200
162 604 7200
39 645 7200
291 310 7200
191 647 7200
106 496 7200
219 244 7200
208 320 7200
128 669 7200
332 334 7200
10 290 7200
170 461 7200
83 712 7200
244 639 7200
347 512 7200
86 240 7200
102 623 7200
185 622 7200
253 704 7200
204 419 7200
184 590 7200
201 385 7200
212 295 7200
186 560 7200
193 421 7200
331 572 7200
149 455 7200
158 641 7200
41 372 7200
154 341 7200
235 402 7200
266 283 7200
15 57 7200
360 658 7200
208 406 7200
334 404 7200
81 440 7200
37 495 7200
302 629 7200
169 527 7200
136 663 7200
298 355 7200
269 426 7200
78 117 7200
105 383 7200
217 503 7200
37 681 7200
15 67 7200
159 295 7200
288 428 7200
342 435 7200
64 99 7200
119 271 7200
206 331 7200
268 327 7200
28 130 7200
200 578 7200
64 171 7200
129 462 7200
17 361 7200
36 485 7200
55 555 7200
285 496 7200
292 444 7200
131 422 7200
298 586 7200
320 628 7200
180 436 7200
200 401 7200
91 698 7200
52 178 7200
40 120 7200
87 314 7200
25 285 7200
105 635 7200
20 256 7200
288 369 7200
56 525 7200
355 362 7200
118 397 7200
127 421 7200
198 321 7200
302 406 7200
240 277 7200
339 681 7200
351 398 7200
150 177 7200
205 615 7200
175 582 7200
73 105 7200
232 630 7200
360 698 7200
20 170 7200
275 548 7200
64 134 7200
0 324 7200
104 577 7200
147 687 7200
287 618 7200
322 374 7200
341 660 7200
148 410 7200
48 285 7200
11 127 7200
61 323 7200
33 701 7200
51 590 7200
73 279 7200
330 577 7200
352 439 7200
73 313 7200
319 482 7200
88 689 7200
50 227 7200
162 682 7200
201 268 7200
239 568 7200
355 664 7200
263 510 7200
98 134 7200
204 231 7200
9 308 7200
277 340 7200
183 435 7200
187 351 7200
232 409 7200
184 525 7200
187 594 7200
340 654 7200
3 324 7200
319 561 7200
184 264 7200
90 335 7200
106 579 7200
3 491 7200
207 459 7200
81 316 7200
354 647 7200
145 510 7200
118 234 7200
15 335 7200
262 325 7200
39 124 7200
249 409 7200
226 419 7200
344 528 7200
82 146 7200
116 458 7200
22 571 7200
58 556 7200
275 308 7200
350 708 7200
203 690 7200
102 293 7200
346 703 7200
73 317 7200
23 511 7200
52 94 7200
208 241 7200
7 713 7200
186 380 7200
302 472 7200
327 573 7200
251 616 7200
360 574 7200
319 658 7200
32 153 7200
297 591 7200
191 340 7200
304 676 7200
317 681 7200
182 351 7200
94 569 7200
306 465 7200
243 293 7200
359 408 7200
341 485 7200
204 475 7200
290 487 7200
194 298 7200
145 349 7200
128 210 7200
299 323 7200
347 718 7200
264 372 7200
201 706 7200
279 405 7200
112 126 7200
60 436 7200
115 287 7200
198 324 7200
14 362 7200
10 491 7200
231 420 7200
27 239 7200
3 643 7200
108 186 7200
340 356 7200
78 432 7200
328 333 7200
110 217 7200
129 425 7200
22 168 7200
163 372 7200
110 709 7200
105 317 7200
184 705 7200
69 562 7200
299 477 7200
27 206 7200
86 600 7200
253 463 7200
156 435 7200
89 300 7200
55 600 7200
229 481 7200
236 647 7200
93 479 7200
78 527 7200
270 360 7200
266 536 7200
98 390 7200
328 634 7200
235 270 7200
253 697 7200
153 185 7200
117 230 7200
91 347 7200
148 428 7200
12 573 7200
359 406 7200
292 705 7200
102 642 7200
39 470 7200
173 706 7200
359 674 7200
151 176 7200
285 662 7200
178 418 7200
309 341 7200
299 463 7200
313 637 7200
6 589 7200
346 404 7200
23 528 7200
47 54 7200
229 716 7200
215 630 7200
245 599 7200
186 210 7200
226 518 7200
294 362 7200
52 708 7200
294 559 7200
61 489 7200
277 471 7200
86 342 7200
333 620 7200
247 639 7200
293 375 7200
278 636 7200
54 712 7200
287 632 7200
186 430 7200
111 530 7200
354 404 7200
140 716 7200
148 210 7200
152 640 7200
293 555 7200
133 192 7200
47 532 7200
317 335 7200
251 295 7200
29 141 7200
5 84 7200
10 412 7200
343 386 7200
322 533 7200
36 544 7200
63 524 7200
38 324 7200
195 638 7200
226 370 7200
128 675 7200
343 645 7200
159 636 7200
67 422 7200
79 542 7200
328 453 7200
208 597 7200
193 645 7200
157 181 7200
145 631 7200
219 289 7200
116 529 7200
254 439 7200
100 594 7200
109 376 7200
23 158 7200
142 668 7200
130 413 7200
78 468 7200
267 428 7200
255 399 7200
13 708 7200
360 627 7200
230 594 7200
310 637 7200
17 162 7200
61 152 7200
178 691 7200
56 252 7200
203 524 7200
167 315 7200
69 501 7200
255 524 7200
269 685 7200
300 386 7200
129 484 7200
261 351 7200
348 503 7200
251 265 7200
20 712 7200
337 642 7200
228 486 7200
315 372 7200
227 327 7200
40 54 7200
315 516 7200
309 472 7200
342 610 7200
119 180 7200
26 451 7200
229 361 7200
202 304 7200
166 710 7200
212 384 7200
38 57 7200
23 379 7200
55 239 7200
105 208 7200
189 496 7200
142 205 7200
71 435 7200
346 659 7200
65 566 7200
143 358 7200
41 91 7200
263 690 7200
253 271 7200
102 603 7200
304 400 7200
196 713 7200
301 503 7200
44 185 7200
216 542 7200
254 288 7200
73 145 7200
318 509 7200
284 563 7200
290 338 7200
289 605 7200
353 591 7200
211 670 7200
88 113 7200
345 670 7200
163 360 7200
323 446 7200
207 226 7200
113 633 7200
88 226 7200
212 682 7200
183 190 7200
263 382 7200
156 522 7200
141 338 7200
251 384 7200
74 550 7200
140 436 7200
33 488 7200
226 240 7200
241 681 7200
251 329 7200
353 685 7200
216 494 7200
208 614 7200
59 155 7200
183 483 7200
281 568 7200
347 568 7200
354 674 7200
64 514 7200
40 228 7200
22 198 7200
339 667 7200
256 591 7200
196 256 7200
127 244 7200
335 676 7200
267 675 7200
170 567 7200
307 426 7200
204 670 7200
115 203 7200
210 628 7200
54 625 7200
161 710 7200
250 701 7200
99 140 7200
216 337 7200
324 523 7200
327 465 7200
185 382 7200
63 470 7200
235 685 7200
9 168 7200
41 263 7200
26 582 7200
176 364 7200
224 229 7200
49 585 7200
272 459 7200
38 283 7200
51 352 7200
9 50 7200
300 539 7200
347 470 7200
78 91 7200
32 376 7200
30 274 7200
166 292 7200
351 567 7200
13 114 7200
76 102 7200
