0 1 7240
1 2 7240
2 3 7240
3 4 7240
4 5 7240
5 6 7240
6 7 7240
7 8 7240
8 9 7240
9 10 7240
10 11 7240
11 12 7240
12 13 7240
13 14 7240
14 15 7240
15 16 7240
16 17 7240
17 18 7240
18 19 7240
19 20 7240
20 21 7240
21 22 7240
22 23 7240
23 24 7240
24 25 7240
25 26 7240
26 27 7240
27 28 7240
28 29 7240
29 30 7240
30 31 7240
31 32 7240
32 33 7240
33 34 7240
34 35 7240
35 36 7240
36 37 7240
37 38 7240
38 39 7240
39 40 7240
40 41 7240
41 42 7240
42 43 7240
43 44 7240
44 45 7240
45 46 7240
46 47 7240
47 48 7240
48 49 7240
49 50 7240
50 51 7240
51 52 7240
52 53 7240
53 54 7240
54 55 7240
55 56 7240
56 57 7240
57 58 7240
58 59 7240
59 60 7240
60 61 7240
61 62 7240
62 63 7240
63 64 7240
64 65 7240
65 66 7240
66 67 7240
67 68 7240
68 69 7240
69 70 7240
70 71 7240
71 72 7240
72 73 7240
73 74 7240
74 75 7240
75 76 7240
76 77 7240
77 78 7240
78 79 7240
79 80 7240
80 81 7240
81 82 7240
82 83 7240
83 84 7240
84 85 7240
85 86 7240
86 87 7240
87 88 7240
88 89 7240
89 90 7240
90 91 7240
91 92 7240
92 93 7240
93 94 7240
94 95 7240
95 96 7240
96 97 7240
97 98 7240
98 99 7240
99 100 7240
100 101 7240
101 102 7240
102 103 7240
103 104 7240
104 105 7240
105 106 7240
106 107 7240
107 108 7240
108 109 7240
109 110 7240
110 111 7240
111 112 7240
112 113 7240
113 114 7240
114 115 7240
115 116 7240
116 117 7240
117 118 7240
118 119 7240
119 120 7240
120 121 7240
121 122 7240
122 123 7240
123 124 7240
124 125 7240
125 126 7240
126 127 7240
127 128 7240
128 129 7240
129 130 7240
130 131 7240
131 132 7240
132 133 7240
133 134 7240
134 135 7240
135 136 7240
136 137 7240
137 138 7240
138 139 7240
139 140 7240
140 141 7240
141 142 7240
142 143 7240
143 144 7240
144 145 7240
145 146 7240
146 147 7240
147 148 7240
148 149 7240
149 150 7240
150 151 7240
151 152 7240
152 153 7240
153 154 7240
154 155 7240
155 156 7240
156 157 7240
157 158 7240
158 159 7240
159 160 7240
160 161 7240
161 162 7240
162 163 7240
163 164 7240
164 165 7240
165 166 7240
166 167 7240
167 168 7240
168 169 7240
169 170 7240
170 171 7240
171 172 7240
172 173 7240
173 174 7240
174 175 7240
175 176 7240
176 177 7240
177 178 7240
178 179 7240
179 180 7240
180 181 7240
181 182 7240
182 183 7240
183 184 7240
184 185 7240
185 186 7240
186 187 7240
187 188 7240
188 189 7240
189 190 7240
190 191 7240
191 192 7240
192 193 7240
193 194 7240
194 195 7240
195 196 7240
196 197 7240
197 198 7240
198 199 7240
199 200 7240
200 201 7240
201 202 7240
202 203 7240
203 204 7240
204 205 7240
205 206 7240
206 207 7240
207 208 7240
208 209 7240
209 210 7240
210 211 7240
211 212 7240
212 213 7240
213 214 7240
214 215 7240
215 216 7240
216 217 7240
217 218 7240
218 219 7240
219 220 7240
220 221 7240
221 222 7240
222 223 7240
223 224 7240
224 225 7240
225 226 7240
226 227 7240
227 228 7240
228 229 7240
229 230 7240
230 231 7240
231 232 7240
232 233 7240
233 234 7240
234 235 7240
235 236 7240
236 237 7240
237 238 7240
238 239 7240
239 240 7240
240 241 7240
241 242 7240
242 243 7240
243 244 7240
244 245 7240
245 246 7240
246 247 7240
247 248 7240
248 249 7240
249 250 7240
250 251 7240
251 252 7240
252 253 7240
253 254 7240
254 255 7240
255 256 7240
256 257 7240
257 258 7240
258 259 7240
259 260 7240
260 261 7240
261 262 7240
262 263 7240
263 264 7240
264 265 7240
265 266 7240
266 267 7240
267 268 7240
268 269 7240
269 270 7240
270 271 7240
271 272 7240
272 273 7240
273 274 7240
274 275 7240
275 276 7240
276 277 7240
277 278 7240
278 279 7240
279 280 7240
280 281 7240
281 282 7240
282 283 7240
283 284 7240
284 285 7240
285 286 7240
286 287 7240
287 288 7240
288 289 7240
289 290 7240
290 291 7240
291 292 7240
292 293 7240
293 294 7240
294 295 7240
295 296 7240
296 297 7240
297 298 7240
298 299 7240
299 300 7240
300 301 7240
301 302 7240
302 303 7240
303 304 7240
304 305 7240
305 306 7240
306 307 7240
307 308 7240
308 309 7240
309 310 7240
310 311 7240
311 312 7240
312 313 7240
313 314 7240
314 315 7240
315 316 7240
316 317 7240
317 318 7240
318 319 7240
319 320 7240
320 321 7240
321 322 7240
322 323 7240
323 324 7240
324 325 7240
325 326 7240
326 327 7240
327 328 7240
328 329 7240
329 330 7240
330 331 7240
331 332 7240
332 333 7240
333 334 7240
334 335 7240
335 336 7240
336 337 7240
337 338 7240
338 339 7240
339 340 7240
340 341 7240
341 342 7240
342 343 7240
343 344 7240
344 345 7240
345 346 7240
346 347 7240
347 348 7240
348 349 7240
349 350 7240
350 351 7240
351 352 7240
352 353 7240
353 354 7240
354 355 7240
355 356 7240
356 357 7240
357 358 7240
358 359 7240
359 360 7240
360 361 7240
361 362 7240
362 363 7240
363 364 7240
364 365 7240
365 366 7240
366 367 7240
367 368 7240
368 369 7240
369 370 7240
370 371 7240
371 372 7240
372 373 7240
373 374 7240
374 375 7240
375 376 7240
376 377 7240
377 378 7240
378 379 7240
379 380 7240
380 381 7240
381 382 7240
382 383 7240
383 384 7240
384 385 7240
385 386 7240
386 387 7240
387 388 7240
388 389 7240
389 390 7240
390 391 7240
391 392 7240
392 393 7240
393 394 7240
394 395 7240
395 396 7240
396 397 7240
397 398 7240
398 399 7240
399 400 7240
400 401 7240
401 402 7240
402 403 7240
403 404 7240
404 405 7240
405 406 7240
406 407 7240
407 408 7240
408 409 7240
409 410 7240
410 411 7240
411 412 7240
412 413 7240
413 414 7240
414 415 7240
415 416 7240
416 417 7240
417 418 7240
418 419 7240
419 420 7240
420 421 7240
421 422 7240
422 423 7240
423 424 7240
424 425 7240
425 426 7240
426 427 7240
427 428 7240
428 429 7240
429 430 7240
430 431 7240
431 432 7240
432 433 7240
433 434 7240
434 435 7240
435 436 7240
436 437 7240
437 438 7240
438 439 7240
439 440 7240
440 441 7240
441 442 7240
442 443 7240
443 444 7240
444 445 7240
445 446 7240
446 447 7240
447 448 7240
448 449 7240
449 450 7240
450 451 7240
451 452 7240
452 453 7240
453 454 7240
454 455 7240
455 456 7240
456 457 7240
457 458 7240
458 459 7240
459 460 7240
460 461 7240
461 462 7240
462 463 7240
463 464 7240
464 465 7240
465 466 7240
466 467 7240
467 468 7240
468 469 7240
469 470 7240
470 471 7240
471 472 7240
472 473 7240
473 474 7240
474 475 7240
475 476 7240
476 477 7240
477 478 7240
478 479 7240
479 480 7240
480 481 7240
481 482 7240
482 483 7240
483 484 7240
484 485 7240
485 486 7240
486 487 7240
487 488 7240
488 489 7240
489 490 7240
490 491 7240
491 492 7240
492 493 7240
493 494 7240
494 495 7240
495 496 7240
496 497 7240
497 498 7240
498 499 7240
499 500 7240
500 501 7240
501 502 7240
502 503 7240
503 504 7240
504 505 7240
505 506 7240
506 507 7240
507 508 7240
508 509 7240
509 510 7240
510 511 7240
511 512 7240
512 513 7240
513 514 7240
514 515 7240
515 516 7240
516 517 7240
517 518 7240
518 519 7240
519 520 7240
520 521 7240
521 522 7240
522 523 7240
523 524 7240
524 525 7240
525 526 7240
526 527 7240
527 528 7240
528 529 7240
529 530 7240
530 531 7240
531 532 7240
532 533 7240
533 534 7240
534 535 7240
535 536 7240
536 537 7240
537 538 7240
538 539 7240
539 540 7240
540 541 7240
541 542 7240
542 543 7240
543 544 7240
544 545 7240
545 546 7240
546 547 7240
547 548 7240
548 549 7240
549 550 7240
550 551 7240
551 552 7240
552 553 7240
553 554 7240
554 555 7240
555 556 7240
556 557 7240
557 558 7240
558 559 7240
559 560 7240
560 561 7240
561 562 7240
562 563 7240
563 564 7240
564 565 7240
565 566 7240
566 567 7240
567 568 7240
568 569 7240
569 570 7240
570 571 7240
571 572 7240
572 573 7240
573 574 7240
574 575 7240
575 576 7240
576 577 7240
577 578 7240
578 579 7240
579 580 7240
580 581 7240
581 582 7240
582 583 7240
583 584 7240
584 585 7240
585 586 7240
586 587 7240
587 588 7240
588 589 7240
589 590 7240
590 591 7240
591 592 7240
592 593 7240
593 594 7240
594 595 7240
595 596 7240
596 597 7240
597 598 7240
598 599 7240
599 600 7240
600 601 7240
601 602 7240
602 603 7240
603 604 7240
604 605 7240
605 606 7240
606 607 7240
607 608 7240
608 609 7240
609 610 7240
610 611 7240
611 612 7240
612 613 7240
613 614 7240
614 615 7240
615 616 7240
616 617 7240
617 618 7240
618 619 7240
619 620 7240
620 621 7240
621 622 7240
622 623 7240
623 624 7240
624 625 7240
625 626 7240
626 627 7240
627 628 7240
628 629 7240
629 630 7240
630 631 7240
631 632 7240
632 633 7240
633 634 7240
634 635 7240
635 636 7240
636 637 7240
637 638 7240
638 639 7240
639 640 7240
640 641 7240
641 642 7240
642 643 7240
643 644 7240
644 645 7240
645 646 7240
646 647 7240
647 648 7240
648 649 7240
649 650 7240
650 651 7240
651 652 7240
652 653 7240
653 654 7240
654 655 7240
655 656 7240
656 657 7240
657 658 7240
658 659 7240
659 660 7240
660 661 7240
661 662 7240
662 663 7240
663 664 7240
664 665 7240
665 666 7240
666 667 7240
667 668 7240
668 669 7240
669 670 7240
670 671 7240
671 672 7240
672 673 7240
673 674 7240
674 675 7240
675 676 7240
676 677 7240
677 678 7240
678 679 7240
679 680 7240
680 681 7240
681 682 7240
682 683 7240
683 684 7240
684 685 7240
685 686 7240
686 687 7240
687 688 7240
688 689 7240
689 690 7240
690 691 7240
691 692 7240
692 693 7240
693 694 7240
694 695 7240
695 696 7240
696 697 7240
697 698 7240
698 699 7240
699 700 7240
700 701 7240
701 702 7240
702 703 7240
703 704 7240
704 705 7240
705 706 7240
706 707 7240
707 708 7240
708 709 7240
709 710 7240
710 711 7240
711 712 7240
712 713 7240
713 714 7240
714 715 7240
715 716 7240
716 717 7240
717 718 7240
718 719 7240
719 720 7240
720 721 7240
721 722 7240
722 723 7240
160 475 7240
235 649 7240
118 537 7240
243 554 7240
186 350 7240
292 397 7240
123 643 7240
72 189 7240
148 667 7240
2 647 7240
216 423 7240
300 582 7240
278 335 7240
342 401 7240
79 682 7240
106 566 7240
235 388 7240
361 529 7240
285 451 7240
36 556 7240
277 352 7240
156 611 7240
295 559 7240
65 235 7240
33 412 7240
362 643 7240
250 599 7240
5 408 7240
90 331 7240
175 609 7240
132 303 7240
27 186 7240
153 695 7240
171 694 7240
249 490 7240
235 441 7240
350 657 7240
193 236 7240
231 662 7240
34 689 7240
116 691 7240
37 118 7240
8 285 7240
184 493 7240
197 629 7240
356 659 7240
260 332 7240
354 390 7240
106 632 7240
222 607 7240
83 253 7240
72 499 7240
261 502 7240
2 539 7240
46 535 7240
76 386 7240
317 398 7240
249 702 7240
13 94 7240
221 414 7240
317 577 7240
299 620 7240
198 464 7240
157 160 7240
127 642 7240
352 489 7240
124 303 7240
161 183 7240
39 611 7240
164 547 7240
164 215 7240
16 711 7240
106 699 7240
260 431 7240
282 714 7240
185 609 7240
356 490 7240
144 422 7240
88 467 7240
154 465 7240
261 318 7240
227 656 7240
349 494 7240
305 705 7240
198 500 7240
6 650 7240
59 118 7240
328 387 7240
188 254 7240
43 406 7240
116 361 7240
15 705 7240
184 564 7240
29 277 7240
133 365 7240
142 321 7240
26 171 7240
227 705 7240
261 545 7240
332 715 7240
340 450 7240
242 364 7240
31 50 7240
165 223 7240
24 371 7240
135 347 7240
221 627 7240
262 551 7240
56 707 7240
34 349 7240
289 452 7240
298 390 7240
169 446 7240
36 215 7240
340 350 7240
143 199 7240
31 36 7240
354 518 7240
25 529 7240
57 528 7240
32 401 7240
280 714 7240
70 550 7240
100 362 7240
342 634 7240
250 415 7240
219 520 7240
180 220 7240
337 446 7240
299 681 7240
294 424 7240
326 622 7240
263 513 7240
119 130 7240
7 422 7240
310 462 7240
245 253 7240
184 522 7240
332 432 7240
316 594 7240
291 526 7240
350 524 7240
355 528 7240
261 618 7240
336 631 7240
165 592 7240
24 472 7240
87 698 7240
299 498 7240
2 88 7240
216 537 7240
78 523 7240
145 151 7240
258 557 7240
164 609 7240
113 399 7240
216 388 7240
302 477 7240
351 474 7240
107 663 7240
285 368 7240
317 346 7240
163 281 7240
103 431 7240
134 365 7240
294 309 7240
27 106 7240
222 523 7240
349 496 7240
22 588 7240
15 85 7240
257 628 7240
137 232 7240
162 387 7240
23 60 7240
213 540 7240
230 589 7240
167 464 7240
85 567 7240
35 410 7240
332 461 7240
198 562 7240
2 458 7240
326 645 7240
164 170 7240
287 394 7240
99 273 7240
179 697 7240
141 492 7240
326 435 7240
296 600 7240
174 259 7240
261 321 7240
228 715 7240
98 640 7240
28 519 7240
320 537 7240
208 384 7240
157 691 7240
296 572 7240
154 215 7240
173 371 7240
141 328 7240
336 582 7240
276 697 7240
282 351 7240
53 703 7240
223 296 7240
46 483 7240
209 221 7240
196 615 7240
179 699 7240
311 597 7240
57 125 7240
228 281 7240
342 681 7240
46 474 7240
94 687 7240
3 329 7240
241 348 7240
118 571 7240
113 659 7240
43 424 7240
83 100 7240
347 546 7240
72 402 7240
124 173 7240
139 146 7240
17 230 7240
132 398 7240
131 712 7240
174 573 7240
248 269 7240
19 68 7240
340 642 7240
362 383 7240
278 651 7240
52 155 7240
337 422 7240
204 237 7240
203 583 7240
186 355 7240
101 194 7240
297 701 7240
295 543 7240
267 364 7240
232 623 7240
30 117 7240
261 280 7240
362 471 7240
29 372 7240
78 699 7240
234 618 7240
307 698 7240
168 445 7240
84 348 7240
302 529 7240
341 374 7240
132 279 7240
166 233 7240
291 513 7240
78 324 7240
110 230 7240
121 225 7240
259 377 7240
263 688 7240
178 658 7240
134 582 7240
351 569 7240
102 200 7240
45 297 7240
189 615 7240
143 578 7240
93 312 7240
59 475 7240
70 676 7240
332 613 7240
272 488 7240
27 649 7240
306 398 7240
285 711 7240
41 284 7240
154 186 7240
301 373 7240
331 539 7240
329 604 7240
268 551 7240
217 375 7240
240 336 7240
144 190 7240
82 508 7240
41 433 7240
134 580 7240
136 699 7240
178 251 7240
39 716 7240
207 296 7240
120 382 7240
291 396 7240
173 362 7240
133 213 7240
59 419 7240
357 603 7240
357 593 7240
324 567 7240
44 517 7240
335 608 7240
325 516 7240
99 558 7240
349 686 7240
105 137 7240
100 432 7240
340 553 7240
288 703 7240
361 481 7240
179 684 7240
146 382 7240
226 437 7240
129 337 7240
181 525 7240
313 594 7240
116 373 7240
87 248 7240
309 489 7240
357 662 7240
286 701 7240
274 430 7240
207 346 7240
285 408 7240
266 456 7240
315 428 7240
241 384 7240
327 574 7240
146 365 7240
291 685 7240
290 310 7240
312 586 7240
312 349 7240
39 502 7240
313 344 7240
30 219 7240
129 678 7240
57 528 7240
188 249 7240
242 544 7240
330 622 7240
268 434 7240
106 684 7240
140 218 7240
24 492 7240
300 367 7240
340 464 7240
167 510 7240
239 466 7240
219 482 7240
190 285 7240
114 353 7240
3 287 7240
305 458 7240
85 492 7240
270 278 7240
124 548 7240
61 581 7240
304 308 7240
63 478 7240
184 518 7240
303 609 7240
321 606 7240
139 539 7240
128 301 7240
29 404 7240
358 695 7240
19 166 7240
143 515 7240
108 649 7240
340 421 7240
227 576 7240
177 629 7240
290 299 7240
88 266 7240
13 148 7240
36 420 7240
123 592 7240
161 627 7240
325 360 7240
199 387 7240
30 329 7240
6 363 7240
284 370 7240
212 531 7240
283 478 7240
355 634 7240
44 550 7240
213 255 7240
134 315 7240
256 330 7240
72 642 7240
199 258 7240
293 389 7240
102 361 7240
243 339 7240
204 255 7240
265 441 7240
295 544 7240
107 344 7240
301 429 7240
265 457 7240
284 699 7240
229 681 7240
157 341 7240
27 643 7240
28 653 7240
231 613 7240
46 272 7240
236 352 7240
152 471 7240
139 313 7240
76 665 7240
38 354 7240
73 469 7240
338 416 7240
18 48 7240
9 687 7240
18 384 7240
268 476 7240
16 697 7240
201 337 7240
137 584 7240
159 172 7240
325 379 7240
157 711 7240
259 358 7240
165 441 7240
90 218 7240
20 481 7240
22 174 7240
174 601 7240
56 460 7240
260 362 7240
212 448 7240
78 263 7240
362 389 7240
253 567 7240
105 698 7240
52 442 7240
243 651 7240
113 599 7240
325 359 7240
175 713 7240
251 655 7240
49 231 7240
220 402 7240
234 595 7240
97 200 7240
214 492 7240
284 468 7240
280 498 7240
206 451 7240
257 528 7240
173 227 7240
324 638 7240
227 648 7240
266 716 7240
223 416 7240
58 468 7240
85 250 7240
87 396 7240
285 640 7240
203 346 7240
278 613 7240
184 228 7240
79 611 7240
142 688 7240
85 345 7240
92 716 7240
101 406 7240
212 435 7240
138 506 7240
3 438 7240
39 304 7240
21 466 7240
112 565 7240
38 348 7240
74 153 7240
240 585 7240
49 490 7240
227 620 7240
315 441 7240
13 605 7240
120 472 7240
11 96 7240
189 195 7240
303 316 7240
108 674 7240
210 559 7240
293 353 7240
269 470 7240
304 438 7240
200 338 7240
224 488 7240
78 656 7240
214 228 7240
66 687 7240
278 572 7240
65 317 7240
197 715 7240
302 304 7240
79 168 7240
73 433 7240
54 232 7240
100 392 7240
267 622 7240
36 574 7240
312 598 7240
249 351 7240
56 545 7240
153 625 7240
324 342 7240
243 373 7240
307 592 7240
286 449 7240
225 660 7240
109 214 7240
311 369 7240
268 296 7240
87 261 7240
216 365 7240
290 470 7240
330 418 7240
149 688 7240
126 600 7240
290 620 7240
118 478 7240
1 608 7240
51 628 7240
115 555 7240
297 414 7240
197 466 7240
308 574 7240
317 716 7240
217 557 7240
281 364 7240
151 242 7240
128 427 7240
111 226 7240
187 311 7240
252 608 7240
269 386 7240
337 656 7240
307 662 7240
285 334 7240
66 556 7240
221 642 7240
77 610 7240
107 698 7240
164 462 7240
196 681 7240
80 667 7240
108 464 7240
181 555 7240
85 355 7240
111 601 7240
227 312 7240
46 614 7240
53 200 7240
209 609 7240
187 286 7240
185 640 7240
70 603 7240
226 612 7240
109 544 7240
96 522 7240
61 91 7240
208 586 7240
217 388 7240
215 546 7240
233 428 7240
182 612 7240
146 616 7240
230 296 7240
128 351 7240
271 601 7240
121 318 7240
145 160 7240
135 455 7240
269 455 7240
342 681 7240
300 513 7240
100 564 7240
211 240 7240
213 603 7240
178 369 7240
72 712 7240
226 374 7240
21 492 7240
358 484 7240
27 327 7240
94 132 7240
22 211 7240
349 455 7240
225 457 7240
47 571 7240
114 121 7240
169 607 7240
159 389 7240
215 596 7240
287 416 7240
3 151 7240
246 593 7240
108 291 7240
309 360 7240
231 710 7240
291 572 7240
37 543 7240
34 556 7240
29 407 7240
55 571 7240
265 448 7240
176 226 7240
332 448 7240
146 278 7240
174 429 7240
81 661 7240
71 295 7240
18 305 7240
155 191 7240
99 692 7240
247 718 7240
269 570 7240
298 579 7240
282 648 7240
22 574 7240
119 150 7240
81 592 7240
247 370 7240
117 669 7240
155 320 7240
25 248 7240
155 194 7240
177 255 7240
35 116 7240
266 484 7240
19 348 7240
348 394 7240
16 156 7240
284 397 7240
286 417 7240
287 605 7240
130 573 7240
82 721 7240
181 561 7240
119 205 7240
116 417 7240
218 722 7240
35 326 7240
207 411 7240
57 631 7240
278 335 7240
117 400 7240
324 590 7240
318 398 7240
304 391 7240
25 374 7240
255 711 7240
220 451 7240
205 211 7240
58 344 7240
74 568 7240
24 82 7240
97 388 7240
75 324 7240
92 110 7240
337 597 7240
89 116 7240
350 690 7240
23 30 7240
67 123 7240
183 702 7240
189 420 7240
322 692 7240
87 234 7240
320 371 7240
292 569 7240
310 373 7240
7 676 7240
10 434 7240
244 686 7240
33 324 7240
120 185 7240
96 554 7240
57 259 7240
33 134 7240
333 669 7240
247 639 7240
197 235 7240
135 476 7240
226 535 7240
327 538 7240
107 207 7240
99 102 7240
0 625 7240
76 300 7240
338 549 7240
14 371 7240
24 428 7240
128 710 7240
280 374 7240
334 696 7240
75 625 7240
243 300 7240
14 410 7240
298 677 7240
35 352 7240
242 470 7240
160 582 7240
134 138 7240
110 593 7240
211 551 7240
