0 1 7280
1 2 7280
2 3 7280
3 4 7280
4 5 7280
5 6 7280
6 7 7280
7 8 7280
8 9 7280
9 10 7280
10 11 7280
11 12 7280
12 13 7280
13 14 7280
14 15 7280
15 16 7280
16 17 7280
17 18 7280
18 19 7280
19 20 7280
20 21 7280
21 22 7280
22 23 7280
23 24 7280
24 25 7280
25 26 7280
26 27 7280
27 28 7280
28 29 7280
29 30 7280
30 31 7280
31 32 7280
32 33 7280
33 34 7280
34 35 7280
35 36 7280
36 37 7280
37 38 7280
38 39 7280
39 40 7280
40 41 7280
41 42 7280
42 43 7280
43 44 7280
44 45 7280
45 46 7280
46 47 7280
47 48 7280
48 49 7280
49 50 7280
50 51 7280
51 52 7280
52 53 7280
53 54 7280
54 55 7280
55 56 7280
56 57 7280
57 58 7280
58 59 7280
59 60 7280
60 61 7280
61 62 7280
62 63 7280
63 64 7280
64 65 7280
65 66 7280
66 67 7280
67 68 7280
68 69 7280
69 70 7280
70 71 7280
71 72 7280
72 73 7280
73 74 7280
74 75 7280
75 76 7280
76 77 7280
77 78 7280
78 79 7280
79 80 7280
80 81 7280
81 82 7280
82 83 7280
83 84 7280
84 85 7280
85 86 7280
86 87 7280
87 88 7280
88 89 7280
89 90 7280
90 91 7280
91 92 7280
92 93 7280
93 94 7280
94 95 7280
95 96 7280
96 97 7280
97 98 7280
98 99 7280
99 100 7280
100 101 7280
101 102 7280
102 103 7280
103 104 7280
104 105 7280
105 106 7280
106 107 7280
107 108 7280
108 109 7280
109 110 7280
110 111 7280
111 112 7280
112 113 7280
113 114 7280
114 115 7280
115 116 7280
116 117 7280
117 118 7280
118 119 7280
119 120 7280
120 121 7280
121 122 7280
122 123 7280
123 124 7280
124 125 7280
125 126 7280
126 127 7280
127 128 7280
128 129 7280
129 130 7280
130 131 7280
131 132 7280
132 133 7280
133 134 7280
134 135 7280
135 136 7280
136 137 7280
137 138 7280
138 139 7280
139 140 7280
140 141 7280
141 142 7280
142 143 7280
143 144 7280
144 145 7280
145 146 7280
146 147 7280
147 148 7280
148 149 7280
149 150 7280
150 151 7280
151 152 7280
152 153 7280
153 154 7280
154 155 7280
155 156 7280
156 157 7280
157 158 7280
158 159 7280
159 160 7280
160 161 7280
161 162 7280
162 163 7280
163 164 7280
164 165 7280
165 166 7280
166 167 7280
167 168 7280
168 169 7280
169 170 7280
170 171 7280
171 172 7280
172 173 7280
173 174 7280
174 175 7280
175 176 7280
176 177 7280
177 178 7280
178 179 7280
179 180 7280
180 181 7280
181 182 7280
182 183 7280
183 184 7280
184 185 7280
185 186 7280
186 187 7280
187 188 7280
188 189 7280
189 190 7280
190 191 7280
191 192 7280
192 193 7280
193 194 7280
194 195 7280
195 196 7280
196 197 7280
197 198 7280
198 199 7280
199 200 7280
200 201 7280
201 202 7280
202 203 7280
203 204 7280
204 205 7280
205 206 7280
206 207 7280
207 208 7280
208 209 7280
209 210 7280
210 211 7280
211 212 7280
212 213 7280
213 214 7280
214 215 7280
215 216 7280
216 217 7280
217 218 7280
218 219 7280
219 220 7280
220 221 7280
221 222 7280
222 223 7280
223 224 7280
224 225 7280
225 226 7280
226 227 7280
227 228 7280
228 229 7280
229 230 7280
230 231 7280
231 232 7280
232 233 7280
233 234 7280
234 235 7280
235 236 7280
236 237 7280
237 238 7280
238 239 7280
239 240 7280
240 241 7280
241 242 7280
242 243 7280
243 244 7280
244 245 7280
245 246 7280
246 247 7280
247 248 7280
248 249 7280
249 250 7280
250 251 7280
251 252 7280
252 253 7280
253 254 7280
254 255 7280
255 256 7280
256 257 7280
257 258 7280
258 259 7280
259 260 7280
260 261 7280
261 262 7280
262 263 7280
263 264 7280
264 265 7280
265 266 7280
266 267 7280
267 268 7280
268 269 7280
269 270 7280
270 271 7280
271 272 7280
272 273 7280
273 274 7280
274 275 7280
275 276 7280
276 277 7280
277 278 7280
278 279 7280
279 280 7280
280 281 7280
281 282 7280
282 283 7280
283 284 7280
284 285 7280
285 286 7280
286 287 7280
287 288 7280
288 289 7280
289 290 7280
290 291 7280
291 292 7280
292 293 7280
293 294 7280
294 295 7280
295 296 7280
296 297 7280
297 298 7280
298 299 7280
299 300 7280
300 301 7280
301 302 7280
302 303 7280
303 304 7280
304 305 7280
305 306 7280
306 307 7280
307 308 7280
308 309 7280
309 310 7280
310 311 7280
311 312 7280
312 313 7280
313 314 7280
314 315 7280
315 316 7280
316 317 7280
317 318 7280
318 319 7280
319 320 7280
320 321 7280
321 322 7280
322 323 7280
323 324 7280
324 325 7280
325 326 7280
326 327 7280
327 328 7280
328 329 7280
329 330 7280
330 331 7280
331 332 7280
332 333 7280
333 334 7280
334 335 7280
335 336 7280
336 337 7280
337 338 7280
338 339 7280
339 340 7280
340 341 7280
341 342 7280
342 343 7280
343 344 7280
344 345 7280
345 346 7280
346 347 7280
347 348 7280
348 349 7280
349 350 7280
350 351 7280
351 352 7280
352 353 7280
353 354 7280
354 355 7280
355 356 7280
356 357 7280
357 358 7280
358 359 7280
359 360 7280
360 361 7280
361 362 7280
362 363 7280
363 364 7280
364 365 7280
365 366 7280
366 367 7280
367 368 7280
368 369 7280
369 370 7280
370 371 7280
371 372 7280
372 373 7280
373 374 7280
374 375 7280
375 376 7280
376 377 7280
377 378 7280
378 379 7280
379 380 7280
380 381 7280
381 382 7280
382 383 7280
383 384 7280
384 385 7280
385 386 7280
386 387 7280
387 388 7280
388 389 7280
389 390 7280
390 391 7280
391 392 7280
392 393 7280
393 394 7280
394 395 7280
395 396 7280
396 397 7280
397 398 7280
398 399 7280
399 400 7280
400 401 7280
401 402 7280
402 403 7280
403 404 7280
404 405 7280
405 406 7280
406 407 7280
407 408 7280
408 409 7280
409 410 7280
410 411 7280
411 412 7280
412 413 7280
413 414 7280
414 415 7280
415 416 7280
416 417 7280
417 418 7280
418 419 7280
419 420 7280
420 421 7280
421 422 7280
422 423 7280
423 424 7280
424 425 7280
425 426 7280
426 427 7280
427 428 7280
428 429 7280
429 430 7280
430 431 7280
431 432 7280
432 433 7280
433 434 7280
434 435 7280
435 436 7280
436 437 7280
437 438 7280
438 439 7280
439 440 7280
440 441 7280
441 442 7280
442 443 7280
443 444 7280
444 445 7280
445 446 7280
446 447 7280
447 448 7280
448 449 7280
449 450 7280
450 451 7280
451 452 7280
452 453 7280
453 454 7280
454 455 7280
455 456 7280
456 457 7280
457 458 7280
458 459 7280
459 460 7280
460 461 7280
461 462 7280
462 463 7280
463 464 7280
464 465 7280
465 466 7280
466 467 7280
467 468 7280
468 469 7280
469 470 7280
470 471 7280
471 472 7280
472 473 7280
473 474 7280
474 475 7280
475 476 7280
476 477 7280
477 478 7280
478 479 7280
479 480 7280
480 481 7280
481 482 7280
482 483 7280
483 484 7280
484 485 7280
485 486 7280
486 487 7280
487 488 7280
488 489 7280
489 490 7280
490 491 7280
491 492 7280
492 493 7280
493 494 7280
494 495 7280
495 496 7280
496 497 7280
497 498 7280
498 499 7280
499 500 7280
500 501 7280
501 502 7280
502 503 7280
503 504 7280
504 505 7280
505 506 7280
506 507 7280
507 508 7280
508 509 7280
509 510 7280
510 511 7280
511 512 7280
512 513 7280
513 514 7280
514 515 7280
515 516 7280
516 517 7280
517 518 7280
518 519 7280
519 520 7280
520 521 7280
521 522 7280
522 523 7280
523 524 7280
524 525 7280
525 526 7280
526 527 7280
527 528 7280
528 529 7280
529 530 7280
530 531 7280
531 532 7280
532 533 7280
533 534 7280
534 535 7280
535 536 7280
536 537 7280
537 538 7280
538 539 7280
539 540 7280
540 541 7280
541 542 7280
542 543 7280
543 544 7280
544 545 7280
545 546 7280
546 547 7280
547 548 7280
548 549 7280
549 550 7280
550 551 7280
551 552 7280
552 553 7280
553 554 7280
554 555 7280
555 556 7280
556 557 7280
557 558 7280
558 559 7280
559 560 7280
560 561 7280
561 562 7280
562 563 7280
563 564 7280
564 565 7280
565 566 7280
566 567 7280
567 568 7280
568 569 7280
569 570 7280
570 571 7280
571 572 7280
572 573 7280
573 574 7280
574 575 7280
575 576 7280
576 577 7280
577 578 7280
578 579 7280
579 580 7280
580 581 7280
581 582 7280
582 583 7280
583 584 7280
584 585 7280
585 586 7280
586 587 7280
587 588 7280
588 589 7280
589 590 7280
590 591 7280
591 592 7280
592 593 7280
593 594 7280
594 595 7280
595 596 7280
596 597 7280
597 598 7280
598 599 7280
599 600 7280
600 601 7280
601 602 7280
602 603 7280
603 604 7280
604 605 7280
605 606 7280
606 607 7280
607 608 7280
608 609 7280
609 610 7280
610 611 7280
611 612 7280
612 613 7280
613 614 7280
614 615 7280
615 616 7280
616 617 7280
617 618 7280
618 619 7280
619 620 7280
620 621 7280
621 622 7280
622 623 7280
623 624 7280
624 625 7280
625 626 7280
626 627 7280
627 628 7280
628 629 7280
629 630 7280
630 631 7280
631 632 7280
632 633 7280
633 634 7280
634 635 7280
635 636 7280
636 637 7280
637 638 7280
638 639 7280
639 640 7280
640 641 7280
641 642 7280
642 643 7280
643 644 7280
644 645 7280
645 646 7280
646 647 7280
647 648 7280
648 649 7280
649 650 7280
650 651 7280
651 652 7280
652 653 7280
653 654 7280
654 655 7280
655 656 7280
656 657 7280
657 658 7280
658 659 7280
659 660 7280
660 661 7280
661 662 7280
662 663 7280
663 664 7280
664 665 7280
665 666 7280
666 667 7280
667 668 7280
668 669 7280
669 670 7280
670 671 7280
671 672 7280
672 673 7280
673 674 7280
674 675 7280
675 676 7280
676 677 7280
677 678 7280
678 679 7280
679 680 7280
680 681 7280
681 682 7280
682 683 7280
683 684 7280
684 685 7280
685 686 7280
686 687 7280
687 688 7280
688 689 7280
689 690 7280
690 691 7280
691 692 7280
692 693 7280
693 694 7280
694 695 7280
695 696 7280
696 697 7280
697 698 7280
698 699 7280
699 700 7280
700 701 7280
701 702 7280
702 703 7280
703 704 7280
704 705 7280
705 706 7280
706 707 7280
707 708 7280
708 709 7280
709 710 7280
710 711 7280
711 712 7280
712 713 7280
713 714 7280
714 715 7280
715 716 7280
716 717 7280
717 718 7280
718 719 7280
719 720 7280
720 721 7280
721 722 7280
722 723 7280
723 724 7280
724 725 7280
725 726 7280
726 727 7280
175 441 7280
5 451 7280
292 716 7280
68 491 7280
253 430 7280
60 203 7280
305 405 7280
81 360 7280
337 473 7280
348 514 7280
360 606 7280
149 631 7280
62 306 7280
36 377 7280
308 590 7280
295 516 7280
176 468 7280
358 460 7280
62 77 7280
215 456 7280
249 396 7280
177 643 7280
99 297 7280
34 656 7280
69 471 7280
160 380 7280
253 592 7280
250 349 7280
192 717 7280
310 445 7280
195 484 7280
361 495 7280
92 182 7280
253 471 7280
120 395 7280
181 343 7280
274 586 7280
27 478 7280
230 566 7280
43 383 7280
215 678 7280
274 585 7280
350 532 7280
169 690 7280
121 700 7280
247 538 7280
102 396 7280
30 587 7280
284 345 7280
1 531 7280
193 545 7280
106 184 7280
237 433 7280
291 501 7280
165 506 7280
169 440 7280
168 581 7280
238 693 7280
198 306 7280
293 298 7280
96 512 7280
185 400 7280
6 424 7280
72 122 7280
340 427 7280
207 539 7280
260 292 7280
341 622 7280
283 725 7280
79 677 7280
162 459 7280
50 438 7280
209 358 7280
140 408 7280
357 506 7280
106 215 7280
62 520 7280
158 275 7280
60 669 7280
27 664 7280
107 289 7280
195 528 7280
346 553 7280
72 416 7280
168 285 7280
307 649 7280
330 531 7280
40 663 7280
275 322 7280
28 57 7280
40 108 7280
173 357 7280
206 327 7280
227 235 7280
180 582 7280
77 98 7280
65 426 7280
238 249 7280
322 683 7280
325 434 7280
121 710 7280
95 367 7280
280 359 7280
180 398 7280
165 342 7280
211 382 7280
280 709 7280
154 287 7280
129 463 7280
28 101 7280
258 300 7280
255 561 7280
295 330 7280
169 687 7280
106 383 7280
287 463 7280
273 406 7280
203 345 7280
305 599 7280
137 262 7280
203 655 7280
128 247 7280
37 443 7280
27 389 7280
81 387 7280
261 380 7280
196 229 7280
300 358 7280
49 79 7280
308 338 7280
186 551 7280
116 608 7280
279 380 7280
331 418 7280
100 355 7280
126 480 7280
291 637 7280
102 345 7280
202 670 7280
26 604 7280
150 637 7280
268 369 7280
0 80 7280
275 407 7280
229 693 7280
228 604 7280
83 363 7280
255 482 7280
355 718 7280
2 624 7280
232 368 7280
214 248 7280
82 406 7280
152 358 7280
297 326 7280
161 241 7280
176 291 7280
322 682 7280
314 538 7280
264 512 7280
249 689 7280
118 178 7280
18 601 7280
280 544 7280
327 695 7280
296 465 7280
26 576 7280
332 569 7280
253 289 7280
154 406 7280
339 687 7280
191 328 7280
290 630 7280
335 348 7280
329 587 7280
64 542 7280
160 489 7280
216 248 7280
192 339 7280
108 255 7280
111 338 7280
353 379 7280
311 562 7280
54 218 7280
158 529 7280
108 283 7280
192 358 7280
356 682 7280
160 582 7280
341 465 7280
358 482 7280
203 412 7280
136 284 7280
140 156 7280
52 455 7280
319 626 7280
357 550 7280
100 115 7280
325 572 7280
208 220 7280
172 297 7280
102 372 7280
8 354 7280
250 501 7280
204 448 7280
312 370 7280
347 706 7280
339 502 7280
364 473 7280
242 334 7280
37 621 7280
32 376 7280
180 214 7280
303 486 7280
359 704 7280
119 262 7280
158 161 7280
49 243 7280
87 675 7280
355 447 7280
268 708 7280
48 307 7280
84 274 7280
156 603 7280
323 608 7280
324 590 7280
186 487 7280
121 567 7280
351 685 7280
57 214 7280
312 397 7280
347 556 7280
360 711 7280
11 662 7280
299 727 7280
40 460 7280
0 465 7280
323 582 7280
331 407 7280
137 477 7280
61 608 7280
275 617 7280
192 454 7280
1 246 7280
184 189 7280
353 444 7280
85 422 7280
2 138 7280
205 376 7280
227 345 7280
258 591 7280
339 711 7280
358 430 7280
247 327 7280
307 465 7280
227 592 7280
60 157 7280
209 215 7280
285 315 7280
214 401 7280
291 388 7280
239 639 7280
343 671 7280
349 593 7280
310 651 7280
212 345 7280
247 348 7280
164 704 7280
187 225 7280
212 628 7280
38 351 7280
81 345 7280
53 134 7280
265 275 7280
83 411 7280
276 483 7280
303 326 7280
32 497 7280
201 589 7280
200 413 7280
274 434 7280
343 571 7280
281 572 7280
229 668 7280
273 668 7280
301 629 7280
71 270 7280
118 597 7280
80 95 7280
139 391 7280
203 501 7280
225 444 7280
260 701 7280
241 308 7280
67 106 7280
197 289 7280
308 499 7280
57 78 7280
220 449 7280
154 710 7280
171 430 7280
363 434 7280
296 322 7280
284 590 7280
65 439 7280
209 414 7280
355 416 7280
335 586 7280
314 613 7280
94 724 7280
199 611 7280
199 688 7280
0 454 7280
343 567 7280
26 83 7280
310 587 7280
349 605 7280
73 659 7280
235 406 7280
28 430 7280
287 312 7280
167 676 7280
334 727 7280
129 292 7280
134 381 7280
342 380 7280
47 289 7280
106 488 7280
157 304 7280
159 289 7280
233 571 7280
259 273 7280
26 706 7280
304 559 7280
307 541 7280
90 300 7280
125 231 7280
2 243 7280
216 411 7280
337 370 7280
142 239 7280
145 554 7280
248 642 7280
43 403 7280
362 468 7280
204 447 7280
353 656 7280
361 394 7280
107 344 7280
94 380 7280
109 451 7280
297 423 7280
215 552 7280
6 524 7280
51 649 7280
268 319 7280
349 439 7280
183 666 7280
156 460 7280
344 466 7280
301 394 7280
170 267 7280
331 493 7280
108 389 7280
4 653 7280
33 136 7280
123 188 7280
107 419 7280
176 325 7280
239 304 7280
287 634 7280
265 452 7280
22 633 7280
47 462 7280
103 413 7280
261 637 7280
244 311 7280
349 717 7280
89 682 7280
122 190 7280
108 275 7280
230 432 7280
71 566 7280
121 411 7280
26 671 7280
359 444 7280
295 458 7280
137 419 7280
195 392 7280
237 429 7280
130 695 7280
91 656 7280
189 221 7280
65 212 7280
86 630 7280
284 645 7280
222 467 7280
141 645 7280
204 525 7280
30 636 7280
19 151 7280
33 112 7280
175 384 7280
290 691 7280
347 503 7280
288 570 7280
34 679 7280
187 343 7280
37 246 7280
294 591 7280
283 296 7280
20 114 7280
185 292 7280
226 710 7280
1 341 7280
106 652 7280
156 539 7280
280 335 7280
338 661 7280
179 591 7280
356 394 7280
109 189 7280
167 654 7280
165 549 7280
245 376 7280
67 691 7280
327 500 7280
28 624 7280
358 450 7280
57 179 7280
246 483 7280
44 614 7280
75 598 7280
35 53 7280
37 627 7280
195 453 7280
15 253 7280
206 357 7280
154 668 7280
57 715 7280
193 487 7280
285 287 7280
75 160 7280
201 456 7280
228 671 7280
33 234 7280
341 642 7280
139 281 7280
113 626 7280
294 665 7280
192 542 7280
188 566 7280
249 320 7280
208 263 7280
307 472 7280
48 553 7280
353 471 7280
100 686 7280
0 479 7280
56 361 7280
225 727 7280
224 549 7280
175 591 7280
296 396 7280
169 359 7280
187 410 7280
28 494 7280
56 316 7280
84 483 7280
280 711 7280
243 526 7280
253 678 7280
182 462 7280
363 390 7280
205 650 7280
354 706 7280
335 631 7280
293 316 7280
134 692 7280
46 153 7280
60 230 7280
33 691 7280
248 712 7280
121 200 7280
134 711 7280
104 351 7280
263 688 7280
1 53 7280
116 598 7280
10 641 7280
70 289 7280
341 650 7280
175 347 7280
301 435 7280
89 365 7280
245 509 7280
294 651 7280
284 706 7280
43 358 7280
321 703 7280
9 26 7280
195 393 7280
344 394 7280
355 508 7280
333 576 7280
260 459 7280
155 430 7280
322 565 7280
77 156 7280
143 261 7280
257 612 7280
282 599 7280
211 488 7280
19 131 7280
191 259 7280
356 639 7280
0 679 7280
197 665 7280
63 98 7280
255 643 7280
51 437 7280
289 409 7280
64 714 7280
97 541 7280
221 272 7280
94 331 7280
59 66 7280
70 375 7280
31 662 7280
25 491 7280
356 617 7280
54 616 7280
107 504 7280
91 178 7280
23 138 7280
185 664 7280
281 355 7280
125 656 7280
3 280 7280
231 657 7280
195 246 7280
214 413 7280
75 451 7280
57 478 7280
143 606 7280
207 486 7280
69 718 7280
236 606 7280
82 524 7280
194 271 7280
228 522 7280
180 284 7280
274 517 7280
109 265 7280
4 165 7280
237 659 7280
8 479 7280
258 543 7280
176 508 7280
249 617 7280
228 318 7280
142 284 7280
308 650 7280
309 420 7280
37 393 7280
250 711 7280
149 722 7280
349 553 7280
360 705 7280
275 711 7280
308 629 7280
32 320 7280
287 485 7280
222 448 7280
214 426 7280
353 411 7280
297 617 7280
23 52 7280
151 183 7280
361 669 7280
15 83 7280
267 349 7280
32 64 7280
289 691 7280
248 643 7280
223 620 7280
244 492 7280
197 393 7280
98 452 7280
181 503 7280
9 582 7280
148 723 7280
14 536 7280
86 154 7280
108 700 7280
260 381 7280
173 478 7280
270 408 7280
216 226 7280
133 219 7280
44 217 7280
95 613 7280
344 682 7280
186 323 7280
77 208 7280
158 371 7280
17 220 7280
280 322 7280
321 686 7280
288 450 7280
339 476 7280
91 584 7280
79 84 7280
182 470 7280
321 468 7280
155 462 7280
6 345 7280
187 331 7280
269 505 7280
100 190 7280
352 471 7280
77 85 7280
99 625 7280
83 157 7280
57 630 7280
25 497 7280
218 583 7280
125 420 7280
227 398 7280
289 472 7280
192 539 7280
200 669 7280
315 396 7280
67 443 7280
264 534 7280
232 500 7280
251 371 7280
109 475 7280
176 473 7280
169 226 7280
240 700 7280
60 626 7280
241 426 7280
138 569 7280
10 113 7280
85 626 7280
97 716 7280
202 411 7280
222 398 7280
210 273 7280
356 605 7280
336 359 7280
328 558 7280
349 576 7280
243 395 7280
189 302 7280
245 689 7280
290 325 7280
154 521 7280
343 510 7280
246 437 7280
251 470 7280
313 489 7280
33 110 7280
131 532 7280
47 527 7280
187 444 7280
178 628 7280
269 289 7280
346 474 7280
106 532 7280
319 610 7280
252 345 7280
50 175 7280
356 714 7280
81 592 7280
347 473 7280
268 505 7280
189 562 7280
254 285 7280
145 315 7280
210 478 7280
22 646 7280
77 432 7280
2 390 7280
321 649 7280
205 210 7280
87 441 7280
293 490 7280
213 302 7280
61 182 7280
46 246 7280
249 335 7280
80 566 7280
175 442 7280
123 692 7280
155 518 7280
104 310 7280
275 322 7280
157 237 7280
134 449 7280
206 643 7280
251 398 7280
260 431 7280
269 725 7280
140 366 7280
33 437 7280
108 277 7280
282 298 7280
356 514 7280
298 645 7280
311 411 7280
285 591 7280
344 487 7280
183 612 7280
200 344 7280
92 310 7280
29 172 7280
51 152 7280
165 701 7280
294 721 7280
72 82 7280
68 332 7280
147 702 7280
55 227 7280
93 273 7280
