0 1 720
1 2 720
2 3 720
3 4 720
4 5 720
5 6 720
6 7 720
7 8 720
8 9 720
9 10 720
10 11 720
11 12 720
12 13 720
13 14 720
14 15 720
15 16 720
16 17 720
17 18 720
18 19 720
19 20 720
20 21 720
21 22 720
22 23 720
23 24 720
24 25 720
25 26 720
26 27 720
27 28 720
28 29 720
29 30 720
30 31 720
31 32 720
32 33 720
33 34 720
34 35 720
35 36 720
36 37 720
37 38 720
38 39 720
39 40 720
40 41 720
41 42 720
42 43 720
43 44 720
44 45 720
45 46 720
46 47 720
47 48 720
48 49 720
49 50 720
50 51 720
51 52 720
52 53 720
53 54 720
54 55 720
55 56 720
56 57 720
57 58 720
58 59 720
59 60 720
60 61 720
61 62 720
62 63 720
63 64 720
64 65 720
65 66 720
66 67 720
67 68 720
68 69 720
69 70 720
70 71 720
28 58 720
15 71 720
8 20 720
13 22 720
25 51 720
20 49 720
3 42 720
28 49 720
12 18 720
33 59 720
21 44 720
25 69 720
23 36 720
7 21 720
0 20 720
16 25 720
20 64 720
22 32 720
8 64 720
7 28 720
16 63 720
35 40 720
15 71 720
6 36 720
35 52 720
24 36 720
10 37 720
16 58 720
14 16 720
32 69 720
15 24 720
16 67 720
9 25 720
33 38 720
16 39 720
35 57 720
2 37 720
3 65 720
33 55 720
16 33 720
18 56 720
1 11 720
24 69 720
20 61 720
1 55 720
34 37 720
3 70 720
11 17 720
23 45 720
16 57 720
31 36 720
23 25 720
3 55 720
26 50 720
3 48 720
21 37 720
0 38 720
15 59 720
11 27 720
1 40 720
31 56 720
0 8 720
26 50 720
1 61 720
29 53 720
25 37 720
23 48 720
