0 1 7320
1 2 7320
2 3 7320
3 4 7320
4 5 7320
5 6 7320
6 7 7320
7 8 7320
8 9 7320
9 10 7320
10 11 7320
11 12 7320
12 13 7320
13 14 7320
14 15 7320
15 16 7320
16 17 7320
17 18 7320
18 19 7320
19 20 7320
20 21 7320
21 22 7320
22 23 7320
23 24 7320
24 25 7320
25 26 7320
26 27 7320
27 28 7320
28 29 7320
29 30 7320
30 31 7320
31 32 7320
32 33 7320
33 34 7320
34 35 7320
35 36 7320
36 37 7320
37 38 7320
38 39 7320
39 40 7320
40 41 7320
41 42 7320
42 43 7320
43 44 7320
44 45 7320
45 46 7320
46 47 7320
47 48 7320
48 49 7320
49 50 7320
50 51 7320
51 52 7320
52 53 7320
53 54 7320
54 55 7320
55 56 7320
56 57 7320
57 58 7320
58 59 7320
59 60 7320
60 61 7320
61 62 7320
62 63 7320
63 64 7320
64 65 7320
65 66 7320
66 67 7320
67 68 7320
68 69 7320
69 70 7320
70 71 7320
71 72 7320
72 73 7320
73 74 7320
74 75 7320
75 76 7320
76 77 7320
77 78 7320
78 79 7320
79 80 7320
80 81 7320
81 82 7320
82 83 7320
83 84 7320
84 85 7320
85 86 7320
86 87 7320
87 88 7320
88 89 7320
89 90 7320
90 91 7320
91 92 7320
92 93 7320
93 94 7320
94 95 7320
95 96 7320
96 97 7320
97 98 7320
98 99 7320
99 100 7320
100 101 7320
101 102 7320
102 103 7320
103 104 7320
104 105 7320
105 106 7320
106 107 7320
107 108 7320
108 109 7320
109 110 7320
110 111 7320
111 112 7320
112 113 7320
113 114 7320
114 115 7320
115 116 7320
116 117 7320
117 118 7320
118 119 7320
119 120 7320
120 121 7320
121 122 7320
122 123 7320
123 124 7320
124 125 7320
125 126 7320
126 127 7320
127 128 7320
128 129 7320
129 130 7320
130 131 7320
131 132 7320
132 133 7320
133 134 7320
134 135 7320
135 136 7320
136 137 7320
137 138 7320
138 139 7320
139 140 7320
140 141 7320
141 142 7320
142 143 7320
143 144 7320
144 145 7320
145 146 7320
146 147 7320
147 148 7320
148 149 7320
149 150 7320
150 151 7320
151 152 7320
152 153 7320
153 154 7320
154 155 7320
155 156 7320
156 157 7320
157 158 7320
158 159 7320
159 160 7320
160 161 7320
161 162 7320
162 163 7320
163 164 7320
164 165 7320
165 166 7320
166 167 7320
167 168 7320
168 169 7320
169 170 7320
170 171 7320
171 172 7320
172 173 7320
173 174 7320
174 175 7320
175 176 7320
176 177 7320
177 178 7320
178 179 7320
179 180 7320
180 181 7320
181 182 7320
182 183 7320
183 184 7320
184 185 7320
185 186 7320
186 187 7320
187 188 7320
188 189 7320
189 190 7320
190 191 7320
191 192 7320
192 193 7320
193 194 7320
194 195 7320
195 196 7320
196 197 7320
197 198 7320
198 199 7320
199 200 7320
200 201 7320
201 202 7320
202 203 7320
203 204 7320
204 205 7320
205 206 7320
206 207 7320
207 208 7320
208 209 7320
209 210 7320
210 211 7320
211 212 7320
212 213 7320
213 214 7320
214 215 7320
215 216 7320
216 217 7320
217 218 7320
218 219 7320
219 220 7320
220 221 7320
221 222 7320
222 223 7320
223 224 7320
224 225 7320
225 226 7320
226 227 7320
227 228 7320
228 229 7320
229 230 7320
230 231 7320
231 232 7320
232 233 7320
233 234 7320
234 235 7320
235 236 7320
236 237 7320
237 238 7320
238 239 7320
239 240 7320
240 241 7320
241 242 7320
242 243 7320
243 244 7320
244 245 7320
245 246 7320
246 247 7320
247 248 7320
248 249 7320
249 250 7320
250 251 7320
251 252 7320
252 253 7320
253 254 7320
254 255 7320
255 256 7320
256 257 7320
257 258 7320
258 259 7320
259 260 7320
260 261 7320
261 262 7320
262 263 7320
263 264 7320
264 265 7320
265 266 7320
266 267 7320
267 268 7320
268 269 7320
269 270 7320
270 271 7320
271 272 7320
272 273 7320
273 274 7320
274 275 7320
275 276 7320
276 277 7320
277 278 7320
278 279 7320
279 280 7320
280 281 7320
281 282 7320
282 283 7320
283 284 7320
284 285 7320
285 286 7320
286 287 7320
287 288 7320
288 289 7320
289 290 7320
290 291 7320
291 292 7320
292 293 7320
293 294 7320
294 295 7320
295 296 7320
296 297 7320
297 298 7320
298 299 7320
299 300 7320
300 301 7320
301 302 7320
302 303 7320
303 304 7320
304 305 7320
305 306 7320
306 307 7320
307 308 7320
308 309 7320
309 310 7320
310 311 7320
311 312 7320
312 313 7320
313 314 7320
314 315 7320
315 316 7320
316 317 7320
317 318 7320
318 319 7320
319 320 7320
320 321 7320
321 322 7320
322 323 7320
323 324 7320
324 325 7320
325 326 7320
326 327 7320
327 328 7320
328 329 7320
329 330 7320
330 331 7320
331 332 7320
332 333 7320
333 334 7320
334 335 7320
335 336 7320
336 337 7320
337 338 7320
338 339 7320
339 340 7320
340 341 7320
341 342 7320
342 343 7320
343 344 7320
344 345 7320
345 346 7320
346 347 7320
347 348 7320
348 349 7320
349 350 7320
350 351 7320
351 352 7320
352 353 7320
353 354 7320
354 355 7320
355 356 7320
356 357 7320
357 358 7320
358 359 7320
359 360 7320
360 361 7320
361 362 7320
362 363 7320
363 364 7320
364 365 7320
365 366 7320
366 367 7320
367 368 7320
368 369 7320
369 370 7320
370 371 7320
371 372 7320
372 373 7320
373 374 7320
374 375 7320
375 376 7320
376 377 7320
377 378 7320
378 379 7320
379 380 7320
380 381 7320
381 382 7320
382 383 7320
383 384 7320
384 385 7320
385 386 7320
386 387 7320
387 388 7320
388 389 7320
389 390 7320
390 391 7320
391 392 7320
392 393 7320
393 394 7320
394 395 7320
395 396 7320
396 397 7320
397 398 7320
398 399 7320
399 400 7320
400 401 7320
401 402 7320
402 403 7320
403 404 7320
404 405 7320
405 406 7320
406 407 7320
407 408 7320
408 409 7320
409 410 7320
410 411 7320
411 412 7320
412 413 7320
413 414 7320
414 415 7320
415 416 7320
416 417 7320
417 418 7320
418 419 7320
419 420 7320
420 421 7320
421 422 7320
422 423 7320
423 424 7320
424 425 7320
425 426 7320
426 427 7320
427 428 7320
428 429 7320
429 430 7320
430 431 7320
431 432 7320
432 433 7320
433 434 7320
434 435 7320
435 436 7320
436 437 7320
437 438 7320
438 439 7320
439 440 7320
440 441 7320
441 442 7320
442 443 7320
443 444 7320
444 445 7320
445 446 7320
446 447 7320
447 448 7320
448 449 7320
449 450 7320
450 451 7320
451 452 7320
452 453 7320
453 454 7320
454 455 7320
455 456 7320
456 457 7320
457 458 7320
458 459 7320
459 460 7320
460 461 7320
461 462 7320
462 463 7320
463 464 7320
464 465 7320
465 466 7320
466 467 7320
467 468 7320
468 469 7320
469 470 7320
470 471 7320
471 472 7320
472 473 7320
473 474 7320
474 475 7320
475 476 7320
476 477 7320
477 478 7320
478 479 7320
479 480 7320
480 481 7320
481 482 7320
482 483 7320
483 484 7320
484 485 7320
485 486 7320
486 487 7320
487 488 7320
488 489 7320
489 490 7320
490 491 7320
491 492 7320
492 493 7320
493 494 7320
494 495 7320
495 496 7320
496 497 7320
497 498 7320
498 499 7320
499 500 7320
500 501 7320
501 502 7320
502 503 7320
503 504 7320
504 505 7320
505 506 7320
506 507 7320
507 508 7320
508 509 7320
509 510 7320
510 511 7320
511 512 7320
512 513 7320
513 514 7320
514 515 7320
515 516 7320
516 517 7320
517 518 7320
518 519 7320
519 520 7320
520 521 7320
521 522 7320
522 523 7320
523 524 7320
524 525 7320
525 526 7320
526 527 7320
527 528 7320
528 529 7320
529 530 7320
530 531 7320
531 532 7320
532 533 7320
533 534 7320
534 535 7320
535 536 7320
536 537 7320
537 538 7320
538 539 7320
539 540 7320
540 541 7320
541 542 7320
542 543 7320
543 544 7320
544 545 7320
545 546 7320
546 547 7320
547 548 7320
548 549 7320
549 550 7320
550 551 7320
551 552 7320
552 553 7320
553 554 7320
554 555 7320
555 556 7320
556 557 7320
557 558 7320
558 559 7320
559 560 7320
560 561 7320
561 562 7320
562 563 7320
563 564 7320
564 565 7320
565 566 7320
566 567 7320
567 568 7320
568 569 7320
569 570 7320
570 571 7320
571 572 7320
572 573 7320
573 574 7320
574 575 7320
575 576 7320
576 577 7320
577 578 7320
578 579 7320
579 580 7320
580 581 7320
581 582 7320
582 583 7320
583 584 7320
584 585 7320
585 586 7320
586 587 7320
587 588 7320
588 589 7320
589 590 7320
590 591 7320
591 592 7320
592 593 7320
593 594 7320
594 595 7320
595 596 7320
596 597 7320
597 598 7320
598 599 7320
599 600 7320
600 601 7320
601 602 7320
602 603 7320
603 604 7320
604 605 7320
605 606 7320
606 607 7320
607 608 7320
608 609 7320
609 610 7320
610 611 7320
611 612 7320
612 613 7320
613 614 7320
614 615 7320
615 616 7320
616 617 7320
617 618 7320
618 619 7320
619 620 7320
620 621 7320
621 622 7320
622 623 7320
623 624 7320
624 625 7320
625 626 7320
626 627 7320
627 628 7320
628 629 7320
629 630 7320
630 631 7320
631 632 7320
632 633 7320
633 634 7320
634 635 7320
635 636 7320
636 637 7320
637 638 7320
638 639 7320
639 640 7320
640 641 7320
641 642 7320
642 643 7320
643 644 7320
644 645 7320
645 646 7320
646 647 7320
647 648 7320
648 649 7320
649 650 7320
650 651 7320
651 652 7320
652 653 7320
653 654 7320
654 655 7320
655 656 7320
656 657 7320
657 658 7320
658 659 7320
659 660 7320
660 661 7320
661 662 7320
662 663 7320
663 664 7320
664 665 7320
665 666 7320
666 667 7320
667 668 7320
668 669 7320
669 670 7320
670 671 7320
671 672 7320
672 673 7320
673 674 7320
674 675 7320
675 676 7320
676 677 7320
677 678 7320
678 679 7320
679 680 7320
680 681 7320
681 682 7320
682 683 7320
683 684 7320
684 685 7320
685 686 7320
686 687 7320
687 688 7320
688 689 7320
689 690 7320
690 691 7320
691 692 7320
692 693 7320
693 694 7320
694 695 7320
695 696 7320
696 697 7320
697 698 7320
698 699 7320
699 700 7320
700 701 7320
701 702 7320
702 703 7320
703 704 7320
704 705 7320
705 706 7320
706 707 7320
707 708 7320
708 709 7320
709 710 7320
710 711 7320
711 712 7320
712 713 7320
713 714 7320
714 715 7320
715 716 7320
716 717 7320
717 718 7320
718 719 7320
719 720 7320
720 721 7320
721 722 7320
722 723 7320
723 724 7320
724 725 7320
725 726 7320
726 727 7320
727 728 7320
728 729 7320
729 730 7320
730 731 7320
206 308 7320
145 552 7320
64 483 7320
142 696 7320
111 307 7320
149 604 7320
335 384 7320
180 510 7320
308 594 7320
197 656 7320
135 567 7320
85 564 7320
49 54 7320
314 430 7320
206 389 7320
79 458 7320
337 440 7320
58 206 7320
7 125 7320
309 344 7320
290 454 7320
5 373 7320
314 607 7320
35 494 7320
130 731 7320
283 356 7320
170 413 7320
243 702 7320
304 575 7320
75 693 7320
215 501 7320
299 645 7320
121 492 7320
108 509 7320
295 711 7320
25 484 7320
19 433 7320
262 674 7320
22 38 7320
360 687 7320
348 694 7320
366 432 7320
135 330 7320
68 235 7320
39 696 7320
65 402 7320
178 214 7320
216 674 7320
306 719 7320
3 361 7320
182 302 7320
159 397 7320
347 457 7320
201 495 7320
233 559 7320
98 336 7320
118 617 7320
349 628 7320
341 479 7320
114 621 7320
296 643 7320
323 638 7320
307 531 7320
255 326 7320
174 626 7320
126 661 7320
116 439 7320
299 353 7320
220 497 7320
143 633 7320
350 464 7320
76 490 7320
206 229 7320
6 24 7320
360 542 7320
310 654 7320
29 155 7320
104 487 7320
67 546 7320
282 545 7320
54 437 7320
177 593 7320
169 184 7320
238 305 7320
68 436 7320
157 488 7320
168 448 7320
184 425 7320
279 467 7320
295 591 7320
365 651 7320
340 561 7320
285 576 7320
155 264 7320
101 519 7320
238 619 7320
189 503 7320
229 613 7320
10 657 7320
6 161 7320
153 594 7320
75 437 7320
363 418 7320
309 501 7320
56 688 7320
176 568 7320
131 497 7320
301 324 7320
166 681 7320
190 367 7320
303 661 7320
81 415 7320
25 100 7320
69 362 7320
314 504 7320
304 469 7320
29 77 7320
226 437 7320
238 293 7320
15 241 7320
159 359 7320
78 618 7320
362 461 7320
150 339 7320
97 323 7320
89 254 7320
308 349 7320
59 199 7320
50 482 7320
137 446 7320
341 724 7320
56 419 7320
299 366 7320
85 91 7320
82 188 7320
191 497 7320
1 7 7320
62 651 7320
173 637 7320
44 609 7320
351 663 7320
353 518 7320
69 82 7320
346 588 7320
9 308 7320
292 700 7320
165 689 7320
95 339 7320
319 428 7320
153 257 7320
358 450 7320
252 445 7320
68 714 7320
260 598 7320
222 430 7320
189 338 7320
323 617 7320
216 451 7320
98 642 7320
180 666 7320
184 720 7320
136 424 7320
42 46 7320
198 571 7320
320 530 7320
64 166 7320
102 516 7320
305 667 7320
173 403 7320
225 369 7320
330 694 7320
97 591 7320
127 645 7320
72 200 7320
67 352 7320
142 583 7320
140 509 7320
241 427 7320
115 332 7320
329 706 7320
280 683 7320
70 262 7320
333 700 7320
130 666 7320
156 718 7320
366 510 7320
255 268 7320
72 80 7320
311 336 7320
129 457 7320
151 168 7320
173 613 7320
21 538 7320
175 256 7320
175 457 7320
147 266 7320
15 567 7320
83 569 7320
2 325 7320
24 373 7320
274 446 7320
84 404 7320
4 142 7320
269 656 7320
246 678 7320
145 476 7320
300 565 7320
320 628 7320
358 430 7320
56 687 7320
76 131 7320
126 441 7320
310 386 7320
335 730 7320
318 612 7320
272 653 7320
363 620 7320
186 474 7320
216 284 7320
137 549 7320
55 239 7320
272 665 7320
235 721 7320
302 316 7320
239 722 7320
314 631 7320
137 668 7320
239 369 7320
9 624 7320
45 96 7320
162 382 7320
309 405 7320
349 641 7320
351 658 7320
16 20 7320
322 622 7320
157 597 7320
349 504 7320
76 473 7320
202 596 7320
7 626 7320
340 631 7320
50 290 7320
31 686 7320
80 451 7320
103 691 7320
351 543 7320
196 655 7320
56 276 7320
14 50 7320
336 597 7320
41 630 7320
47 621 7320
86 686 7320
187 607 7320
155 650 7320
231 373 7320
316 412 7320
65 605 7320
86 155 7320
191 546 7320
149 166 7320
219 686 7320
191 368 7320
59 545 7320
232 298 7320
159 656 7320
249 524 7320
228 303 7320
48 86 7320
187 305 7320
127 228 7320
80 83 7320
132 510 7320
363 627 7320
116 513 7320
259 731 7320
67 367 7320
179 243 7320
91 468 7320
292 619 7320
0 472 7320
171 323 7320
246 601 7320
102 304 7320
26 304 7320
69 722 7320
288 428 7320
303 361 7320
329 429 7320
21 104 7320
170 681 7320
195 320 7320
229 448 7320
171 356 7320
299 487 7320
134 650 7320
169 468 7320
90 415 7320
13 251 7320
343 580 7320
289 728 7320
325 349 7320
183 285 7320
252 403 7320
86 377 7320
125 261 7320
1 398 7320
92 187 7320
131 586 7320
45 532 7320
250 492 7320
269 573 7320
194 670 7320
126 216 7320
313 513 7320
44 222 7320
8 401 7320
83 638 7320
34 585 7320
196 385 7320
74 227 7320
263 317 7320
220 222 7320
56 383 7320
52 492 7320
173 321 7320
127 184 7320
112 655 7320
166 405 7320
105 569 7320
196 570 7320
107 262 7320
327 374 7320
114 473 7320
349 547 7320
112 723 7320
292 684 7320
306 394 7320
245 720 7320
262 514 7320
151 390 7320
169 579 7320
334 652 7320
215 303 7320
159 286 7320
262 290 7320
76 548 7320
366 687 7320
176 425 7320
44 469 7320
275 470 7320
292 709 7320
107 269 7320
199 473 7320
98 288 7320
121 694 7320
255 377 7320
36 321 7320
364 667 7320
268 404 7320
51 138 7320
287 539 7320
200 499 7320
1 198 7320
294 425 7320
35 683 7320
61 208 7320
332 698 7320
202 277 7320
171 355 7320
205 446 7320
313 398 7320
20 256 7320
104 689 7320
228 462 7320
316 505 7320
151 428 7320
276 684 7320
117 277 7320
348 661 7320
138 492 7320
145 726 7320
210 381 7320
105 202 7320
61 249 7320
167 379 7320
158 718 7320
225 696 7320
235 699 7320
275 727 7320
252 339 7320
96 557 7320
151 264 7320
336 426 7320
168 481 7320
96 421 7320
78 487 7320
189 585 7320
63 594 7320
278 675 7320
114 503 7320
250 470 7320
21 321 7320
227 328 7320
303 363 7320
292 553 7320
7 321 7320
264 668 7320
354 637 7320
192 699 7320
225 383 7320
322 710 7320
322 560 7320
170 221 7320
125 447 7320
30 193 7320
302 725 7320
263 440 7320
171 720 7320
210 492 7320
52 400 7320
289 609 7320
41 562 7320
103 650 7320
301 560 7320
213 394 7320
144 510 7320
91 391 7320
295 729 7320
321 542 7320
97 484 7320
361 587 7320
366 709 7320
132 195 7320
267 653 7320
209 702 7320
11 189 7320
307 419 7320
253 685 7320
290 467 7320
188 366 7320
321 423 7320
177 379 7320
211 493 7320
282 684 7320
220 716 7320
191 525 7320
43 489 7320
1 456 7320
37 540 7320
72 723 7320
190 665 7320
306 344 7320
130 492 7320
257 450 7320
338 388 7320
307 578 7320
223 279 7320
327 378 7320
134 586 7320
30 692 7320
185 253 7320
235 464 7320
211 580 7320
194 233 7320
36 628 7320
133 687 7320
363 509 7320
221 677 7320
61 214 7320
365 501 7320
198 694 7320
364 679 7320
268 519 7320
118 562 7320
22 730 7320
79 168 7320
192 421 7320
140 211 7320
201 411 7320
49 258 7320
281 675 7320
311 375 7320
59 606 7320
79 569 7320
292 518 7320
345 361 7320
229 409 7320
156 192 7320
326 691 7320
34 478 7320
203 608 7320
253 681 7320
104 495 7320
46 77 7320
206 292 7320
320 611 7320
189 414 7320
212 464 7320
3 249 7320
268 421 7320
208 667 7320
298 458 7320
299 614 7320
223 404 7320
83 539 7320
352 525 7320
332 569 7320
32 649 7320
196 430 7320
35 555 7320
302 549 7320
56 169 7320
317 683 7320
317 545 7320
303 464 7320
259 318 7320
275 564 7320
134 231 7320
148 661 7320
73 90 7320
274 571 7320
241 515 7320
192 345 7320
117 524 7320
88 626 7320
7 332 7320
230 401 7320
93 151 7320
164 308 7320
21 28 7320
184 725 7320
343 718 7320
327 393 7320
108 728 7320
323 330 7320
174 688 7320
143 605 7320
256 457 7320
14 693 7320
218 604 7320
64 473 7320
69 665 7320
343 494 7320
70 667 7320
223 699 7320
339 579 7320
356 570 7320
128 342 7320
263 510 7320
89 187 7320
263 722 7320
307 556 7320
79 552 7320
257 344 7320
363 592 7320
271 366 7320
113 695 7320
96 520 7320
159 678 7320
126 488 7320
133 157 7320
7 666 7320
209 341 7320
293 319 7320
50 601 7320
47 566 7320
322 681 7320
3 477 7320
29 498 7320
180 535 7320
119 565 7320
15 567 7320
103 595 7320
98 690 7320
285 661 7320
200 629 7320
287 617 7320
124 528 7320
204 316 7320
172 609 7320
256 600 7320
306 351 7320
335 545 7320
149 200 7320
97 122 7320
229 659 7320
217 665 7320
53 532 7320
15 451 7320
189 205 7320
188 380 7320
3 65 7320
339 506 7320
262 491 7320
105 703 7320
292 706 7320
202 466 7320
299 337 7320
0 477 7320
338 485 7320
50 333 7320
189 638 7320
345 476 7320
102 122 7320
344 423 7320
86 619 7320
237 640 7320
209 248 7320
38 571 7320
6 637 7320
169 439 7320
299 694 7320
28 305 7320
36 320 7320
13 73 7320
338 399 7320
83 694 7320
46 671 7320
56 651 7320
335 577 7320
101 345 7320
79 553 7320
82 538 7320
61 674 7320
27 624 7320
261 304 7320
210 555 7320
105 390 7320
333 454 7320
315 631 7320
185 712 7320
336 541 7320
70 697 7320
64 331 7320
264 514 7320
298 404 7320
183 479 7320
174 715 7320
245 480 7320
87 395 7320
81 628 7320
117 446 7320
201 398 7320
193 707 7320
242 591 7320
194 392 7320
79 154 7320
63 331 7320
121 472 7320
337 517 7320
235 416 7320
340 426 7320
334 609 7320
238 243 7320
58 339 7320
7 70 7320
18 659 7320
60 318 7320
162 333 7320
189 542 7320
356 498 7320
80 196 7320
145 315 7320
32 582 7320
192 379 7320
60 549 7320
345 391 7320
22 34 7320
264 584 7320
188 399 7320
97 443 7320
205 603 7320
301 573 7320
260 670 7320
238 610 7320
280 498 7320
275 592 7320
73 87 7320
119 307 7320
15 505 7320
142 189 7320
304 408 7320
202 242 7320
304 359 7320
325 343 7320
262 392 7320
304 716 7320
112 241 7320
276 464 7320
79 201 7320
98 625 7320
243 560 7320
28 590 7320
361 659 7320
306 399 7320
105 322 7320
327 508 7320
72 105 7320
222 502 7320
120 405 7320
58 228 7320
351 544 7320
40 158 7320
122 193 7320
183 481 7320
150 420 7320
243 311 7320
307 611 7320
110 399 7320
302 583 7320
203 606 7320
89 145 7320
346 692 7320
101 171 7320
206 299 7320
233 274 7320
21 536 7320
265 347 7320
317 501 7320
55 101 7320
200 423 7320
262 725 7320
78 172 7320
296 397 7320
191 488 7320
334 570 7320
43 232 7320
