0 1 7360
1 2 7360
2 3 7360
3 4 7360
4 5 7360
5 6 7360
6 7 7360
7 8 7360
8 9 7360
9 10 7360
10 11 7360
11 12 7360
12 13 7360
13 14 7360
14 15 7360
15 16 7360
16 17 7360
17 18 7360
18 19 7360
19 20 7360
20 21 7360
21 22 7360
22 23 7360
23 24 7360
24 25 7360
25 26 7360
26 27 7360
27 28 7360
28 29 7360
29 30 7360
30 31 7360
31 32 7360
32 33 7360
33 34 7360
34 35 7360
35 36 7360
36 37 7360
37 38 7360
38 39 7360
39 40 7360
40 41 7360
41 42 7360
42 43 7360
43 44 7360
44 45 7360
45 46 7360
46 47 7360
47 48 7360
48 49 7360
49 50 7360
50 51 7360
51 52 7360
52 53 7360
53 54 7360
54 55 7360
55 56 7360
56 57 7360
57 58 7360
58 59 7360
59 60 7360
60 61 7360
61 62 7360
62 63 7360
63 64 7360
64 65 7360
65 66 7360
66 67 7360
67 68 7360
68 69 7360
69 70 7360
70 71 7360
71 72 7360
72 73 7360
73 74 7360
74 75 7360
75 76 7360
76 77 7360
77 78 7360
78 79 7360
79 80 7360
80 81 7360
81 82 7360
82 83 7360
83 84 7360
84 85 7360
85 86 7360
86 87 7360
87 88 7360
88 89 7360
89 90 7360
90 91 7360
91 92 7360
92 93 7360
93 94 7360
94 95 7360
95 96 7360
96 97 7360
97 98 7360
98 99 7360
99 100 7360
100 101 7360
101 102 7360
102 103 7360
103 104 7360
104 105 7360
105 106 7360
106 107 7360
107 108 7360
108 109 7360
109 110 7360
110 111 7360
111 112 7360
112 113 7360
113 114 7360
114 115 7360
115 116 7360
116 117 7360
117 118 7360
118 119 7360
119 120 7360
120 121 7360
121 122 7360
122 123 7360
123 124 7360
124 125 7360
125 126 7360
126 127 7360
127 128 7360
128 129 7360
129 130 7360
130 131 7360
131 132 7360
132 133 7360
133 134 7360
134 135 7360
135 136 7360
136 137 7360
137 138 7360
138 139 7360
139 140 7360
140 141 7360
141 142 7360
142 143 7360
143 144 7360
144 145 7360
145 146 7360
146 147 7360
147 148 7360
148 149 7360
149 150 7360
150 151 7360
151 152 7360
152 153 7360
153 154 7360
154 155 7360
155 156 7360
156 157 7360
157 158 7360
158 159 7360
159 160 7360
160 161 7360
161 162 7360
162 163 7360
163 164 7360
164 165 7360
165 166 7360
166 167 7360
167 168 7360
168 169 7360
169 170 7360
170 171 7360
171 172 7360
172 173 7360
173 174 7360
174 175 7360
175 176 7360
176 177 7360
177 178 7360
178 179 7360
179 180 7360
180 181 7360
181 182 7360
182 183 7360
183 184 7360
184 185 7360
185 186 7360
186 187 7360
187 188 7360
188 189 7360
189 190 7360
190 191 7360
191 192 7360
192 193 7360
193 194 7360
194 195 7360
195 196 7360
196 197 7360
197 198 7360
198 199 7360
199 200 7360
200 201 7360
201 202 7360
202 203 7360
203 204 7360
204 205 7360
205 206 7360
206 207 7360
207 208 7360
208 209 7360
209 210 7360
210 211 7360
211 212 7360
212 213 7360
213 214 7360
214 215 7360
215 216 7360
216 217 7360
217 218 7360
218 219 7360
219 220 7360
220 221 7360
221 222 7360
222 223 7360
223 224 7360
224 225 7360
225 226 7360
226 227 7360
227 228 7360
228 229 7360
229 230 7360
230 231 7360
231 232 7360
232 233 7360
233 234 7360
234 235 7360
235 236 7360
236 237 7360
237 238 7360
238 239 7360
239 240 7360
240 241 7360
241 242 7360
242 243 7360
243 244 7360
244 245 7360
245 246 7360
246 247 7360
247 248 7360
248 249 7360
249 250 7360
250 251 7360
251 252 7360
252 253 7360
253 254 7360
254 255 7360
255 256 7360
256 257 7360
257 258 7360
258 259 7360
259 260 7360
260 261 7360
261 262 7360
262 263 7360
263 264 7360
264 265 7360
265 266 7360
266 267 7360
267 268 7360
268 269 7360
269 270 7360
270 271 7360
271 272 7360
272 273 7360
273 274 7360
274 275 7360
275 276 7360
276 277 7360
277 278 7360
278 279 7360
279 280 7360
280 281 7360
281 282 7360
282 283 7360
283 284 7360
284 285 7360
285 286 7360
286 287 7360
287 288 7360
288 289 7360
289 290 7360
290 291 7360
291 292 7360
292 293 7360
293 294 7360
294 295 7360
295 296 7360
296 297 7360
297 298 7360
298 299 7360
299 300 7360
300 301 7360
301 302 7360
302 303 7360
303 304 7360
304 305 7360
305 306 7360
306 307 7360
307 308 7360
308 309 7360
309 310 7360
310 311 7360
311 312 7360
312 313 7360
313 314 7360
314 315 7360
315 316 7360
316 317 7360
317 318 7360
318 319 7360
319 320 7360
320 321 7360
321 322 7360
322 323 7360
323 324 7360
324 325 7360
325 326 7360
326 327 7360
327 328 7360
328 329 7360
329 330 7360
330 331 7360
331 332 7360
332 333 7360
333 334 7360
334 335 7360
335 336 7360
336 337 7360
337 338 7360
338 339 7360
339 340 7360
340 341 7360
341 342 7360
342 343 7360
343 344 7360
344 345 7360
345 346 7360
346 347 7360
347 348 7360
348 349 7360
349 350 7360
350 351 7360
351 352 7360
352 353 7360
353 354 7360
354 355 7360
355 356 7360
356 357 7360
357 358 7360
358 359 7360
359 360 7360
360 361 7360
361 362 7360
362 363 7360
363 364 7360
364 365 7360
365 366 7360
366 367 7360
367 368 7360
368 369 7360
369 370 7360
370 371 7360
371 372 7360
372 373 7360
373 374 7360
374 375 7360
375 376 7360
376 377 7360
377 378 7360
378 379 7360
379 380 7360
380 381 7360
381 382 7360
382 383 7360
383 384 7360
384 385 7360
385 386 7360
386 387 7360
387 388 7360
388 389 7360
389 390 7360
390 391 7360
391 392 7360
392 393 7360
393 394 7360
394 395 7360
395 396 7360
396 397 7360
397 398 7360
398 399 7360
399 400 7360
400 401 7360
401 402 7360
402 403 7360
403 404 7360
404 405 7360
405 406 7360
406 407 7360
407 408 7360
408 409 7360
409 410 7360
410 411 7360
411 412 7360
412 413 7360
413 414 7360
414 415 7360
415 416 7360
416 417 7360
417 418 7360
418 419 7360
419 420 7360
420 421 7360
421 422 7360
422 423 7360
423 424 7360
424 425 7360
425 426 7360
426 427 7360
427 428 7360
428 429 7360
429 430 7360
430 431 7360
431 432 7360
432 433 7360
433 434 7360
434 435 7360
435 436 7360
436 437 7360
437 438 7360
438 439 7360
439 440 7360
440 441 7360
441 442 7360
442 443 7360
443 444 7360
444 445 7360
445 446 7360
446 447 7360
447 448 7360
448 449 7360
449 450 7360
450 451 7360
451 452 7360
452 453 7360
453 454 7360
454 455 7360
455 456 7360
456 457 7360
457 458 7360
458 459 7360
459 460 7360
460 461 7360
461 462 7360
462 463 7360
463 464 7360
464 465 7360
465 466 7360
466 467 7360
467 468 7360
468 469 7360
469 470 7360
470 471 7360
471 472 7360
472 473 7360
473 474 7360
474 475 7360
475 476 7360
476 477 7360
477 478 7360
478 479 7360
479 480 7360
480 481 7360
481 482 7360
482 483 7360
483 484 7360
484 485 7360
485 486 7360
486 487 7360
487 488 7360
488 489 7360
489 490 7360
490 491 7360
491 492 7360
492 493 7360
493 494 7360
494 495 7360
495 496 7360
496 497 7360
497 498 7360
498 499 7360
499 500 7360
500 501 7360
501 502 7360
502 503 7360
503 504 7360
504 505 7360
505 506 7360
506 507 7360
507 508 7360
508 509 7360
509 510 7360
510 511 7360
511 512 7360
512 513 7360
513 514 7360
514 515 7360
515 516 7360
516 517 7360
517 518 7360
518 519 7360
519 520 7360
520 521 7360
521 522 7360
522 523 7360
523 524 7360
524 525 7360
525 526 7360
526 527 7360
527 528 7360
528 529 7360
529 530 7360
530 531 7360
531 532 7360
532 533 7360
533 534 7360
534 535 7360
535 536 7360
536 537 7360
537 538 7360
538 539 7360
539 540 7360
540 541 7360
541 542 7360
542 543 7360
543 544 7360
544 545 7360
545 546 7360
546 547 7360
547 548 7360
548 549 7360
549 550 7360
550 551 7360
551 552 7360
552 553 7360
553 554 7360
554 555 7360
555 556 7360
556 557 7360
557 558 7360
558 559 7360
559 560 7360
560 561 7360
561 562 7360
562 563 7360
563 564 7360
564 565 7360
565 566 7360
566 567 7360
567 568 7360
568 569 7360
569 570 7360
570 571 7360
571 572 7360
572 573 7360
573 574 7360
574 575 7360
575 576 7360
576 577 7360
577 578 7360
578 579 7360
579 580 7360
580 581 7360
581 582 7360
582 583 7360
583 584 7360
584 585 7360
585 586 7360
586 587 7360
587 588 7360
588 589 7360
589 590 7360
590 591 7360
591 592 7360
592 593 7360
593 594 7360
594 595 7360
595 596 7360
596 597 7360
597 598 7360
598 599 7360
599 600 7360
600 601 7360
601 602 7360
602 603 7360
603 604 7360
604 605 7360
605 606 7360
606 607 7360
607 608 7360
608 609 7360
609 610 7360
610 611 7360
611 612 7360
612 613 7360
613 614 7360
614 615 7360
615 616 7360
616 617 7360
617 618 7360
618 619 7360
619 620 7360
620 621 7360
621 622 7360
622 623 7360
623 624 7360
624 625 7360
625 626 7360
626 627 7360
627 628 7360
628 629 7360
629 630 7360
630 631 7360
631 632 7360
632 633 7360
633 634 7360
634 635 7360
635 636 7360
636 637 7360
637 638 7360
638 639 7360
639 640 7360
640 641 7360
641 642 7360
642 643 7360
643 644 7360
644 645 7360
645 646 7360
646 647 7360
647 648 7360
648 649 7360
649 650 7360
650 651 7360
651 652 7360
652 653 7360
653 654 7360
654 655 7360
655 656 7360
656 657 7360
657 658 7360
658 659 7360
659 660 7360
660 661 7360
661 662 7360
662 663 7360
663 664 7360
664 665 7360
665 666 7360
666 667 7360
667 668 7360
668 669 7360
669 670 7360
670 671 7360
671 672 7360
672 673 7360
673 674 7360
674 675 7360
675 676 7360
676 677 7360
677 678 7360
678 679 7360
679 680 7360
680 681 7360
681 682 7360
682 683 7360
683 684 7360
684 685 7360
685 686 7360
686 687 7360
687 688 7360
688 689 7360
689 690 7360
690 691 7360
691 692 7360
692 693 7360
693 694 7360
694 695 7360
695 696 7360
696 697 7360
697 698 7360
698 699 7360
699 700 7360
700 701 7360
701 702 7360
702 703 7360
703 704 7360
704 705 7360
705 706 7360
706 707 7360
707 708 7360
708 709 7360
709 710 7360
710 711 7360
711 712 7360
712 713 7360
713 714 7360
714 715 7360
715 716 7360
716 717 7360
717 718 7360
718 719 7360
719 720 7360
720 721 7360
721 722 7360
722 723 7360
723 724 7360
724 725 7360
725 726 7360
726 727 7360
727 728 7360
728 729 7360
729 730 7360
730 731 7360
731 732 7360
732 733 7360
733 734 7360
734 735 7360
304 387 7360
350 489 7360
88 682 7360
131 579 7360
141 730 7360
45 135 7360
103 183 7360
276 542 7360
112 391 7360
301 578 7360
53 55 7360
362 706 7360
321 378 7360
55 491 7360
54 439 7360
129 677 7360
185 477 7360
306 573 7360
33 93 7360
114 365 7360
69 637 7360
292 411 7360
258 401 7360
284 726 7360
297 688 7360
169 566 7360
172 324 7360
307 581 7360
366 711 7360
35 314 7360
342 388 7360
187 543 7360
174 202 7360
278 617 7360
68 400 7360
310 417 7360
179 613 7360
319 338 7360
301 430 7360
7 391 7360
189 550 7360
59 168 7360
204 483 7360
329 386 7360
361 689 7360
112 375 7360
181 380 7360
201 286 7360
342 594 7360
171 303 7360
193 310 7360
154 423 7360
160 469 7360
147 506 7360
49 654 7360
345 350 7360
61 160 7360
114 373 7360
14 73 7360
90 360 7360
247 517 7360
134 359 7360
160 409 7360
31 138 7360
271 493 7360
274 361 7360
307 431 7360
163 441 7360
203 707 7360
207 232 7360
249 477 7360
285 478 7360
178 617 7360
7 495 7360
202 347 7360
252 406 7360
118 670 7360
184 304 7360
254 419 7360
150 158 7360
69 703 7360
309 460 7360
264 335 7360
91 218 7360
24 174 7360
286 617 7360
275 389 7360
121 699 7360
121 476 7360
162 714 7360
31 552 7360
324 715 7360
79 322 7360
120 304 7360
199 331 7360
116 184 7360
19 545 7360
68 581 7360
273 506 7360
172 381 7360
104 371 7360
44 550 7360
129 416 7360
327 503 7360
181 332 7360
149 201 7360
42 272 7360
7 568 7360
253 351 7360
99 196 7360
256 654 7360
73 708 7360
134 194 7360
293 455 7360
189 505 7360
242 571 7360
94 518 7360
91 565 7360
225 660 7360
125 144 7360
255 524 7360
359 650 7360
241 631 7360
131 275 7360
147 312 7360
196 695 7360
224 519 7360
33 393 7360
346 348 7360
74 361 7360
204 478 7360
44 220 7360
269 463 7360
139 407 7360
82 466 7360
27 650 7360
116 583 7360
260 388 7360
194 633 7360
99 244 7360
242 275 7360
240 525 7360
363 582 7360
51 652 7360
173 200 7360
136 488 7360
179 687 7360
71 214 7360
85 407 7360
262 529 7360
285 726 7360
275 451 7360
268 675 7360
240 689 7360
274 632 7360
14 153 7360
266 734 7360
259 575 7360
266 437 7360
289 556 7360
209 613 7360
206 285 7360
123 431 7360
302 545 7360
133 674 7360
291 727 7360
166 643 7360
177 659 7360
131 465 7360
109 641 7360
360 673 7360
66 524 7360
148 721 7360
312 326 7360
331 509 7360
249 399 7360
113 544 7360
33 208 7360
87 622 7360
130 455 7360
240 701 7360
3 51 7360
90 681 7360
274 637 7360
185 718 7360
210 487 7360
129 720 7360
238 464 7360
338 354 7360
60 507 7360
141 530 7360
271 291 7360
199 649 7360
202 627 7360
114 599 7360
338 475 7360
178 373 7360
109 111 7360
135 319 7360
16 374 7360
237 449 7360
361 394 7360
226 449 7360
184 187 7360
52 701 7360
327 477 7360
50 112 7360
344 705 7360
138 257 7360
356 630 7360
45 219 7360
15 57 7360
156 448 7360
183 492 7360
128 385 7360
27 71 7360
94 387 7360
170 641 7360
237 721 7360
157 378 7360
233 358 7360
32 576 7360
106 476 7360
103 675 7360
354 389 7360
327 486 7360
60 142 7360
136 436 7360
130 481 7360
251 560 7360
78 234 7360
213 413 7360
17 279 7360
88 341 7360
246 375 7360
306 613 7360
239 515 7360
335 723 7360
85 616 7360
224 309 7360
133 441 7360
54 581 7360
224 633 7360
266 526 7360
207 713 7360
61 410 7360
129 283 7360
344 731 7360
17 315 7360
68 668 7360
91 321 7360
295 559 7360
196 689 7360
42 520 7360
246 506 7360
163 643 7360
252 538 7360
361 662 7360
279 605 7360
128 452 7360
349 409 7360
117 261 7360
29 618 7360
200 492 7360
43 455 7360
127 428 7360
161 373 7360
194 275 7360
17 207 7360
330 637 7360
208 390 7360
72 480 7360
3 328 7360
82 693 7360
190 681 7360
301 507 7360
18 570 7360
330 580 7360
258 570 7360
355 438 7360
217 575 7360
298 516 7360
60 666 7360
106 429 7360
81 383 7360
347 361 7360
88 667 7360
320 493 7360
27 721 7360
232 358 7360
148 378 7360
154 465 7360
138 475 7360
76 700 7360
292 521 7360
172 360 7360
165 313 7360
90 238 7360
124 723 7360
344 576 7360
222 639 7360
293 580 7360
112 640 7360
216 552 7360
240 299 7360
321 543 7360
161 608 7360
54 727 7360
245 630 7360
329 580 7360
310 705 7360
251 456 7360
242 665 7360
241 726 7360
238 489 7360
24 246 7360
180 460 7360
306 643 7360
126 410 7360
231 236 7360
292 688 7360
209 458 7360
264 343 7360
203 438 7360
89 367 7360
350 731 7360
56 468 7360
125 130 7360
350 375 7360
107 303 7360
258 378 7360
163 659 7360
244 285 7360
182 400 7360
288 328 7360
46 456 7360
68 209 7360
97 415 7360
14 245 7360
140 274 7360
97 374 7360
343 575 7360
179 615 7360
81 322 7360
213 536 7360
128 249 7360
114 680 7360
21 659 7360
350 506 7360
238 672 7360
253 299 7360
290 659 7360
298 432 7360
313 548 7360
114 175 7360
301 432 7360
81 261 7360
242 466 7360
16 583 7360
334 396 7360
331 643 7360
13 615 7360
114 362 7360
88 721 7360
89 147 7360
342 389 7360
156 513 7360
243 724 7360
230 543 7360
17 470 7360
35 258 7360
152 690 7360
213 660 7360
95 226 7360
323 499 7360
141 291 7360
161 178 7360
24 105 7360
23 101 7360
166 290 7360
62 198 7360
119 675 7360
73 340 7360
20 357 7360
44 335 7360
91 103 7360
101 414 7360
295 664 7360
98 507 7360
116 391 7360
262 495 7360
102 702 7360
153 434 7360
57 553 7360
194 261 7360
61 412 7360
339 531 7360
182 319 7360
16 96 7360
161 526 7360
270 522 7360
12 336 7360
226 488 7360
171 582 7360
330 364 7360
261 422 7360
11 89 7360
149 393 7360
282 345 7360
152 261 7360
108 203 7360
196 558 7360
268 468 7360
11 119 7360
66 297 7360
131 673 7360
153 603 7360
281 695 7360
232 562 7360
217 489 7360
158 598 7360
136 363 7360
119 258 7360
325 722 7360
246 311 7360
240 311 7360
28 142 7360
265 529 7360
287 304 7360
76 95 7360
263 703 7360
104 731 7360
275 567 7360
295 698 7360
96 406 7360
36 191 7360
166 618 7360
323 659 7360
335 446 7360
176 684 7360
132 699 7360
33 729 7360
151 706 7360
154 527 7360
101 277 7360
365 377 7360
0 471 7360
70 212 7360
64 186 7360
316 569 7360
89 564 7360
320 728 7360
188 702 7360
102 318 7360
21 255 7360
4 440 7360
337 420 7360
260 643 7360
327 702 7360
325 331 7360
46 409 7360
278 382 7360
6 450 7360
311 609 7360
192 521 7360
217 521 7360
79 238 7360
242 302 7360
12 513 7360
286 355 7360
297 587 7360
158 160 7360
16 458 7360
355 591 7360
54 392 7360
227 258 7360
16 683 7360
123 587 7360
49 216 7360
31 72 7360
106 282 7360
129 337 7360
2 532 7360
220 539 7360
177 199 7360
202 454 7360
125 584 7360
217 494 7360
354 538 7360
150 688 7360
236 666 7360
219 558 7360
113 414 7360
294 640 7360
353 462 7360
260 263 7360
185 327 7360
250 493 7360
5 389 7360
329 363 7360
55 325 7360
46 637 7360
275 612 7360
252 450 7360
5 541 7360
263 607 7360
131 417 7360
248 488 7360
83 610 7360
24 677 7360
264 370 7360
323 668 7360
344 409 7360
146 525 7360
101 481 7360
255 408 7360
90 531 7360
360 522 7360
231 451 7360
317 325 7360
175 302 7360
42 488 7360
70 648 7360
38 666 7360
157 590 7360
247 330 7360
280 300 7360
159 393 7360
50 66 7360
354 490 7360
179 324 7360
19 500 7360
244 627 7360
130 340 7360
39 181 7360
37 676 7360
4 352 7360
235 583 7360
246 332 7360
272 541 7360
123 726 7360
72 637 7360
93 164 7360
354 476 7360
157 406 7360
54 70 7360
240 261 7360
194 246 7360
116 714 7360
40 490 7360
143 402 7360
48 180 7360
224 655 7360
114 182 7360
161 544 7360
169 665 7360
103 688 7360
89 320 7360
156 210 7360
209 709 7360
361 685 7360
189 350 7360
125 541 7360
272 705 7360
144 426 7360
7 687 7360
99 324 7360
113 698 7360
217 657 7360
248 458 7360
239 595 7360
320 608 7360
45 256 7360
33 261 7360
306 698 7360
52 674 7360
339 642 7360
246 287 7360
19 638 7360
330 537 7360
328 635 7360
219 701 7360
35 666 7360
30 47 7360
229 556 7360
78 296 7360
251 485 7360
190 544 7360
327 565 7360
291 692 7360
148 583 7360
63 518 7360
351 676 7360
76 584 7360
256 408 7360
141 433 7360
357 443 7360
131 520 7360
75 126 7360
309 493 7360
89 504 7360
154 486 7360
229 557 7360
139 466 7360
79 572 7360
153 407 7360
299 547 7360
328 473 7360
231 560 7360
351 533 7360
19 442 7360
145 381 7360
281 655 7360
100 562 7360
61 416 7360
193 637 7360
111 371 7360
79 661 7360
8 104 7360
284 362 7360
44 642 7360
141 665 7360
228 662 7360
299 493 7360
274 646 7360
59 649 7360
296 563 7360
102 700 7360
106 498 7360
327 461 7360
76 715 7360
22 638 7360
181 305 7360
51 195 7360
267 277 7360
296 436 7360
279 523 7360
64 146 7360
360 700 7360
262 564 7360
228 602 7360
290 622 7360
69 644 7360
219 413 7360
98 735 7360
153 542 7360
355 702 7360
108 252 7360
244 582 7360
353 476 7360
196 520 7360
114 171 7360
207 693 7360
280 287 7360
21 185 7360
364 458 7360
361 431 7360
149 702 7360
168 618 7360
282 302 7360
82 420 7360
227 681 7360
153 480 7360
84 652 7360
32 478 7360
13 120 7360
183 483 7360
305 428 7360
208 412 7360
100 150 7360
281 617 7360
6 329 7360
60 115 7360
43 635 7360
227 611 7360
337 342 7360
76 446 7360
54 125 7360
103 117 7360
366 486 7360
282 558 7360
102 189 7360
54 474 7360
100 711 7360
298 678 7360
85 208 7360
276 419 7360
355 502 7360
193 273 7360
332 595 7360
316 471 7360
162 632 7360
262 584 7360
5 273 7360
68 690 7360
141 157 7360
256 483 7360
29 292 7360
99 311 7360
320 595 7360
347 398 7360
288 666 7360
172 542 7360
28 485 7360
286 474 7360
225 276 7360
120 225 7360
121 422 7360
320 580 7360
165 585 7360
101 716 7360
194 434 7360
4 258 7360
90 676 7360
188 282 7360
34 628 7360
240 583 7360
344 491 7360
270 391 7360
113 197 7360
340 557 7360
80 314 7360
358 689 7360
262 403 7360
115 191 7360
332 446 7360
161 427 7360
92 525 7360
368 667 7360
93 671 7360
32 666 7360
175 187 7360
218 512 7360
39 710 7360
331 720 7360
