0 1 7400
1 2 7400
2 3 7400
3 4 7400
4 5 7400
5 6 7400
6 7 7400
7 8 7400
8 9 7400
9 10 7400
10 11 7400
11 12 7400
12 13 7400
13 14 7400
14 15 7400
15 16 7400
16 17 7400
17 18 7400
18 19 7400
19 20 7400
20 21 7400
21 22 7400
22 23 7400
23 24 7400
24 25 7400
25 26 7400
26 27 7400
27 28 7400
28 29 7400
29 30 7400
30 31 7400
31 32 7400
32 33 7400
33 34 7400
34 35 7400
35 36 7400
36 37 7400
37 38 7400
38 39 7400
39 40 7400
40 41 7400
41 42 7400
42 43 7400
43 44 7400
44 45 7400
45 46 7400
46 47 7400
47 48 7400
48 49 7400
49 50 7400
50 51 7400
51 52 7400
52 53 7400
53 54 7400
54 55 7400
55 56 7400
56 57 7400
57 58 7400
58 59 7400
59 60 7400
60 61 7400
61 62 7400
62 63 7400
63 64 7400
64 65 7400
65 66 7400
66 67 7400
67 68 7400
68 69 7400
69 70 7400
70 71 7400
71 72 7400
72 73 7400
73 74 7400
74 75 7400
75 76 7400
76 77 7400
77 78 7400
78 79 7400
79 80 7400
80 81 7400
81 82 7400
82 83 7400
83 84 7400
84 85 7400
85 86 7400
86 87 7400
87 88 7400
88 89 7400
89 90 7400
90 91 7400
91 92 7400
92 93 7400
93 94 7400
94 95 7400
95 96 7400
96 97 7400
97 98 7400
98 99 7400
99 100 7400
100 101 7400
101 102 7400
102 103 7400
103 104 7400
104 105 7400
105 106 7400
106 107 7400
107 108 7400
108 109 7400
109 110 7400
110 111 7400
111 112 7400
112 113 7400
113 114 7400
114 115 7400
115 116 7400
116 117 7400
117 118 7400
118 119 7400
119 120 7400
120 121 7400
121 122 7400
122 123 7400
123 124 7400
124 125 7400
125 126 7400
126 127 7400
127 128 7400
128 129 7400
129 130 7400
130 131 7400
131 132 7400
132 133 7400
133 134 7400
134 135 7400
135 136 7400
136 137 7400
137 138 7400
138 139 7400
139 140 7400
140 141 7400
141 142 7400
142 143 7400
143 144 7400
144 145 7400
145 146 7400
146 147 7400
147 148 7400
148 149 7400
149 150 7400
150 151 7400
151 152 7400
152 153 7400
153 154 7400
154 155 7400
155 156 7400
156 157 7400
157 158 7400
158 159 7400
159 160 7400
160 161 7400
161 162 7400
162 163 7400
163 164 7400
164 165 7400
165 166 7400
166 167 7400
167 168 7400
168 169 7400
169 170 7400
170 171 7400
171 172 7400
172 173 7400
173 174 7400
174 175 7400
175 176 7400
176 177 7400
177 178 7400
178 179 7400
179 180 7400
180 181 7400
181 182 7400
182 183 7400
183 184 7400
184 185 7400
185 186 7400
186 187 7400
187 188 7400
188 189 7400
189 190 7400
190 191 7400
191 192 7400
192 193 7400
193 194 7400
194 195 7400
195 196 7400
196 197 7400
197 198 7400
198 199 7400
199 200 7400
200 201 7400
201 202 7400
202 203 7400
203 204 7400
204 205 7400
205 206 7400
206 207 7400
207 208 7400
208 209 7400
209 210 7400
210 211 7400
211 212 7400
212 213 7400
213 214 7400
214 215 7400
215 216 7400
216 217 7400
217 218 7400
218 219 7400
219 220 7400
220 221 7400
221 222 7400
222 223 7400
223 224 7400
224 225 7400
225 226 7400
226 227 7400
227 228 7400
228 229 7400
229 230 7400
230 231 7400
231 232 7400
232 233 7400
233 234 7400
234 235 7400
235 236 7400
236 237 7400
237 238 7400
238 239 7400
239 240 7400
240 241 7400
241 242 7400
242 243 7400
243 244 7400
244 245 7400
245 246 7400
246 247 7400
247 248 7400
248 249 7400
249 250 7400
250 251 7400
251 252 7400
252 253 7400
253 254 7400
254 255 7400
255 256 7400
256 257 7400
257 258 7400
258 259 7400
259 260 7400
260 261 7400
261 262 7400
262 263 7400
263 264 7400
264 265 7400
265 266 7400
266 267 7400
267 268 7400
268 269 7400
269 270 7400
270 271 7400
271 272 7400
272 273 7400
273 274 7400
274 275 7400
275 276 7400
276 277 7400
277 278 7400
278 279 7400
279 280 7400
280 281 7400
281 282 7400
282 283 7400
283 284 7400
284 285 7400
285 286 7400
286 287 7400
287 288 7400
288 289 7400
289 290 7400
290 291 7400
291 292 7400
292 293 7400
293 294 7400
294 295 7400
295 296 7400
296 297 7400
297 298 7400
298 299 7400
299 300 7400
300 301 7400
301 302 7400
302 303 7400
303 304 7400
304 305 7400
305 306 7400
306 307 7400
307 308 7400
308 309 7400
309 310 7400
310 311 7400
311 312 7400
312 313 7400
313 314 7400
314 315 7400
315 316 7400
316 317 7400
317 318 7400
318 319 7400
319 320 7400
320 321 7400
321 322 7400
322 323 7400
323 324 7400
324 325 7400
325 326 7400
326 327 7400
327 328 7400
328 329 7400
329 330 7400
330 331 7400
331 332 7400
332 333 7400
333 334 7400
334 335 7400
335 336 7400
336 337 7400
337 338 7400
338 339 7400
339 340 7400
340 341 7400
341 342 7400
342 343 7400
343 344 7400
344 345 7400
345 346 7400
346 347 7400
347 348 7400
348 349 7400
349 350 7400
350 351 7400
351 352 7400
352 353 7400
353 354 7400
354 355 7400
355 356 7400
356 357 7400
357 358 7400
358 359 7400
359 360 7400
360 361 7400
361 362 7400
362 363 7400
363 364 7400
364 365 7400
365 366 7400
366 367 7400
367 368 7400
368 369 7400
369 370 7400
370 371 7400
371 372 7400
372 373 7400
373 374 7400
374 375 7400
375 376 7400
376 377 7400
377 378 7400
378 379 7400
379 380 7400
380 381 7400
381 382 7400
382 383 7400
383 384 7400
384 385 7400
385 386 7400
386 387 7400
387 388 7400
388 389 7400
389 390 7400
390 391 7400
391 392 7400
392 393 7400
393 394 7400
394 395 7400
395 396 7400
396 397 7400
397 398 7400
398 399 7400
399 400 7400
400 401 7400
401 402 7400
402 403 7400
403 404 7400
404 405 7400
405 406 7400
406 407 7400
407 408 7400
408 409 7400
409 410 7400
410 411 7400
411 412 7400
412 413 7400
413 414 7400
414 415 7400
415 416 7400
416 417 7400
417 418 7400
418 419 7400
419 420 7400
420 421 7400
421 422 7400
422 423 7400
423 424 7400
424 425 7400
425 426 7400
426 427 7400
427 428 7400
428 429 7400
429 430 7400
430 431 7400
431 432 7400
432 433 7400
433 434 7400
434 435 7400
435 436 7400
436 437 7400
437 438 7400
438 439 7400
439 440 7400
440 441 7400
441 442 7400
442 443 7400
443 444 7400
444 445 7400
445 446 7400
446 447 7400
447 448 7400
448 449 7400
449 450 7400
450 451 7400
451 452 7400
452 453 7400
453 454 7400
454 455 7400
455 456 7400
456 457 7400
457 458 7400
458 459 7400
459 460 7400
460 461 7400
461 462 7400
462 463 7400
463 464 7400
464 465 7400
465 466 7400
466 467 7400
467 468 7400
468 469 7400
469 470 7400
470 471 7400
471 472 7400
472 473 7400
473 474 7400
474 475 7400
475 476 7400
476 477 7400
477 478 7400
478 479 7400
479 480 7400
480 481 7400
481 482 7400
482 483 7400
483 484 7400
484 485 7400
485 486 7400
486 487 7400
487 488 7400
488 489 7400
489 490 7400
490 491 7400
491 492 7400
492 493 7400
493 494 7400
494 495 7400
495 496 7400
496 497 7400
497 498 7400
498 499 7400
499 500 7400
500 501 7400
501 502 7400
502 503 7400
503 504 7400
504 505 7400
505 506 7400
506 507 7400
507 508 7400
508 509 7400
509 510 7400
510 511 7400
511 512 7400
512 513 7400
513 514 7400
514 515 7400
515 516 7400
516 517 7400
517 518 7400
518 519 7400
519 520 7400
520 521 7400
521 522 7400
522 523 7400
523 524 7400
524 525 7400
525 526 7400
526 527 7400
527 528 7400
528 529 7400
529 530 7400
530 531 7400
531 532 7400
532 533 7400
533 534 7400
534 535 7400
535 536 7400
536 537 7400
537 538 7400
538 539 7400
539 540 7400
540 541 7400
541 542 7400
542 543 7400
543 544 7400
544 545 7400
545 546 7400
546 547 7400
547 548 7400
548 549 7400
549 550 7400
550 551 7400
551 552 7400
552 553 7400
553 554 7400
554 555 7400
555 556 7400
556 557 7400
557 558 7400
558 559 7400
559 560 7400
560 561 7400
561 562 7400
562 563 7400
563 564 7400
564 565 7400
565 566 7400
566 567 7400
567 568 7400
568 569 7400
569 570 7400
570 571 7400
571 572 7400
572 573 7400
573 574 7400
574 575 7400
575 576 7400
576 577 7400
577 578 7400
578 579 7400
579 580 7400
580 581 7400
581 582 7400
582 583 7400
583 584 7400
584 585 7400
585 586 7400
586 587 7400
587 588 7400
588 589 7400
589 590 7400
590 591 7400
591 592 7400
592 593 7400
593 594 7400
594 595 7400
595 596 7400
596 597 7400
597 598 7400
598 599 7400
599 600 7400
600 601 7400
601 602 7400
602 603 7400
603 604 7400
604 605 7400
605 606 7400
606 607 7400
607 608 7400
608 609 7400
609 610 7400
610 611 7400
611 612 7400
612 613 7400
613 614 7400
614 615 7400
615 616 7400
616 617 7400
617 618 7400
618 619 7400
619 620 7400
620 621 7400
621 622 7400
622 623 7400
623 624 7400
624 625 7400
625 626 7400
626 627 7400
627 628 7400
628 629 7400
629 630 7400
630 631 7400
631 632 7400
632 633 7400
633 634 7400
634 635 7400
635 636 7400
636 637 7400
637 638 7400
638 639 7400
639 640 7400
640 641 7400
641 642 7400
642 643 7400
643 644 7400
644 645 7400
645 646 7400
646 647 7400
647 648 7400
648 649 7400
649 650 7400
650 651 7400
651 652 7400
652 653 7400
653 654 7400
654 655 7400
655 656 7400
656 657 7400
657 658 7400
658 659 7400
659 660 7400
660 661 7400
661 662 7400
662 663 7400
663 664 7400
664 665 7400
665 666 7400
666 667 7400
667 668 7400
668 669 7400
669 670 7400
670 671 7400
671 672 7400
672 673 7400
673 674 7400
674 675 7400
675 676 7400
676 677 7400
677 678 7400
678 679 7400
679 680 7400
680 681 7400
681 682 7400
682 683 7400
683 684 7400
684 685 7400
685 686 7400
686 687 7400
687 688 7400
688 689 7400
689 690 7400
690 691 7400
691 692 7400
692 693 7400
693 694 7400
694 695 7400
695 696 7400
696 697 7400
697 698 7400
698 699 7400
699 700 7400
700 701 7400
701 702 7400
702 703 7400
703 704 7400
704 705 7400
705 706 7400
706 707 7400
707 708 7400
708 709 7400
709 710 7400
710 711 7400
711 712 7400
712 713 7400
713 714 7400
714 715 7400
715 716 7400
716 717 7400
717 718 7400
718 719 7400
719 720 7400
720 721 7400
721 722 7400
722 723 7400
723 724 7400
724 725 7400
725 726 7400
726 727 7400
727 728 7400
728 729 7400
729 730 7400
730 731 7400
731 732 7400
732 733 7400
733 734 7400
734 735 7400
735 736 7400
736 737 7400
737 738 7400
738 739 7400
102 264 7400
232 646 7400
48 668 7400
266 272 7400
359 612 7400
122 516 7400
8 384 7400
142 379 7400
344 387 7400
358 712 7400
304 372 7400
221 679 7400
148 693 7400
330 646 7400
115 359 7400
237 449 7400
334 711 7400
11 433 7400
171 599 7400
161 348 7400
236 635 7400
85 278 7400
225 541 7400
36 210 7400
128 513 7400
349 665 7400
239 422 7400
264 475 7400
315 620 7400
286 628 7400
51 381 7400
315 460 7400
166 728 7400
163 247 7400
279 538 7400
4 161 7400
69 569 7400
28 325 7400
21 44 7400
27 241 7400
43 472 7400
339 660 7400
104 106 7400
312 558 7400
280 663 7400
264 344 7400
15 127 7400
7 352 7400
276 668 7400
265 537 7400
309 420 7400
29 135 7400
93 274 7400
237 592 7400
202 706 7400
251 362 7400
295 445 7400
30 672 7400
314 535 7400
264 518 7400
321 498 7400
226 323 7400
215 343 7400
186 676 7400
223 668 7400
215 739 7400
248 461 7400
285 549 7400
117 591 7400
323 720 7400
154 304 7400
183 370 7400
366 739 7400
242 589 7400
195 431 7400
89 323 7400
194 211 7400
167 568 7400
156 556 7400
95 395 7400
277 365 7400
228 428 7400
304 419 7400
229 278 7400
184 473 7400
313 367 7400
311 438 7400
88 724 7400
335 368 7400
179 542 7400
334 581 7400
308 660 7400
361 632 7400
188 245 7400
262 401 7400
100 235 7400
49 724 7400
24 244 7400
355 532 7400
345 390 7400
335 548 7400
117 421 7400
179 508 7400
229 420 7400
130 634 7400
163 629 7400
355 583 7400
78 215 7400
340 550 7400
300 688 7400
288 505 7400
309 383 7400
153 589 7400
205 485 7400
123 358 7400
159 162 7400
350 480 7400
183 524 7400
305 319 7400
74 521 7400
343 509 7400
349 496 7400
62 256 7400
261 285 7400
314 581 7400
14 730 7400
265 369 7400
94 399 7400
74 574 7400
162 329 7400
211 516 7400
85 655 7400
307 588 7400
76 575 7400
352 362 7400
332 358 7400
126 601 7400
63 168 7400
94 236 7400
158 260 7400
80 242 7400
268 580 7400
9 535 7400
342 682 7400
8 419 7400
241 692 7400
132 473 7400
238 550 7400
123 388 7400
354 685 7400
223 613 7400
224 413 7400
80 155 7400
325 697 7400
119 315 7400
121 732 7400
263 621 7400
135 304 7400
14 673 7400
341 354 7400
52 462 7400
142 399 7400
247 616 7400
322 413 7400
246 536 7400
199 230 7400
66 99 7400
49 622 7400
23 215 7400
274 621 7400
184 315 7400
93 190 7400
35 524 7400
317 604 7400
259 313 7400
35 266 7400
354 439 7400
248 457 7400
200 522 7400
140 478 7400
291 670 7400
205 407 7400
70 546 7400
40 308 7400
208 672 7400
8 355 7400
93 252 7400
352 715 7400
302 337 7400
181 220 7400
40 517 7400
342 541 7400
164 621 7400
314 674 7400
132 257 7400
307 444 7400
53 678 7400
6 128 7400
56 473 7400
28 168 7400
126 593 7400
306 694 7400
109 176 7400
285 686 7400
317 379 7400
186 348 7400
267 716 7400
6 161 7400
242 338 7400
213 481 7400
250 431 7400
350 578 7400
22 634 7400
234 656 7400
308 481 7400
54 614 7400
56 214 7400
271 502 7400
221 304 7400
252 572 7400
167 723 7400
72 615 7400
84 561 7400
87 228 7400
331 615 7400
235 507 7400
144 158 7400
334 367 7400
153 239 7400
38 168 7400
60 679 7400
354 423 7400
168 460 7400
337 699 7400
249 562 7400
152 460 7400
90 624 7400
43 526 7400
346 427 7400
299 726 7400
363 619 7400
316 398 7400
332 733 7400
42 675 7400
160 691 7400
115 210 7400
293 521 7400
202 453 7400
355 595 7400
50 101 7400
30 640 7400
188 350 7400
325 645 7400
63 216 7400
54 57 7400
95 541 7400
317 506 7400
133 357 7400
27 622 7400
24 460 7400
89 729 7400
351 607 7400
357 631 7400
348 474 7400
72 737 7400
336 390 7400
91 680 7400
112 145 7400
123 343 7400
362 419 7400
101 461 7400
97 179 7400
201 735 7400
237 558 7400
348 515 7400
42 352 7400
27 313 7400
347 351 7400
84 197 7400
270 503 7400
79 216 7400
183 684 7400
230 686 7400
261 350 7400
197 435 7400
216 480 7400
263 681 7400
359 726 7400
298 683 7400
184 319 7400
22 605 7400
23 653 7400
4 642 7400
118 227 7400
190 386 7400
212 239 7400
164 669 7400
152 429 7400
57 484 7400
283 433 7400
297 332 7400
94 587 7400
94 104 7400
164 675 7400
81 143 7400
29 572 7400
21 620 7400
21 723 7400
42 70 7400
196 443 7400
117 721 7400
254 709 7400
311 710 7400
208 489 7400
81 218 7400
169 446 7400
215 458 7400
144 189 7400
7 407 7400
185 230 7400
346 385 7400
104 160 7400
33 106 7400
336 399 7400
326 704 7400
131 421 7400
233 407 7400
203 473 7400
187 690 7400
24 138 7400
174 372 7400
35 584 7400
343 491 7400
319 518 7400
110 178 7400
309 565 7400
357 711 7400
39 447 7400
91 682 7400
11 156 7400
242 697 7400
102 301 7400
118 393 7400
294 613 7400
100 729 7400
305 445 7400
45 674 7400
177 493 7400
343 658 7400
104 374 7400
109 447 7400
39 451 7400
45 89 7400
295 714 7400
230 315 7400
350 418 7400
346 535 7400
48 202 7400
169 697 7400
303 424 7400
101 711 7400
151 368 7400
289 617 7400
218 738 7400
319 635 7400
204 382 7400
32 278 7400
332 667 7400
57 642 7400
17 480 7400
3 577 7400
24 716 7400
25 650 7400
313 545 7400
131 603 7400
110 651 7400
114 257 7400
38 263 7400
209 469 7400
263 574 7400
209 517 7400
299 338 7400
64 407 7400
349 630 7400
135 711 7400
161 629 7400
112 398 7400
161 363 7400
26 696 7400
52 598 7400
67 124 7400
48 178 7400
0 579 7400
180 356 7400
290 459 7400
250 298 7400
167 434 7400
248 536 7400
168 627 7400
83 525 7400
336 481 7400
68 509 7400
123 498 7400
130 496 7400
70 132 7400
55 402 7400
140 146 7400
168 322 7400
257 261 7400
131 444 7400
55 324 7400
41 524 7400
249 602 7400
112 656 7400
31 527 7400
332 430 7400
178 683 7400
361 369 7400
80 644 7400
116 129 7400
99 394 7400
337 657 7400
238 638 7400
182 311 7400
335 720 7400
212 691 7400
207 543 7400
284 312 7400
85 484 7400
308 628 7400
172 288 7400
135 383 7400
365 470 7400
119 688 7400
74 323 7400
155 733 7400
123 659 7400
119 691 7400
216 667 7400
241 570 7400
31 133 7400
212 595 7400
100 602 7400
215 408 7400
91 173 7400
280 615 7400
235 450 7400
10 604 7400
132 692 7400
48 146 7400
214 604 7400
252 364 7400
143 639 7400
309 514 7400
13 42 7400
338 386 7400
29 182 7400
190 706 7400
71 566 7400
277 526 7400
214 290 7400
352 650 7400
326 443 7400
183 217 7400
209 236 7400
316 364 7400
319 329 7400
45 425 7400
37 157 7400
16 508 7400
134 262 7400
63 691 7400
153 509 7400
53 485 7400
101 184 7400
212 404 7400
79 373 7400
94 479 7400
40 162 7400
129 310 7400
370 562 7400
241 685 7400
252 483 7400
184 696 7400
283 681 7400
102 394 7400
166 550 7400
44 407 7400
226 478 7400
300 636 7400
81 357 7400
207 510 7400
178 410 7400
313 436 7400
226 493 7400
15 584 7400
279 702 7400
120 287 7400
75 308 7400
310 669 7400
68 398 7400
270 556 7400
17 535 7400
88 473 7400
21 521 7400
25 540 7400
174 688 7400
152 683 7400
277 681 7400
299 521 7400
185 369 7400
274 502 7400
43 284 7400
190 346 7400
221 677 7400
144 724 7400
185 425 7400
72 707 7400
158 606 7400
278 722 7400
88 700 7400
269 378 7400
298 683 7400
211 344 7400
349 607 7400
345 711 7400
65 488 7400
103 369 7400
38 124 7400
160 297 7400
177 664 7400
315 459 7400
201 283 7400
347 385 7400
95 169 7400
204 540 7400
227 444 7400
243 527 7400
346 563 7400
98 405 7400
276 629 7400
67 590 7400
301 325 7400
327 423 7400
69 128 7400
14 170 7400
194 517 7400
331 556 7400
310 544 7400
89 303 7400
239 722 7400
111 145 7400
162 632 7400
2 570 7400
51 247 7400
293 421 7400
131 608 7400
113 572 7400
262 688 7400
201 730 7400
85 375 7400
183 239 7400
107 703 7400
17 449 7400
90 361 7400
98 233 7400
90 446 7400
30 131 7400
327 488 7400
37 384 7400
167 202 7400
314 650 7400
342 450 7400
140 403 7400
73 322 7400
152 517 7400
300 550 7400
194 257 7400
133 276 7400
273 394 7400
250 611 7400
195 606 7400
252 634 7400
154 280 7400
104 294 7400
117 219 7400
215 359 7400
167 427 7400
6 576 7400
102 642 7400
289 322 7400
105 667 7400
128 234 7400
38 584 7400
78 428 7400
40 473 7400
194 487 7400
53 392 7400
249 675 7400
28 489 7400
151 358 7400
96 213 7400
210 507 7400
176 577 7400
151 345 7400
186 728 7400
97 324 7400
239 426 7400
175 611 7400
150 485 7400
193 290 7400
33 110 7400
351 364 7400
290 369 7400
69 345 7400
241 466 7400
252 674 7400
169 385 7400
260 358 7400
135 425 7400
320 362 7400
12 187 7400
59 189 7400
237 334 7400
64 152 7400
265 651 7400
247 677 7400
351 732 7400
133 354 7400
276 676 7400
342 645 7400
210 332 7400
40 557 7400
145 240 7400
314 470 7400
241 424 7400
316 541 7400
190 195 7400
135 178 7400
305 620 7400
41 701 7400
153 728 7400
361 724 7400
16 245 7400
134 207 7400
301 511 7400
2 204 7400
309 704 7400
49 208 7400
235 596 7400
132 459 7400
304 410 7400
366 404 7400
324 540 7400
75 385 7400
152 512 7400
103 129 7400
338 482 7400
32 239 7400
338 615 7400
255 716 7400
77 648 7400
150 515 7400
213 484 7400
169 390 7400
360 613 7400
28 166 7400
280 463 7400
76 300 7400
282 298 7400
139 580 7400
159 621 7400
96 456 7400
166 168 7400
37 484 7400
2 256 7400
127 321 7400
259 546 7400
345 616 7400
275 283 7400
342 705 7400
318 679 7400
254 561 7400
291 313 7400
204 293 7400
109 192 7400
262 467 7400
121 218 7400
283 571 7400
359 709 7400
44 289 7400
160 282 7400
284 678 7400
330 336 7400
123 633 7400
148 734 7400
311 329 7400
315 419 7400
233 628 7400
240 271 7400
171 222 7400
214 572 7400
326 731 7400
116 354 7400
173 634 7400
106 182 7400
216 486 7400
284 602 7400
228 547 7400
365 430 7400
236 637 7400
28 681 7400
316 399 7400
358 699 7400
217 731 7400
67 383 7400
306 362 7400
360 626 7400
162 690 7400
261 683 7400
26 227 7400
108 598 7400
28 545 7400
30 509 7400
281 515 7400
311 551 7400
168 430 7400
265 315 7400
37 407 7400
253 582 7400
296 548 7400
157 278 7400
16 417 7400
254 301 7400
109 646 7400
75 293 7400
327 480 7400
71 289 7400
