0 1 7440
1 2 7440
2 3 7440
3 4 7440
4 5 7440
5 6 7440
6 7 7440
7 8 7440
8 9 7440
9 10 7440
10 11 7440
11 12 7440
12 13 7440
13 14 7440
14 15 7440
15 16 7440
16 17 7440
17 18 7440
18 19 7440
19 20 7440
20 21 7440
21 22 7440
22 23 7440
23 24 7440
24 25 7440
25 26 7440
26 27 7440
27 28 7440
28 29 7440
29 30 7440
30 31 7440
31 32 7440
32 33 7440
33 34 7440
34 35 7440
35 36 7440
36 37 7440
37 38 7440
38 39 7440
39 40 7440
40 41 7440
41 42 7440
42 43 7440
43 44 7440
44 45 7440
45 46 7440
46 47 7440
47 48 7440
48 49 7440
49 50 7440
50 51 7440
51 52 7440
52 53 7440
53 54 7440
54 55 7440
55 56 7440
56 57 7440
57 58 7440
58 59 7440
59 60 7440
60 61 7440
61 62 7440
62 63 7440
63 64 7440
64 65 7440
65 66 7440
66 67 7440
67 68 7440
68 69 7440
69 70 7440
70 71 7440
71 72 7440
72 73 7440
73 74 7440
74 75 7440
75 76 7440
76 77 7440
77 78 7440
78 79 7440
79 80 7440
80 81 7440
81 82 7440
82 83 7440
83 84 7440
84 85 7440
85 86 7440
86 87 7440
87 88 7440
88 89 7440
89 90 7440
90 91 7440
91 92 7440
92 93 7440
93 94 7440
94 95 7440
95 96 7440
96 97 7440
97 98 7440
98 99 7440
99 100 7440
100 101 7440
101 102 7440
102 103 7440
103 104 7440
104 105 7440
105 106 7440
106 107 7440
107 108 7440
108 109 7440
109 110 7440
110 111 7440
111 112 7440
112 113 7440
113 114 7440
114 115 7440
115 116 7440
116 117 7440
117 118 7440
118 119 7440
119 120 7440
120 121 7440
121 122 7440
122 123 7440
123 124 7440
124 125 7440
125 126 7440
126 127 7440
127 128 7440
128 129 7440
129 130 7440
130 131 7440
131 132 7440
132 133 7440
133 134 7440
134 135 7440
135 136 7440
136 137 7440
137 138 7440
138 139 7440
139 140 7440
140 141 7440
141 142 7440
142 143 7440
143 144 7440
144 145 7440
145 146 7440
146 147 7440
147 148 7440
148 149 7440
149 150 7440
150 151 7440
151 152 7440
152 153 7440
153 154 7440
154 155 7440
155 156 7440
156 157 7440
157 158 7440
158 159 7440
159 160 7440
160 161 7440
161 162 7440
162 163 7440
163 164 7440
164 165 7440
165 166 7440
166 167 7440
167 168 7440
168 169 7440
169 170 7440
170 171 7440
171 172 7440
172 173 7440
173 174 7440
174 175 7440
175 176 7440
176 177 7440
177 178 7440
178 179 7440
179 180 7440
180 181 7440
181 182 7440
182 183 7440
183 184 7440
184 185 7440
185 186 7440
186 187 7440
187 188 7440
188 189 7440
189 190 7440
190 191 7440
191 192 7440
192 193 7440
193 194 7440
194 195 7440
195 196 7440
196 197 7440
197 198 7440
198 199 7440
199 200 7440
200 201 7440
201 202 7440
202 203 7440
203 204 7440
204 205 7440
205 206 7440
206 207 7440
207 208 7440
208 209 7440
209 210 7440
210 211 7440
211 212 7440
212 213 7440
213 214 7440
214 215 7440
215 216 7440
216 217 7440
217 218 7440
218 219 7440
219 220 7440
220 221 7440
221 222 7440
222 223 7440
223 224 7440
224 225 7440
225 226 7440
226 227 7440
227 228 7440
228 229 7440
229 230 7440
230 231 7440
231 232 7440
232 233 7440
233 234 7440
234 235 7440
235 236 7440
236 237 7440
237 238 7440
238 239 7440
239 240 7440
240 241 7440
241 242 7440
242 243 7440
243 244 7440
244 245 7440
245 246 7440
246 247 7440
247 248 7440
248 249 7440
249 250 7440
250 251 7440
251 252 7440
252 253 7440
253 254 7440
254 255 7440
255 256 7440
256 257 7440
257 258 7440
258 259 7440
259 260 7440
260 261 7440
261 262 7440
262 263 7440
263 264 7440
264 265 7440
265 266 7440
266 267 7440
267 268 7440
268 269 7440
269 270 7440
270 271 7440
271 272 7440
272 273 7440
273 274 7440
274 275 7440
275 276 7440
276 277 7440
277 278 7440
278 279 7440
279 280 7440
280 281 7440
281 282 7440
282 283 7440
283 284 7440
284 285 7440
285 286 7440
286 287 7440
287 288 7440
288 289 7440
289 290 7440
290 291 7440
291 292 7440
292 293 7440
293 294 7440
294 295 7440
295 296 7440
296 297 7440
297 298 7440
298 299 7440
299 300 7440
300 301 7440
301 302 7440
302 303 7440
303 304 7440
304 305 7440
305 306 7440
306 307 7440
307 308 7440
308 309 7440
309 310 7440
310 311 7440
311 312 7440
312 313 7440
313 314 7440
314 315 7440
315 316 7440
316 317 7440
317 318 7440
318 319 7440
319 320 7440
320 321 7440
321 322 7440
322 323 7440
323 324 7440
324 325 7440
325 326 7440
326 327 7440
327 328 7440
328 329 7440
329 330 7440
330 331 7440
331 332 7440
332 333 7440
333 334 7440
334 335 7440
335 336 7440
336 337 7440
337 338 7440
338 339 7440
339 340 7440
340 341 7440
341 342 7440
342 343 7440
343 344 7440
344 345 7440
345 346 7440
346 347 7440
347 348 7440
348 349 7440
349 350 7440
350 351 7440
351 352 7440
352 353 7440
353 354 7440
354 355 7440
355 356 7440
356 357 7440
357 358 7440
358 359 7440
359 360 7440
360 361 7440
361 362 7440
362 363 7440
363 364 7440
364 365 7440
365 366 7440
366 367 7440
367 368 7440
368 369 7440
369 370 7440
370 371 7440
371 372 7440
372 373 7440
373 374 7440
374 375 7440
375 376 7440
376 377 7440
377 378 7440
378 379 7440
379 380 7440
380 381 7440
381 382 7440
382 383 7440
383 384 7440
384 385 7440
385 386 7440
386 387 7440
387 388 7440
388 389 7440
389 390 7440
390 391 7440
391 392 7440
392 393 7440
393 394 7440
394 395 7440
395 396 7440
396 397 7440
397 398 7440
398 399 7440
399 400 7440
400 401 7440
401 402 7440
402 403 7440
403 404 7440
404 405 7440
405 406 7440
406 407 7440
407 408 7440
408 409 7440
409 410 7440
410 411 7440
411 412 7440
412 413 7440
413 414 7440
414 415 7440
415 416 7440
416 417 7440
417 418 7440
418 419 7440
419 420 7440
420 421 7440
421 422 7440
422 423 7440
423 424 7440
424 425 7440
425 426 7440
426 427 7440
427 428 7440
428 429 7440
429 430 7440
430 431 7440
431 432 7440
432 433 7440
433 434 7440
434 435 7440
435 436 7440
436 437 7440
437 438 7440
438 439 7440
439 440 7440
440 441 7440
441 442 7440
442 443 7440
443 444 7440
444 445 7440
445 446 7440
446 447 7440
447 448 7440
448 449 7440
449 450 7440
450 451 7440
451 452 7440
452 453 7440
453 454 7440
454 455 7440
455 456 7440
456 457 7440
457 458 7440
458 459 7440
459 460 7440
460 461 7440
461 462 7440
462 463 7440
463 464 7440
464 465 7440
465 466 7440
466 467 7440
467 468 7440
468 469 7440
469 470 7440
470 471 7440
471 472 7440
472 473 7440
473 474 7440
474 475 7440
475 476 7440
476 477 7440
477 478 7440
478 479 7440
479 480 7440
480 481 7440
481 482 7440
482 483 7440
483 484 7440
484 485 7440
485 486 7440
486 487 7440
487 488 7440
488 489 7440
489 490 7440
490 491 7440
491 492 7440
492 493 7440
493 494 7440
494 495 7440
495 496 7440
496 497 7440
497 498 7440
498 499 7440
499 500 7440
500 501 7440
501 502 7440
502 503 7440
503 504 7440
504 505 7440
505 506 7440
506 507 7440
507 508 7440
508 509 7440
509 510 7440
510 511 7440
511 512 7440
512 513 7440
513 514 7440
514 515 7440
515 516 7440
516 517 7440
517 518 7440
518 519 7440
519 520 7440
520 521 7440
521 522 7440
522 523 7440
523 524 7440
524 525 7440
525 526 7440
526 527 7440
527 528 7440
528 529 7440
529 530 7440
530 531 7440
531 532 7440
532 533 7440
533 534 7440
534 535 7440
535 536 7440
536 537 7440
537 538 7440
538 539 7440
539 540 7440
540 541 7440
541 542 7440
542 543 7440
543 544 7440
544 545 7440
545 546 7440
546 547 7440
547 548 7440
548 549 7440
549 550 7440
550 551 7440
551 552 7440
552 553 7440
553 554 7440
554 555 7440
555 556 7440
556 557 7440
557 558 7440
558 559 7440
559 560 7440
560 561 7440
561 562 7440
562 563 7440
563 564 7440
564 565 7440
565 566 7440
566 567 7440
567 568 7440
568 569 7440
569 570 7440
570 571 7440
571 572 7440
572 573 7440
573 574 7440
574 575 7440
575 576 7440
576 577 7440
577 578 7440
578 579 7440
579 580 7440
580 581 7440
581 582 7440
582 583 7440
583 584 7440
584 585 7440
585 586 7440
586 587 7440
587 588 7440
588 589 7440
589 590 7440
590 591 7440
591 592 7440
592 593 7440
593 594 7440
594 595 7440
595 596 7440
596 597 7440
597 598 7440
598 599 7440
599 600 7440
600 601 7440
601 602 7440
602 603 7440
603 604 7440
604 605 7440
605 606 7440
606 607 7440
607 608 7440
608 609 7440
609 610 7440
610 611 7440
611 612 7440
612 613 7440
613 614 7440
614 615 7440
615 616 7440
616 617 7440
617 618 7440
618 619 7440
619 620 7440
620 621 7440
621 622 7440
622 623 7440
623 624 7440
624 625 7440
625 626 7440
626 627 7440
627 628 7440
628 629 7440
629 630 7440
630 631 7440
631 632 7440
632 633 7440
633 634 7440
634 635 7440
635 636 7440
636 637 7440
637 638 7440
638 639 7440
639 640 7440
640 641 7440
641 642 7440
642 643 7440
643 644 7440
644 645 7440
645 646 7440
646 647 7440
647 648 7440
648 649 7440
649 650 7440
650 651 7440
651 652 7440
652 653 7440
653 654 7440
654 655 7440
655 656 7440
656 657 7440
657 658 7440
658 659 7440
659 660 7440
660 661 7440
661 662 7440
662 663 7440
663 664 7440
664 665 7440
665 666 7440
666 667 7440
667 668 7440
668 669 7440
669 670 7440
670 671 7440
671 672 7440
672 673 7440
673 674 7440
674 675 7440
675 676 7440
676 677 7440
677 678 7440
678 679 7440
679 680 7440
680 681 7440
681 682 7440
682 683 7440
683 684 7440
684 685 7440
685 686 7440
686 687 7440
687 688 7440
688 689 7440
689 690 7440
690 691 7440
691 692 7440
692 693 7440
693 694 7440
694 695 7440
695 696 7440
696 697 7440
697 698 7440
698 699 7440
699 700 7440
700 701 7440
701 702 7440
702 703 7440
703 704 7440
704 705 7440
705 706 7440
706 707 7440
707 708 7440
708 709 7440
709 710 7440
710 711 7440
711 712 7440
712 713 7440
713 714 7440
714 715 7440
715 716 7440
716 717 7440
717 718 7440
718 719 7440
719 720 7440
720 721 7440
721 722 7440
722 723 7440
723 724 7440
724 725 7440
725 726 7440
726 727 7440
727 728 7440
728 729 7440
729 730 7440
730 731 7440
731 732 7440
732 733 7440
733 734 7440
734 735 7440
735 736 7440
736 737 7440
737 738 7440
738 739 7440
739 740 7440
740 741 7440
741 742 7440
742 743 7440
360 513 7440
55 228 7440
106 398 7440
92 395 7440
284 505 7440
192 268 7440
283 382 7440
224 635 7440
197 492 7440
359 501 7440
284 653 7440
36 340 7440
38 353 7440
121 180 7440
191 552 7440
254 271 7440
314 730 7440
308 419 7440
298 633 7440
207 477 7440
96 324 7440
13 296 7440
153 564 7440
326 470 7440
99 641 7440
307 684 7440
228 254 7440
318 656 7440
344 420 7440
363 640 7440
142 309 7440
254 601 7440
301 404 7440
173 259 7440
354 630 7440
216 682 7440
320 637 7440
318 644 7440
225 298 7440
364 467 7440
301 312 7440
273 493 7440
320 713 7440
247 739 7440
23 76 7440
24 561 7440
129 323 7440
80 250 7440
259 598 7440
0 684 7440
236 425 7440
175 406 7440
291 598 7440
122 184 7440
47 595 7440
331 640 7440
109 482 7440
213 390 7440
307 629 7440
280 403 7440
83 715 7440
173 200 7440
257 267 7440
362 455 7440
17 269 7440
110 405 7440
144 369 7440
197 563 7440
55 177 7440
227 448 7440
68 160 7440
22 700 7440
254 580 7440
149 394 7440
372 384 7440
303 693 7440
176 433 7440
335 476 7440
208 218 7440
26 709 7440
356 367 7440
163 219 7440
270 735 7440
213 555 7440
231 431 7440
371 505 7440
175 429 7440
245 566 7440
305 695 7440
176 363 7440
253 552 7440
105 637 7440
148 472 7440
108 148 7440
39 215 7440
342 489 7440
42 457 7440
290 359 7440
161 637 7440
284 364 7440
167 340 7440
79 93 7440
289 715 7440
20 115 7440
65 717 7440
369 473 7440
177 481 7440
39 499 7440
292 689 7440
286 431 7440
103 494 7440
272 378 7440
229 560 7440
126 325 7440
201 308 7440
3 150 7440
308 574 7440
343 626 7440
36 487 7440
199 647 7440
309 597 7440
107 528 7440
364 724 7440
187 231 7440
221 314 7440
242 290 7440
54 526 7440
311 442 7440
65 736 7440
158 609 7440
356 595 7440
282 641 7440
152 616 7440
258 306 7440
357 419 7440
261 422 7440
309 482 7440
5 487 7440
65 711 7440
67 320 7440
357 512 7440
184 357 7440
204 289 7440
151 546 7440
128 387 7440
203 235 7440
41 705 7440
99 178 7440
275 307 7440
361 440 7440
352 385 7440
41 316 7440
166 606 7440
167 385 7440
49 303 7440
219 553 7440
86 222 7440
98 366 7440
136 291 7440
48 492 7440
97 103 7440
349 642 7440
292 301 7440
107 490 7440
343 605 7440
346 572 7440
306 647 7440
115 580 7440
283 640 7440
262 509 7440
42 467 7440
210 261 7440
354 507 7440
311 456 7440
52 140 7440
145 388 7440
363 411 7440
7 271 7440
277 678 7440
372 631 7440
76 362 7440
139 542 7440
326 441 7440
246 701 7440
11 403 7440
241 514 7440
8 437 7440
89 664 7440
228 406 7440
146 160 7440
63 230 7440
355 511 7440
94 304 7440
319 629 7440
272 391 7440
47 489 7440
115 482 7440
7 557 7440
136 231 7440
259 283 7440
44 374 7440
348 500 7440
329 338 7440
124 135 7440
9 664 7440
323 507 7440
235 317 7440
87 689 7440
103 140 7440
43 146 7440
143 196 7440
307 692 7440
125 214 7440
58 664 7440
152 541 7440
79 575 7440
71 677 7440
7 27 7440
40 95 7440
270 322 7440
103 614 7440
260 357 7440
95 326 7440
315 600 7440
132 561 7440
161 218 7440
34 425 7440
159 238 7440
343 411 7440
333 738 7440
299 391 7440
229 527 7440
160 450 7440
17 302 7440
14 641 7440
35 444 7440
27 94 7440
225 680 7440
206 572 7440
113 633 7440
298 610 7440
111 504 7440
244 418 7440
215 729 7440
205 740 7440
300 699 7440
370 574 7440
240 397 7440
135 711 7440
116 252 7440
59 506 7440
189 652 7440
219 651 7440
108 244 7440
66 494 7440
221 513 7440
335 340 7440
307 325 7440
329 742 7440
135 465 7440
186 651 7440
318 352 7440
107 611 7440
288 378 7440
125 529 7440
234 420 7440
25 415 7440
352 550 7440
177 317 7440
283 736 7440
333 638 7440
14 721 7440
333 355 7440
243 330 7440
188 232 7440
11 180 7440
140 643 7440
313 451 7440
294 521 7440
297 449 7440
285 439 7440
148 712 7440
148 573 7440
372 528 7440
204 714 7440
80 546 7440
300 713 7440
247 743 7440
327 614 7440
233 369 7440
365 417 7440
211 620 7440
358 361 7440
80 300 7440
239 714 7440
312 680 7440
93 190 7440
300 598 7440
47 446 7440
203 439 7440
226 271 7440
38 416 7440
24 576 7440
175 454 7440
318 659 7440
168 242 7440
247 704 7440
233 590 7440
49 440 7440
217 528 7440
351 562 7440
18 513 7440
147 276 7440
206 489 7440
351 641 7440
257 523 7440
23 636 7440
298 611 7440
44 649 7440
253 728 7440
2 64 7440
269 603 7440
186 226 7440
136 613 7440
86 445 7440
25 100 7440
237 377 7440
42 202 7440
292 593 7440
203 661 7440
339 594 7440
93 211 7440
284 737 7440
325 378 7440
280 718 7440
91 493 7440
359 396 7440
369 428 7440
300 498 7440
324 710 7440
159 398 7440
7 455 7440
184 227 7440
58 321 7440
170 448 7440
94 536 7440
16 141 7440
209 419 7440
213 471 7440
184 646 7440
118 500 7440
142 676 7440
1 95 7440
287 537 7440
147 358 7440
49 357 7440
314 363 7440
328 666 7440
27 53 7440
59 258 7440
369 400 7440
129 439 7440
333 350 7440
250 371 7440
367 643 7440
104 369 7440
304 512 7440
49 419 7440
50 139 7440
234 641 7440
257 594 7440
219 688 7440
67 698 7440
83 701 7440
215 575 7440
55 475 7440
305 486 7440
103 370 7440
309 526 7440
156 245 7440
64 345 7440
7 727 7440
268 405 7440
253 409 7440
206 416 7440
72 485 7440
267 544 7440
233 495 7440
307 628 7440
103 537 7440
295 356 7440
238 706 7440
248 525 7440
323 649 7440
286 493 7440
308 418 7440
219 290 7440
111 469 7440
327 603 7440
257 701 7440
85 653 7440
53 70 7440
296 700 7440
239 621 7440
241 473 7440
130 299 7440
336 510 7440
35 365 7440
101 614 7440
306 510 7440
37 226 7440
244 693 7440
56 612 7440
284 434 7440
182 580 7440
143 593 7440
323 409 7440
5 171 7440
237 358 7440
185 554 7440
224 526 7440
297 370 7440
283 641 7440
19 272 7440
179 360 7440
230 541 7440
318 537 7440
52 481 7440
137 338 7440
243 479 7440
348 482 7440
108 389 7440
91 477 7440
220 407 7440
249 709 7440
1 235 7440
1 63 7440
67 160 7440
151 168 7440
26 540 7440
286 702 7440
88 336 7440
337 388 7440
179 666 7440
290 534 7440
149 229 7440
56 541 7440
292 383 7440
162 178 7440
145 563 7440
146 273 7440
369 411 7440
278 499 7440
144 488 7440
41 685 7440
132 548 7440
311 470 7440
17 617 7440
47 269 7440
335 658 7440
201 690 7440
336 367 7440
342 588 7440
250 643 7440
371 538 7440
258 474 7440
255 299 7440
359 486 7440
176 300 7440
167 520 7440
49 67 7440
343 598 7440
44 567 7440
9 56 7440
308 669 7440
307 370 7440
352 495 7440
140 295 7440
153 723 7440
346 556 7440
7 295 7440
118 417 7440
49 73 7440
235 303 7440
225 656 7440
349 712 7440
38 411 7440
319 338 7440
86 115 7440
180 579 7440
107 732 7440
183 208 7440
165 276 7440
281 461 7440
101 230 7440
313 646 7440
271 351 7440
275 311 7440
161 224 7440
104 696 7440
59 397 7440
165 193 7440
199 337 7440
49 567 7440
50 640 7440
206 421 7440
328 480 7440
61 720 7440
176 733 7440
30 589 7440
55 340 7440
34 193 7440
109 204 7440
33 182 7440
368 715 7440
229 559 7440
211 544 7440
251 679 7440
305 710 7440
28 294 7440
216 625 7440
60 105 7440
285 514 7440
125 393 7440
59 653 7440
68 244 7440
144 373 7440
102 248 7440
165 256 7440
296 457 7440
72 710 7440
288 501 7440
358 586 7440
256 408 7440
304 707 7440
304 672 7440
213 657 7440
191 352 7440
207 284 7440
82 88 7440
93 631 7440
189 741 7440
159 493 7440
50 660 7440
190 487 7440
217 370 7440
18 689 7440
17 655 7440
96 214 7440
114 500 7440
105 671 7440
13 194 7440
231 367 7440
140 595 7440
47 737 7440
321 661 7440
171 474 7440
28 425 7440
337 554 7440
251 643 7440
209 453 7440
163 642 7440
117 252 7440
293 503 7440
146 428 7440
234 593 7440
203 682 7440
118 544 7440
40 208 7440
74 229 7440
319 697 7440
337 508 7440
21 465 7440
66 565 7440
228 598 7440
334 451 7440
105 219 7440
21 151 7440
360 391 7440
340 681 7440
154 465 7440
246 626 7440
351 486 7440
267 613 7440
234 448 7440
207 340 7440
73 593 7440
142 486 7440
43 724 7440
256 726 7440
229 300 7440
64 97 7440
17 100 7440
76 584 7440
337 415 7440
144 517 7440
236 633 7440
176 563 7440
16 556 7440
182 608 7440
159 681 7440
234 369 7440
62 167 7440
215 370 7440
4 395 7440
204 269 7440
182 235 7440
318 400 7440
269 659 7440
16 509 7440
59 581 7440
213 702 7440
257 497 7440
49 339 7440
62 591 7440
93 400 7440
1 475 7440
43 351 7440
325 433 7440
216 286 7440
317 562 7440
76 664 7440
302 574 7440
97 449 7440
308 644 7440
212 390 7440
83 260 7440
29 235 7440
248 716 7440
164 742 7440
0 205 7440
342 608 7440
277 710 7440
298 543 7440
318 618 7440
221 516 7440
240 659 7440
66 192 7440
257 331 7440
101 670 7440
299 384 7440
346 550 7440
273 742 7440
63 364 7440
132 278 7440
181 339 7440
304 328 7440
241 714 7440
231 594 7440
223 524 7440
364 495 7440
364 395 7440
369 398 7440
371 431 7440
238 358 7440
192 631 7440
218 469 7440
263 697 7440
68 693 7440
295 329 7440
289 347 7440
369 742 7440
241 521 7440
336 394 7440
292 558 7440
72 590 7440
330 582 7440
132 596 7440
236 671 7440
246 558 7440
343 359 7440
247 345 7440
266 626 7440
185 368 7440
2 158 7440
345 654 7440
178 681 7440
80 658 7440
201 655 7440
34 235 7440
217 349 7440
151 539 7440
27 83 7440
135 334 7440
217 408 7440
263 532 7440
12 198 7440
332 664 7440
305 478 7440
65 114 7440
243 474 7440
249 292 7440
240 342 7440
175 327 7440
164 742 7440
91 142 7440
157 207 7440
302 558 7440
241 454 7440
188 298 7440
304 412 7440
164 598 7440
193 415 7440
207 607 7440
4 524 7440
71 381 7440
112 538 7440
293 579 7440
98 572 7440
337 577 7440
244 435 7440
21 308 7440
88 660 7440
324 467 7440
237 595 7440
200 315 7440
64 139 7440
180 224 7440
261 383 7440
250 469 7440
197 609 7440
260 648 7440
177 547 7440
113 602 7440
49 326 7440
340 651 7440
343 723 7440
288 388 7440
201 207 7440
323 683 7440
241 683 7440
205 520 7440
311 446 7440
113 384 7440
246 383 7440
253 307 7440
264 281 7440
352 616 7440
356 673 7440
310 454 7440
303 697 7440
82 394 7440
36 97 7440
