0 1 7480
1 2 7480
2 3 7480
3 4 7480
4 5 7480
5 6 7480
6 7 7480
7 8 7480
8 9 7480
9 10 7480
10 11 7480
11 12 7480
12 13 7480
13 14 7480
14 15 7480
15 16 7480
16 17 7480
17 18 7480
18 19 7480
19 20 7480
20 21 7480
21 22 7480
22 23 7480
23 24 7480
24 25 7480
25 26 7480
26 27 7480
27 28 7480
28 29 7480
29 30 7480
30 31 7480
31 32 7480
32 33 7480
33 34 7480
34 35 7480
35 36 7480
36 37 7480
37 38 7480
38 39 7480
39 40 7480
40 41 7480
41 42 7480
42 43 7480
43 44 7480
44 45 7480
45 46 7480
46 47 7480
47 48 7480
48 49 7480
49 50 7480
50 51 7480
51 52 7480
52 53 7480
53 54 7480
54 55 7480
55 56 7480
56 57 7480
57 58 7480
58 59 7480
59 60 7480
60 61 7480
61 62 7480
62 63 7480
63 64 7480
64 65 7480
65 66 7480
66 67 7480
67 68 7480
68 69 7480
69 70 7480
70 71 7480
71 72 7480
72 73 7480
73 74 7480
74 75 7480
75 76 7480
76 77 7480
77 78 7480
78 79 7480
79 80 7480
80 81 7480
81 82 7480
82 83 7480
83 84 7480
84 85 7480
85 86 7480
86 87 7480
87 88 7480
88 89 7480
89 90 7480
90 91 7480
91 92 7480
92 93 7480
93 94 7480
94 95 7480
95 96 7480
96 97 7480
97 98 7480
98 99 7480
99 100 7480
100 101 7480
101 102 7480
102 103 7480
103 104 7480
104 105 7480
105 106 7480
106 107 7480
107 108 7480
108 109 7480
109 110 7480
110 111 7480
111 112 7480
112 113 7480
113 114 7480
114 115 7480
115 116 7480
116 117 7480
117 118 7480
118 119 7480
119 120 7480
120 121 7480
121 122 7480
122 123 7480
123 124 7480
124 125 7480
125 126 7480
126 127 7480
127 128 7480
128 129 7480
129 130 7480
130 131 7480
131 132 7480
132 133 7480
133 134 7480
134 135 7480
135 136 7480
136 137 7480
137 138 7480
138 139 7480
139 140 7480
140 141 7480
141 142 7480
142 143 7480
143 144 7480
144 145 7480
145 146 7480
146 147 7480
147 148 7480
148 149 7480
149 150 7480
150 151 7480
151 152 7480
152 153 7480
153 154 7480
154 155 7480
155 156 7480
156 157 7480
157 158 7480
158 159 7480
159 160 7480
160 161 7480
161 162 7480
162 163 7480
163 164 7480
164 165 7480
165 166 7480
166 167 7480
167 168 7480
168 169 7480
169 170 7480
170 171 7480
171 172 7480
172 173 7480
173 174 7480
174 175 7480
175 176 7480
176 177 7480
177 178 7480
178 179 7480
179 180 7480
180 181 7480
181 182 7480
182 183 7480
183 184 7480
184 185 7480
185 186 7480
186 187 7480
187 188 7480
188 189 7480
189 190 7480
190 191 7480
191 192 7480
192 193 7480
193 194 7480
194 195 7480
195 196 7480
196 197 7480
197 198 7480
198 199 7480
199 200 7480
200 201 7480
201 202 7480
202 203 7480
203 204 7480
204 205 7480
205 206 7480
206 207 7480
207 208 7480
208 209 7480
209 210 7480
210 211 7480
211 212 7480
212 213 7480
213 214 7480
214 215 7480
215 216 7480
216 217 7480
217 218 7480
218 219 7480
219 220 7480
220 221 7480
221 222 7480
222 223 7480
223 224 7480
224 225 7480
225 226 7480
226 227 7480
227 228 7480
228 229 7480
229 230 7480
230 231 7480
231 232 7480
232 233 7480
233 234 7480
234 235 7480
235 236 7480
236 237 7480
237 238 7480
238 239 7480
239 240 7480
240 241 7480
241 242 7480
242 243 7480
243 244 7480
244 245 7480
245 246 7480
246 247 7480
247 248 7480
248 249 7480
249 250 7480
250 251 7480
251 252 7480
252 253 7480
253 254 7480
254 255 7480
255 256 7480
256 257 7480
257 258 7480
258 259 7480
259 260 7480
260 261 7480
261 262 7480
262 263 7480
263 264 7480
264 265 7480
265 266 7480
266 267 7480
267 268 7480
268 269 7480
269 270 7480
270 271 7480
271 272 7480
272 273 7480
273 274 7480
274 275 7480
275 276 7480
276 277 7480
277 278 7480
278 279 7480
279 280 7480
280 281 7480
281 282 7480
282 283 7480
283 284 7480
284 285 7480
285 286 7480
286 287 7480
287 288 7480
288 289 7480
289 290 7480
290 291 7480
291 292 7480
292 293 7480
293 294 7480
294 295 7480
295 296 7480
296 297 7480
297 298 7480
298 299 7480
299 300 7480
300 301 7480
301 302 7480
302 303 7480
303 304 7480
304 305 7480
305 306 7480
306 307 7480
307 308 7480
308 309 7480
309 310 7480
310 311 7480
311 312 7480
312 313 7480
313 314 7480
314 315 7480
315 316 7480
316 317 7480
317 318 7480
318 319 7480
319 320 7480
320 321 7480
321 322 7480
322 323 7480
323 324 7480
324 325 7480
325 326 7480
326 327 7480
327 328 7480
328 329 7480
329 330 7480
330 331 7480
331 332 7480
332 333 7480
333 334 7480
334 335 7480
335 336 7480
336 337 7480
337 338 7480
338 339 7480
339 340 7480
340 341 7480
341 342 7480
342 343 7480
343 344 7480
344 345 7480
345 346 7480
346 347 7480
347 348 7480
348 349 7480
349 350 7480
350 351 7480
351 352 7480
352 353 7480
353 354 7480
354 355 7480
355 356 7480
356 357 7480
357 358 7480
358 359 7480
359 360 7480
360 361 7480
361 362 7480
362 363 7480
363 364 7480
364 365 7480
365 366 7480
366 367 7480
367 368 7480
368 369 7480
369 370 7480
370 371 7480
371 372 7480
372 373 7480
373 374 7480
374 375 7480
375 376 7480
376 377 7480
377 378 7480
378 379 7480
379 380 7480
380 381 7480
381 382 7480
382 383 7480
383 384 7480
384 385 7480
385 386 7480
386 387 7480
387 388 7480
388 389 7480
389 390 7480
390 391 7480
391 392 7480
392 393 7480
393 394 7480
394 395 7480
395 396 7480
396 397 7480
397 398 7480
398 399 7480
399 400 7480
400 401 7480
401 402 7480
402 403 7480
403 404 7480
404 405 7480
405 406 7480
406 407 7480
407 408 7480
408 409 7480
409 410 7480
410 411 7480
411 412 7480
412 413 7480
413 414 7480
414 415 7480
415 416 7480
416 417 7480
417 418 7480
418 419 7480
419 420 7480
420 421 7480
421 422 7480
422 423 7480
423 424 7480
424 425 7480
425 426 7480
426 427 7480
427 428 7480
428 429 7480
429 430 7480
430 431 7480
431 432 7480
432 433 7480
433 434 7480
434 435 7480
435 436 7480
436 437 7480
437 438 7480
438 439 7480
439 440 7480
440 441 7480
441 442 7480
442 443 7480
443 444 7480
444 445 7480
445 446 7480
446 447 7480
447 448 7480
448 449 7480
449 450 7480
450 451 7480
451 452 7480
452 453 7480
453 454 7480
454 455 7480
455 456 7480
456 457 7480
457 458 7480
458 459 7480
459 460 7480
460 461 7480
461 462 7480
462 463 7480
463 464 7480
464 465 7480
465 466 7480
466 467 7480
467 468 7480
468 469 7480
469 470 7480
470 471 7480
471 472 7480
472 473 7480
473 474 7480
474 475 7480
475 476 7480
476 477 7480
477 478 7480
478 479 7480
479 480 7480
480 481 7480
481 482 7480
482 483 7480
483 484 7480
484 485 7480
485 486 7480
486 487 7480
487 488 7480
488 489 7480
489 490 7480
490 491 7480
491 492 7480
492 493 7480
493 494 7480
494 495 7480
495 496 7480
496 497 7480
497 498 7480
498 499 7480
499 500 7480
500 501 7480
501 502 7480
502 503 7480
503 504 7480
504 505 7480
505 506 7480
506 507 7480
507 508 7480
508 509 7480
509 510 7480
510 511 7480
511 512 7480
512 513 7480
513 514 7480
514 515 7480
515 516 7480
516 517 7480
517 518 7480
518 519 7480
519 520 7480
520 521 7480
521 522 7480
522 523 7480
523 524 7480
524 525 7480
525 526 7480
526 527 7480
527 528 7480
528 529 7480
529 530 7480
530 531 7480
531 532 7480
532 533 7480
533 534 7480
534 535 7480
535 536 7480
536 537 7480
537 538 7480
538 539 7480
539 540 7480
540 541 7480
541 542 7480
542 543 7480
543 544 7480
544 545 7480
545 546 7480
546 547 7480
547 548 7480
548 549 7480
549 550 7480
550 551 7480
551 552 7480
552 553 7480
553 554 7480
554 555 7480
555 556 7480
556 557 7480
557 558 7480
558 559 7480
559 560 7480
560 561 7480
561 562 7480
562 563 7480
563 564 7480
564 565 7480
565 566 7480
566 567 7480
567 568 7480
568 569 7480
569 570 7480
570 571 7480
571 572 7480
572 573 7480
573 574 7480
574 575 7480
575 576 7480
576 577 7480
577 578 7480
578 579 7480
579 580 7480
580 581 7480
581 582 7480
582 583 7480
583 584 7480
584 585 7480
585 586 7480
586 587 7480
587 588 7480
588 589 7480
589 590 7480
590 591 7480
591 592 7480
592 593 7480
593 594 7480
594 595 7480
595 596 7480
596 597 7480
597 598 7480
598 599 7480
599 600 7480
600 601 7480
601 602 7480
602 603 7480
603 604 7480
604 605 7480
605 606 7480
606 607 7480
607 608 7480
608 609 7480
609 610 7480
610 611 7480
611 612 7480
612 613 7480
613 614 7480
614 615 7480
615 616 7480
616 617 7480
617 618 7480
618 619 7480
619 620 7480
620 621 7480
621 622 7480
622 623 7480
623 624 7480
624 625 7480
625 626 7480
626 627 7480
627 628 7480
628 629 7480
629 630 7480
630 631 7480
631 632 7480
632 633 7480
633 634 7480
634 635 7480
635 636 7480
636 637 7480
637 638 7480
638 639 7480
639 640 7480
640 641 7480
641 642 7480
642 643 7480
643 644 7480
644 645 7480
645 646 7480
646 647 7480
647 648 7480
648 649 7480
649 650 7480
650 651 7480
651 652 7480
652 653 7480
653 654 7480
654 655 7480
655 656 7480
656 657 7480
657 658 7480
658 659 7480
659 660 7480
660 661 7480
661 662 7480
662 663 7480
663 664 7480
664 665 7480
665 666 7480
666 667 7480
667 668 7480
668 669 7480
669 670 7480
670 671 7480
671 672 7480
672 673 7480
673 674 7480
674 675 7480
675 676 7480
676 677 7480
677 678 7480
678 679 7480
679 680 7480
680 681 7480
681 682 7480
682 683 7480
683 684 7480
684 685 7480
685 686 7480
686 687 7480
687 688 7480
688 689 7480
689 690 7480
690 691 7480
691 692 7480
692 693 7480
693 694 7480
694 695 7480
695 696 7480
696 697 7480
697 698 7480
698 699 7480
699 700 7480
700 701 7480
701 702 7480
702 703 7480
703 704 7480
704 705 7480
705 706 7480
706 707 7480
707 708 7480
708 709 7480
709 710 7480
710 711 7480
711 712 7480
712 713 7480
713 714 7480
714 715 7480
715 716 7480
716 717 7480
717 718 7480
718 719 7480
719 720 7480
720 721 7480
721 722 7480
722 723 7480
723 724 7480
724 725 7480
725 726 7480
726 727 7480
727 728 7480
728 729 7480
729 730 7480
730 731 7480
731 732 7480
732 733 7480
733 734 7480
734 735 7480
735 736 7480
736 737 7480
737 738 7480
738 739 7480
739 740 7480
740 741 7480
741 742 7480
742 743 7480
743 744 7480
744 745 7480
745 746 7480
746 747 7480
231 653 7480
185 579 7480
145 723 7480
100 165 7480
370 691 7480
326 455 7480
333 565 7480
58 100 7480
286 619 7480
120 394 7480
189 536 7480
44 136 7480
227 294 7480
249 281 7480
57 409 7480
201 578 7480
56 285 7480
156 574 7480
177 282 7480
164 166 7480
103 548 7480
78 428 7480
96 319 7480
191 302 7480
323 403 7480
193 461 7480
52 246 7480
39 301 7480
245 337 7480
22 692 7480
367 489 7480
215 274 7480
137 389 7480
129 380 7480
217 500 7480
234 743 7480
195 390 7480
133 303 7480
13 52 7480
359 486 7480
183 552 7480
357 600 7480
177 553 7480
153 286 7480
37 408 7480
242 616 7480
359 738 7480
140 522 7480
46 291 7480
214 298 7480
166 573 7480
32 187 7480
348 674 7480
278 471 7480
203 718 7480
370 723 7480
15 57 7480
24 498 7480
48 77 7480
360 683 7480
266 636 7480
278 432 7480
23 166 7480
230 670 7480
240 492 7480
317 633 7480
264 350 7480
168 502 7480
186 598 7480
199 278 7480
49 51 7480
286 404 7480
246 626 7480
313 401 7480
288 747 7480
319 437 7480
65 244 7480
246 693 7480
45 452 7480
136 717 7480
233 298 7480
4 158 7480
238 614 7480
265 727 7480
91 580 7480
30 693 7480
324 334 7480
142 441 7480
53 224 7480
339 395 7480
328 419 7480
261 462 7480
235 237 7480
40 343 7480
285 505 7480
366 403 7480
365 608 7480
232 609 7480
349 701 7480
80 543 7480
89 141 7480
205 325 7480
351 737 7480
146 255 7480
200 578 7480
129 207 7480
16 61 7480
356 676 7480
223 259 7480
273 321 7480
219 530 7480
116 406 7480
130 584 7480
364 445 7480
11 68 7480
223 257 7480
265 526 7480
122 555 7480
320 578 7480
159 276 7480
316 323 7480
67 273 7480
108 631 7480
97 673 7480
123 140 7480
243 572 7480
1 138 7480
126 549 7480
179 296 7480
0 578 7480
338 701 7480
349 501 7480
174 321 7480
44 345 7480
20 603 7480
75 617 7480
288 717 7480
276 547 7480
90 297 7480
112 212 7480
195 742 7480
282 716 7480
297 385 7480
311 647 7480
138 442 7480
118 349 7480
345 607 7480
251 290 7480
106 184 7480
130 204 7480
159 700 7480
311 648 7480
359 484 7480
132 556 7480
119 165 7480
268 427 7480
331 725 7480
296 383 7480
192 731 7480
332 476 7480
40 262 7480
32 344 7480
305 673 7480
28 680 7480
108 704 7480
49 509 7480
301 689 7480
15 308 7480
306 591 7480
261 663 7480
127 696 7480
69 584 7480
137 445 7480
188 451 7480
83 534 7480
143 376 7480
80 151 7480
12 584 7480
333 584 7480
173 207 7480
322 645 7480
244 442 7480
243 651 7480
290 510 7480
312 534 7480
251 383 7480
77 185 7480
46 286 7480
121 326 7480
287 411 7480
150 547 7480
103 700 7480
339 650 7480
244 692 7480
72 497 7480
317 465 7480
337 428 7480
121 638 7480
57 208 7480
116 129 7480
132 442 7480
174 331 7480
36 430 7480
108 516 7480
84 734 7480
303 656 7480
296 468 7480
265 320 7480
104 744 7480
188 727 7480
326 664 7480
52 568 7480
356 491 7480
236 592 7480
69 640 7480
225 679 7480
143 552 7480
76 198 7480
196 570 7480
367 456 7480
95 303 7480
146 183 7480
104 618 7480
121 251 7480
189 644 7480
10 351 7480
371 730 7480
163 333 7480
262 578 7480
364 563 7480
179 628 7480
331 576 7480
295 648 7480
201 287 7480
140 612 7480
272 344 7480
121 367 7480
79 397 7480
72 380 7480
134 414 7480
340 365 7480
288 346 7480
123 227 7480
179 488 7480
130 481 7480
187 270 7480
120 340 7480
343 370 7480
116 342 7480
282 371 7480
341 606 7480
135 186 7480
187 480 7480
318 537 7480
314 424 7480
193 289 7480
122 652 7480
58 640 7480
57 632 7480
167 271 7480
242 689 7480
12 443 7480
24 303 7480
96 317 7480
188 721 7480
356 683 7480
144 446 7480
1 499 7480
205 587 7480
125 332 7480
276 396 7480
119 617 7480
170 530 7480
233 236 7480
267 579 7480
9 493 7480
144 359 7480
115 496 7480
329 373 7480
30 157 7480
342 438 7480
198 320 7480
335 699 7480
160 659 7480
172 742 7480
118 545 7480
27 665 7480
197 223 7480
256 511 7480
357 585 7480
136 625 7480
324 606 7480
160 368 7480
267 353 7480
55 711 7480
263 499 7480
328 739 7480
354 689 7480
264 354 7480
202 694 7480
182 425 7480
140 455 7480
193 432 7480
63 282 7480
145 352 7480
140 566 7480
116 730 7480
276 639 7480
248 701 7480
58 498 7480
60 741 7480
127 609 7480
57 677 7480
25 523 7480
223 267 7480
159 400 7480
130 144 7480
75 627 7480
104 157 7480
156 542 7480
105 286 7480
218 332 7480
242 543 7480
138 655 7480
154 317 7480
319 452 7480
359 514 7480
72 560 7480
240 584 7480
309 739 7480
18 44 7480
232 355 7480
48 213 7480
5 695 7480
240 339 7480
59 137 7480
66 454 7480
310 714 7480
279 683 7480
255 309 7480
28 696 7480
267 303 7480
319 441 7480
146 243 7480
218 290 7480
205 523 7480
136 359 7480
374 743 7480
63 555 7480
244 319 7480
41 305 7480
243 630 7480
357 512 7480
266 411 7480
140 726 7480
179 634 7480
251 520 7480
217 354 7480
32 147 7480
295 322 7480
312 530 7480
140 175 7480
127 421 7480
325 489 7480
308 747 7480
72 576 7480
0 336 7480
111 384 7480
138 667 7480
161 187 7480
282 664 7480
229 277 7480
73 568 7480
20 60 7480
231 478 7480
362 389 7480
233 625 7480
194 449 7480
213 501 7480
34 477 7480
69 464 7480
0 608 7480
134 143 7480
49 617 7480
191 723 7480
137 234 7480
163 495 7480
247 302 7480
111 271 7480
44 143 7480
204 487 7480
90 674 7480
8 480 7480
304 703 7480
359 690 7480
270 544 7480
244 624 7480
326 331 7480
66 323 7480
137 419 7480
19 295 7480
298 338 7480
237 667 7480
156 302 7480
36 135 7480
272 576 7480
256 363 7480
224 246 7480
122 632 7480
59 534 7480
100 178 7480
74 428 7480
192 451 7480
170 204 7480
211 725 7480
359 566 7480
35 651 7480
132 356 7480
261 691 7480
125 230 7480
225 691 7480
325 388 7480
295 727 7480
319 374 7480
122 745 7480
287 589 7480
132 277 7480
291 465 7480
196 411 7480
61 109 7480
191 399 7480
328 686 7480
161 632 7480
166 647 7480
188 284 7480
285 608 7480
65 128 7480
192 326 7480
190 202 7480
113 400 7480
357 537 7480
356 683 7480
287 308 7480
225 563 7480
19 642 7480
149 730 7480
81 518 7480
218 463 7480
306 533 7480
82 600 7480
110 737 7480
107 153 7480
39 467 7480
20 582 7480
91 157 7480
18 287 7480
31 474 7480
202 528 7480
136 338 7480
283 332 7480
161 529 7480
228 513 7480
130 202 7480
216 480 7480
42 444 7480
178 742 7480
144 362 7480
284 608 7480
212 732 7480
38 290 7480
186 449 7480
210 658 7480
262 554 7480
37 58 7480
298 722 7480
97 572 7480
8 431 7480
40 182 7480
153 366 7480
318 665 7480
24 105 7480
295 718 7480
224 687 7480
161 226 7480
200 588 7480
246 664 7480
68 480 7480
239 358 7480
44 709 7480
91 147 7480
187 733 7480
250 360 7480
85 728 7480
77 720 7480
106 209 7480
259 573 7480
120 605 7480
29 83 7480
196 651 7480
276 497 7480
161 358 7480
74 718 7480
228 397 7480
150 372 7480
114 349 7480
179 739 7480
108 259 7480
187 275 7480
166 180 7480
287 508 7480
24 266 7480
327 421 7480
295 426 7480
85 181 7480
304 526 7480
256 325 7480
72 102 7480
295 655 7480
348 591 7480
183 305 7480
87 313 7480
6 447 7480
99 484 7480
324 329 7480
341 664 7480
92 355 7480
289 469 7480
58 645 7480
126 545 7480
35 369 7480
3 224 7480
353 396 7480
209 402 7480
189 433 7480
264 425 7480
5 619 7480
61 472 7480
332 389 7480
351 656 7480
129 368 7480
257 446 7480
7 63 7480
325 501 7480
372 742 7480
30 61 7480
222 444 7480
99 328 7480
49 180 7480
199 700 7480
184 634 7480
206 546 7480
229 736 7480
21 744 7480
269 426 7480
314 705 7480
305 589 7480
21 238 7480
370 542 7480
116 583 7480
155 365 7480
244 458 7480
125 486 7480
0 36 7480
333 544 7480
117 572 7480
78 219 7480
285 573 7480
313 608 7480
119 293 7480
63 408 7480
275 415 7480
235 670 7480
87 500 7480
178 722 7480
98 370 7480
14 395 7480
242 559 7480
133 590 7480
322 394 7480
249 290 7480
312 744 7480
88 302 7480
110 496 7480
207 653 7480
286 299 7480
82 305 7480
222 597 7480
125 268 7480
78 701 7480
94 467 7480
364 487 7480
323 616 7480
112 266 7480
144 695 7480
78 120 7480
60 686 7480
81 622 7480
203 412 7480
156 182 7480
363 449 7480
54 360 7480
106 247 7480
85 283 7480
145 235 7480
95 587 7480
113 158 7480
115 742 7480
301 377 7480
98 584 7480
283 471 7480
172 628 7480
314 333 7480
81 199 7480
159 607 7480
229 557 7480
145 170 7480
195 449 7480
133 666 7480
179 706 7480
202 222 7480
26 608 7480
285 532 7480
173 604 7480
329 591 7480
139 249 7480
280 357 7480
145 705 7480
169 615 7480
372 595 7480
8 336 7480
353 697 7480
199 315 7480
346 548 7480
21 214 7480
87 556 7480
355 439 7480
150 711 7480
1 30 7480
145 392 7480
308 504 7480
68 339 7480
190 310 7480
366 692 7480
187 323 7480
121 532 7480
262 390 7480
72 453 7480
23 740 7480
13 406 7480
137 269 7480
330 369 7480
361 700 7480
219 627 7480
324 523 7480
214 414 7480
83 586 7480
48 180 7480
224 320 7480
200 629 7480
77 92 7480
372 603 7480
196 606 7480
161 266 7480
348 667 7480
224 694 7480
51 213 7480
14 620 7480
229 703 7480
232 350 7480
216 410 7480
154 345 7480
211 712 7480
176 187 7480
211 506 7480
110 119 7480
255 330 7480
127 581 7480
251 691 7480
102 205 7480
299 728 7480
99 626 7480
92 171 7480
363 601 7480
4 235 7480
154 315 7480
101 510 7480
260 294 7480
177 264 7480
182 469 7480
309 528 7480
33 335 7480
36 717 7480
216 246 7480
0 278 7480
8 333 7480
51 390 7480
54 458 7480
341 498 7480
227 660 7480
17 223 7480
119 294 7480
82 679 7480
40 79 7480
338 634 7480
51 220 7480
284 530 7480
143 191 7480
185 214 7480
211 334 7480
24 606 7480
369 613 7480
127 520 7480
115 404 7480
192 361 7480
242 297 7480
167 739 7480
323 517 7480
214 330 7480
353 577 7480
230 597 7480
307 493 7480
193 362 7480
123 526 7480
39 412 7480
11 73 7480
64 557 7480
199 451 7480
224 574 7480
201 582 7480
186 251 7480
181 217 7480
171 558 7480
136 478 7480
239 639 7480
343 408 7480
242 462 7480
271 676 7480
224 567 7480
228 741 7480
253 347 7480
245 342 7480
329 675 7480
295 654 7480
31 78 7480
367 604 7480
301 655 7480
289 328 7480
