0 1 7520
1 2 7520
2 3 7520
3 4 7520
4 5 7520
5 6 7520
6 7 7520
7 8 7520
8 9 7520
9 10 7520
10 11 7520
11 12 7520
12 13 7520
13 14 7520
14 15 7520
15 16 7520
16 17 7520
17 18 7520
18 19 7520
19 20 7520
20 21 7520
21 22 7520
22 23 7520
23 24 7520
24 25 7520
25 26 7520
26 27 7520
27 28 7520
28 29 7520
29 30 7520
30 31 7520
31 32 7520
32 33 7520
33 34 7520
34 35 7520
35 36 7520
36 37 7520
37 38 7520
38 39 7520
39 40 7520
40 41 7520
41 42 7520
42 43 7520
43 44 7520
44 45 7520
45 46 7520
46 47 7520
47 48 7520
48 49 7520
49 50 7520
50 51 7520
51 52 7520
52 53 7520
53 54 7520
54 55 7520
55 56 7520
56 57 7520
57 58 7520
58 59 7520
59 60 7520
60 61 7520
61 62 7520
62 63 7520
63 64 7520
64 65 7520
65 66 7520
66 67 7520
67 68 7520
68 69 7520
69 70 7520
70 71 7520
71 72 7520
72 73 7520
73 74 7520
74 75 7520
75 76 7520
76 77 7520
77 78 7520
78 79 7520
79 80 7520
80 81 7520
81 82 7520
82 83 7520
83 84 7520
84 85 7520
85 86 7520
86 87 7520
87 88 7520
88 89 7520
89 90 7520
90 91 7520
91 92 7520
92 93 7520
93 94 7520
94 95 7520
95 96 7520
96 97 7520
97 98 7520
98 99 7520
99 100 7520
100 101 7520
101 102 7520
102 103 7520
103 104 7520
104 105 7520
105 106 7520
106 107 7520
107 108 7520
108 109 7520
109 110 7520
110 111 7520
111 112 7520
112 113 7520
113 114 7520
114 115 7520
115 116 7520
116 117 7520
117 118 7520
118 119 7520
119 120 7520
120 121 7520
121 122 7520
122 123 7520
123 124 7520
124 125 7520
125 126 7520
126 127 7520
127 128 7520
128 129 7520
129 130 7520
130 131 7520
131 132 7520
132 133 7520
133 134 7520
134 135 7520
135 136 7520
136 137 7520
137 138 7520
138 139 7520
139 140 7520
140 141 7520
141 142 7520
142 143 7520
143 144 7520
144 145 7520
145 146 7520
146 147 7520
147 148 7520
148 149 7520
149 150 7520
150 151 7520
151 152 7520
152 153 7520
153 154 7520
154 155 7520
155 156 7520
156 157 7520
157 158 7520
158 159 7520
159 160 7520
160 161 7520
161 162 7520
162 163 7520
163 164 7520
164 165 7520
165 166 7520
166 167 7520
167 168 7520
168 169 7520
169 170 7520
170 171 7520
171 172 7520
172 173 7520
173 174 7520
174 175 7520
175 176 7520
176 177 7520
177 178 7520
178 179 7520
179 180 7520
180 181 7520
181 182 7520
182 183 7520
183 184 7520
184 185 7520
185 186 7520
186 187 7520
187 188 7520
188 189 7520
189 190 7520
190 191 7520
191 192 7520
192 193 7520
193 194 7520
194 195 7520
195 196 7520
196 197 7520
197 198 7520
198 199 7520
199 200 7520
200 201 7520
201 202 7520
202 203 7520
203 204 7520
204 205 7520
205 206 7520
206 207 7520
207 208 7520
208 209 7520
209 210 7520
210 211 7520
211 212 7520
212 213 7520
213 214 7520
214 215 7520
215 216 7520
216 217 7520
217 218 7520
218 219 7520
219 220 7520
220 221 7520
221 222 7520
222 223 7520
223 224 7520
224 225 7520
225 226 7520
226 227 7520
227 228 7520
228 229 7520
229 230 7520
230 231 7520
231 232 7520
232 233 7520
233 234 7520
234 235 7520
235 236 7520
236 237 7520
237 238 7520
238 239 7520
239 240 7520
240 241 7520
241 242 7520
242 243 7520
243 244 7520
244 245 7520
245 246 7520
246 247 7520
247 248 7520
248 249 7520
249 250 7520
250 251 7520
251 252 7520
252 253 7520
253 254 7520
254 255 7520
255 256 7520
256 257 7520
257 258 7520
258 259 7520
259 260 7520
260 261 7520
261 262 7520
262 263 7520
263 264 7520
264 265 7520
265 266 7520
266 267 7520
267 268 7520
268 269 7520
269 270 7520
270 271 7520
271 272 7520
272 273 7520
273 274 7520
274 275 7520
275 276 7520
276 277 7520
277 278 7520
278 279 7520
279 280 7520
280 281 7520
281 282 7520
282 283 7520
283 284 7520
284 285 7520
285 286 7520
286 287 7520
287 288 7520
288 289 7520
289 290 7520
290 291 7520
291 292 7520
292 293 7520
293 294 7520
294 295 7520
295 296 7520
296 297 7520
297 298 7520
298 299 7520
299 300 7520
300 301 7520
301 302 7520
302 303 7520
303 304 7520
304 305 7520
305 306 7520
306 307 7520
307 308 7520
308 309 7520
309 310 7520
310 311 7520
311 312 7520
312 313 7520
313 314 7520
314 315 7520
315 316 7520
316 317 7520
317 318 7520
318 319 7520
319 320 7520
320 321 7520
321 322 7520
322 323 7520
323 324 7520
324 325 7520
325 326 7520
326 327 7520
327 328 7520
328 329 7520
329 330 7520
330 331 7520
331 332 7520
332 333 7520
333 334 7520
334 335 7520
335 336 7520
336 337 7520
337 338 7520
338 339 7520
339 340 7520
340 341 7520
341 342 7520
342 343 7520
343 344 7520
344 345 7520
345 346 7520
346 347 7520
347 348 7520
348 349 7520
349 350 7520
350 351 7520
351 352 7520
352 353 7520
353 354 7520
354 355 7520
355 356 7520
356 357 7520
357 358 7520
358 359 7520
359 360 7520
360 361 7520
361 362 7520
362 363 7520
363 364 7520
364 365 7520
365 366 7520
366 367 7520
367 368 7520
368 369 7520
369 370 7520
370 371 7520
371 372 7520
372 373 7520
373 374 7520
374 375 7520
375 376 7520
376 377 7520
377 378 7520
378 379 7520
379 380 7520
380 381 7520
381 382 7520
382 383 7520
383 384 7520
384 385 7520
385 386 7520
386 387 7520
387 388 7520
388 389 7520
389 390 7520
390 391 7520
391 392 7520
392 393 7520
393 394 7520
394 395 7520
395 396 7520
396 397 7520
397 398 7520
398 399 7520
399 400 7520
400 401 7520
401 402 7520
402 403 7520
403 404 7520
404 405 7520
405 406 7520
406 407 7520
407 408 7520
408 409 7520
409 410 7520
410 411 7520
411 412 7520
412 413 7520
413 414 7520
414 415 7520
415 416 7520
416 417 7520
417 418 7520
418 419 7520
419 420 7520
420 421 7520
421 422 7520
422 423 7520
423 424 7520
424 425 7520
425 426 7520
426 427 7520
427 428 7520
428 429 7520
429 430 7520
430 431 7520
431 432 7520
432 433 7520
433 434 7520
434 435 7520
435 436 7520
436 437 7520
437 438 7520
438 439 7520
439 440 7520
440 441 7520
441 442 7520
442 443 7520
443 444 7520
444 445 7520
445 446 7520
446 447 7520
447 448 7520
448 449 7520
449 450 7520
450 451 7520
451 452 7520
452 453 7520
453 454 7520
454 455 7520
455 456 7520
456 457 7520
457 458 7520
458 459 7520
459 460 7520
460 461 7520
461 462 7520
462 463 7520
463 464 7520
464 465 7520
465 466 7520
466 467 7520
467 468 7520
468 469 7520
469 470 7520
470 471 7520
471 472 7520
472 473 7520
473 474 7520
474 475 7520
475 476 7520
476 477 7520
477 478 7520
478 479 7520
479 480 7520
480 481 7520
481 482 7520
482 483 7520
483 484 7520
484 485 7520
485 486 7520
486 487 7520
487 488 7520
488 489 7520
489 490 7520
490 491 7520
491 492 7520
492 493 7520
493 494 7520
494 495 7520
495 496 7520
496 497 7520
497 498 7520
498 499 7520
499 500 7520
500 501 7520
501 502 7520
502 503 7520
503 504 7520
504 505 7520
505 506 7520
506 507 7520
507 508 7520
508 509 7520
509 510 7520
510 511 7520
511 512 7520
512 513 7520
513 514 7520
514 515 7520
515 516 7520
516 517 7520
517 518 7520
518 519 7520
519 520 7520
520 521 7520
521 522 7520
522 523 7520
523 524 7520
524 525 7520
525 526 7520
526 527 7520
527 528 7520
528 529 7520
529 530 7520
530 531 7520
531 532 7520
532 533 7520
533 534 7520
534 535 7520
535 536 7520
536 537 7520
537 538 7520
538 539 7520
539 540 7520
540 541 7520
541 542 7520
542 543 7520
543 544 7520
544 545 7520
545 546 7520
546 547 7520
547 548 7520
548 549 7520
549 550 7520
550 551 7520
551 552 7520
552 553 7520
553 554 7520
554 555 7520
555 556 7520
556 557 7520
557 558 7520
558 559 7520
559 560 7520
560 561 7520
561 562 7520
562 563 7520
563 564 7520
564 565 7520
565 566 7520
566 567 7520
567 568 7520
568 569 7520
569 570 7520
570 571 7520
571 572 7520
572 573 7520
573 574 7520
574 575 7520
575 576 7520
576 577 7520
577 578 7520
578 579 7520
579 580 7520
580 581 7520
581 582 7520
582 583 7520
583 584 7520
584 585 7520
585 586 7520
586 587 7520
587 588 7520
588 589 7520
589 590 7520
590 591 7520
591 592 7520
592 593 7520
593 594 7520
594 595 7520
595 596 7520
596 597 7520
597 598 7520
598 599 7520
599 600 7520
600 601 7520
601 602 7520
602 603 7520
603 604 7520
604 605 7520
605 606 7520
606 607 7520
607 608 7520
608 609 7520
609 610 7520
610 611 7520
611 612 7520
612 613 7520
613 614 7520
614 615 7520
615 616 7520
616 617 7520
617 618 7520
618 619 7520
619 620 7520
620 621 7520
621 622 7520
622 623 7520
623 624 7520
624 625 7520
625 626 7520
626 627 7520
627 628 7520
628 629 7520
629 630 7520
630 631 7520
631 632 7520
632 633 7520
633 634 7520
634 635 7520
635 636 7520
636 637 7520
637 638 7520
638 639 7520
639 640 7520
640 641 7520
641 642 7520
642 643 7520
643 644 7520
644 645 7520
645 646 7520
646 647 7520
647 648 7520
648 649 7520
649 650 7520
650 651 7520
651 652 7520
652 653 7520
653 654 7520
654 655 7520
655 656 7520
656 657 7520
657 658 7520
658 659 7520
659 660 7520
660 661 7520
661 662 7520
662 663 7520
663 664 7520
664 665 7520
665 666 7520
666 667 7520
667 668 7520
668 669 7520
669 670 7520
670 671 7520
671 672 7520
672 673 7520
673 674 7520
674 675 7520
675 676 7520
676 677 7520
677 678 7520
678 679 7520
679 680 7520
680 681 7520
681 682 7520
682 683 7520
683 684 7520
684 685 7520
685 686 7520
686 687 7520
687 688 7520
688 689 7520
689 690 7520
690 691 7520
691 692 7520
692 693 7520
693 694 7520
694 695 7520
695 696 7520
696 697 7520
697 698 7520
698 699 7520
699 700 7520
700 701 7520
701 702 7520
702 703 7520
703 704 7520
704 705 7520
705 706 7520
706 707 7520
707 708 7520
708 709 7520
709 710 7520
710 711 7520
711 712 7520
712 713 7520
713 714 7520
714 715 7520
715 716 7520
716 717 7520
717 718 7520
718 719 7520
719 720 7520
720 721 7520
721 722 7520
722 723 7520
723 724 7520
724 725 7520
725 726 7520
726 727 7520
727 728 7520
728 729 7520
729 730 7520
730 731 7520
731 732 7520
732 733 7520
733 734 7520
734 735 7520
735 736 7520
736 737 7520
737 738 7520
738 739 7520
739 740 7520
740 741 7520
741 742 7520
742 743 7520
743 744 7520
744 745 7520
745 746 7520
746 747 7520
747 748 7520
748 749 7520
749 750 7520
750 751 7520
68 133 7520
306 546 7520
247 589 7520
275 541 7520
120 148 7520
292 382 7520
118 687 7520
318 682 7520
133 665 7520
269 555 7520
17 358 7520
210 473 7520
293 391 7520
10 558 7520
269 690 7520
171 629 7520
314 433 7520
87 577 7520
100 176 7520
297 510 7520
101 234 7520
251 687 7520
35 557 7520
364 738 7520
7 698 7520
204 678 7520
273 527 7520
12 64 7520
243 399 7520
12 695 7520
245 316 7520
73 496 7520
355 589 7520
328 535 7520
29 54 7520
208 270 7520
165 201 7520
37 116 7520
333 495 7520
331 473 7520
154 260 7520
93 717 7520
320 531 7520
99 711 7520
240 291 7520
25 553 7520
154 635 7520
18 179 7520
191 615 7520
26 651 7520
123 691 7520
294 703 7520
20 716 7520
107 562 7520
115 539 7520
280 429 7520
376 478 7520
226 622 7520
83 313 7520
127 428 7520
7 78 7520
171 720 7520
112 137 7520
49 417 7520
31 459 7520
376 529 7520
183 370 7520
59 744 7520
146 648 7520
297 304 7520
250 341 7520
188 490 7520
90 205 7520
277 533 7520
362 459 7520
9 166 7520
261 269 7520
263 407 7520
118 143 7520
126 558 7520
237 403 7520
365 415 7520
320 454 7520
83 209 7520
62 117 7520
173 226 7520
226 374 7520
9 712 7520
215 705 7520
207 532 7520
275 442 7520
266 629 7520
299 529 7520
139 432 7520
94 736 7520
94 518 7520
143 167 7520
372 543 7520
31 337 7520
264 633 7520
194 221 7520
64 143 7520
43 493 7520
57 737 7520
189 749 7520
143 397 7520
56 344 7520
304 673 7520
136 716 7520
270 418 7520
149 365 7520
199 597 7520
299 320 7520
338 624 7520
172 586 7520
208 443 7520
172 213 7520
353 677 7520
245 491 7520
127 293 7520
97 298 7520
341 685 7520
97 279 7520
213 220 7520
218 672 7520
90 587 7520
300 348 7520
36 405 7520
210 230 7520
56 79 7520
355 628 7520
18 201 7520
364 411 7520
346 545 7520
241 515 7520
139 349 7520
79 701 7520
38 497 7520
62 695 7520
260 365 7520
268 716 7520
206 243 7520
215 218 7520
126 210 7520
209 515 7520
309 598 7520
116 407 7520
52 570 7520
5 559 7520
322 720 7520
332 744 7520
321 373 7520
192 289 7520
185 545 7520
165 357 7520
272 695 7520
330 401 7520
171 335 7520
172 529 7520
212 624 7520
75 724 7520
332 664 7520
29 294 7520
213 584 7520
124 198 7520
23 676 7520
177 353 7520
152 541 7520
149 571 7520
197 474 7520
306 727 7520
261 488 7520
295 643 7520
299 304 7520
129 525 7520
300 543 7520
360 419 7520
351 422 7520
270 736 7520
4 152 7520
93 525 7520
104 749 7520
333 639 7520
135 733 7520
254 479 7520
55 654 7520
184 504 7520
35 693 7520
203 608 7520
135 406 7520
302 723 7520
197 736 7520
110 430 7520
130 596 7520
218 594 7520
127 677 7520
174 216 7520
112 675 7520
75 596 7520
294 438 7520
137 326 7520
347 619 7520
355 480 7520
24 133 7520
99 197 7520
270 597 7520
76 87 7520
145 210 7520
370 445 7520
340 407 7520
129 467 7520
352 362 7520
230 652 7520
364 739 7520
356 450 7520
302 337 7520
278 681 7520
145 214 7520
94 211 7520
299 583 7520
330 516 7520
359 365 7520
298 443 7520
124 711 7520
321 390 7520
275 483 7520
266 498 7520
283 286 7520
94 182 7520
281 302 7520
273 479 7520
353 722 7520
100 385 7520
263 538 7520
302 344 7520
51 399 7520
178 334 7520
170 699 7520
197 563 7520
300 312 7520
285 530 7520
45 169 7520
361 406 7520
64 474 7520
341 563 7520
39 125 7520
173 438 7520
289 513 7520
90 231 7520
286 703 7520
7 736 7520
262 447 7520
21 398 7520
84 476 7520
360 411 7520
304 618 7520
45 682 7520
195 244 7520
285 480 7520
307 362 7520
276 354 7520
5 329 7520
306 543 7520
97 390 7520
252 295 7520
368 675 7520
6 303 7520
114 643 7520
46 249 7520
59 227 7520
94 655 7520
223 405 7520
126 643 7520
254 646 7520
110 245 7520
12 132 7520
228 677 7520
318 620 7520
295 526 7520
49 552 7520
317 445 7520
322 620 7520
3 417 7520
285 539 7520
287 323 7520
315 483 7520
96 399 7520
52 135 7520
309 337 7520
332 628 7520
46 494 7520
5 220 7520
302 384 7520
15 517 7520
250 363 7520
110 408 7520
106 619 7520
114 134 7520
15 649 7520
228 277 7520
229 676 7520
261 501 7520
315 745 7520
130 311 7520
100 507 7520
92 743 7520
329 664 7520
288 439 7520
166 672 7520
346 412 7520
293 571 7520
69 474 7520
30 161 7520
369 666 7520
315 683 7520
94 724 7520
20 525 7520
328 656 7520
206 282 7520
332 567 7520
332 454 7520
322 516 7520
67 709 7520
337 661 7520
195 455 7520
13 141 7520
325 663 7520
149 442 7520
298 379 7520
349 520 7520
36 403 7520
315 325 7520
170 453 7520
308 391 7520
256 372 7520
190 195 7520
62 566 7520
227 387 7520
229 661 7520
34 387 7520
122 594 7520
188 340 7520
319 445 7520
345 704 7520
293 610 7520
347 583 7520
253 262 7520
57 688 7520
308 545 7520
177 537 7520
307 432 7520
163 447 7520
102 484 7520
336 738 7520
115 700 7520
323 552 7520
268 425 7520
238 663 7520
20 627 7520
151 458 7520
364 471 7520
141 173 7520
149 578 7520
286 542 7520
1 374 7520
190 266 7520
239 682 7520
320 462 7520
267 590 7520
58 537 7520
273 680 7520
263 675 7520
64 662 7520
226 719 7520
222 614 7520
62 514 7520
356 441 7520
23 274 7520
223 226 7520
8 32 7520
328 336 7520
222 512 7520
222 429 7520
324 579 7520
14 48 7520
173 511 7520
123 468 7520
230 312 7520
57 650 7520
94 147 7520
200 549 7520
283 470 7520
236 649 7520
297 308 7520
290 651 7520
326 636 7520
213 469 7520
6 617 7520
140 577 7520
106 491 7520
342 571 7520
174 439 7520
285 677 7520
306 531 7520
92 514 7520
253 680 7520
330 554 7520
303 561 7520
42 711 7520
331 352 7520
76 521 7520
89 611 7520
131 527 7520
46 698 7520
123 307 7520
121 633 7520
50 689 7520
38 258 7520
250 381 7520
271 435 7520
9 179 7520
222 257 7520
288 524 7520
202 244 7520
126 211 7520
242 401 7520
141 587 7520
373 751 7520
19 662 7520
52 285 7520
227 733 7520
281 540 7520
174 186 7520
186 222 7520
133 514 7520
18 356 7520
320 378 7520
225 392 7520
153 323 7520
189 618 7520
334 651 7520
316 745 7520
140 429 7520
247 372 7520
251 416 7520
107 626 7520
293 297 7520
199 379 7520
262 496 7520
21 719 7520
205 693 7520
322 349 7520
12 250 7520
303 320 7520
58 637 7520
120 369 7520
44 549 7520
370 646 7520
135 574 7520
352 382 7520
112 442 7520
162 461 7520
100 526 7520
57 719 7520
168 568 7520
230 274 7520
64 623 7520
53 233 7520
375 731 7520
192 658 7520
66 718 7520
10 139 7520
82 337 7520
184 334 7520
89 257 7520
117 145 7520
61 662 7520
198 559 7520
45 729 7520
170 597 7520
252 528 7520
169 390 7520
28 87 7520
285 727 7520
126 327 7520
355 490 7520
321 602 7520
5 507 7520
131 187 7520
269 689 7520
8 736 7520
347 455 7520
375 467 7520
12 178 7520
54 424 7520
169 709 7520
167 231 7520
309 488 7520
25 136 7520
37 261 7520
81 290 7520
171 447 7520
342 663 7520
121 663 7520
235 543 7520
10 679 7520
156 587 7520
140 161 7520
228 235 7520
215 557 7520
214 535 7520
221 728 7520
184 640 7520
260 644 7520
193 316 7520
107 277 7520
258 293 7520
181 657 7520
32 63 7520
6 281 7520
23 417 7520
343 692 7520
245 751 7520
68 321 7520
318 331 7520
6 412 7520
249 307 7520
269 476 7520
46 345 7520
252 666 7520
289 702 7520
58 525 7520
104 711 7520
87 727 7520
135 695 7520
293 348 7520
18 167 7520
318 642 7520
159 748 7520
107 306 7520
30 636 7520
315 493 7520
226 487 7520
277 717 7520
17 424 7520
151 402 7520
43 482 7520
177 395 7520
258 322 7520
107 390 7520
138 734 7520
103 268 7520
286 329 7520
36 702 7520
180 321 7520
132 507 7520
40 548 7520
263 519 7520
114 380 7520
57 329 7520
111 247 7520
91 237 7520
41 579 7520
201 377 7520
172 357 7520
307 656 7520
264 682 7520
250 435 7520
359 643 7520
171 745 7520
176 477 7520
285 301 7520
44 659 7520
3 363 7520
144 580 7520
132 150 7520
52 534 7520
371 593 7520
53 702 7520
339 735 7520
220 429 7520
248 372 7520
350 526 7520
305 556 7520
275 702 7520
16 466 7520
322 420 7520
98 493 7520
167 437 7520
242 724 7520
53 214 7520
215 330 7520
257 401 7520
313 337 7520
131 425 7520
265 459 7520
312 555 7520
183 273 7520
164 339 7520
127 477 7520
122 595 7520
102 713 7520
72 435 7520
62 593 7520
251 692 7520
207 569 7520
331 446 7520
252 582 7520
68 272 7520
212 543 7520
247 704 7520
204 699 7520
125 586 7520
75 510 7520
316 449 7520
212 355 7520
201 542 7520
301 524 7520
18 149 7520
181 402 7520
35 312 7520
5 157 7520
370 694 7520
195 436 7520
217 535 7520
358 634 7520
49 118 7520
19 310 7520
272 568 7520
194 218 7520
68 314 7520
192 316 7520
29 371 7520
339 653 7520
213 298 7520
361 515 7520
156 659 7520
81 139 7520
115 157 7520
168 481 7520
6 510 7520
176 582 7520
301 555 7520
165 510 7520
241 544 7520
325 554 7520
99 310 7520
123 485 7520
57 595 7520
374 745 7520
267 637 7520
367 670 7520
319 498 7520
196 373 7520
91 209 7520
4 420 7520
189 512 7520
95 246 7520
107 569 7520
15 546 7520
96 698 7520
132 655 7520
160 712 7520
134 480 7520
48 508 7520
173 484 7520
223 356 7520
363 506 7520
64 618 7520
188 531 7520
232 639 7520
61 144 7520
199 509 7520
91 736 7520
109 697 7520
130 252 7520
352 380 7520
182 505 7520
14 187 7520
24 537 7520
261 503 7520
221 474 7520
22 277 7520
162 235 7520
199 463 7520
271 691 7520
135 142 7520
322 497 7520
340 640 7520
294 546 7520
275 333 7520
300 714 7520
97 626 7520
297 446 7520
307 335 7520
364 591 7520
303 476 7520
84 110 7520
139 678 7520
21 56 7520
22 155 7520
42 181 7520
127 237 7520
210 688 7520
55 495 7520
354 545 7520
236 376 7520
47 400 7520
26 98 7520
99 694 7520
142 201 7520
226 344 7520
306 560 7520
172 234 7520
171 666 7520
161 421 7520
259 625 7520
334 719 7520
144 443 7520
94 496 7520
282 404 7520
306 748 7520
360 543 7520
94 549 7520
7 317 7520
149 408 7520
133 487 7520
9 610 7520
130 653 7520
70 80 7520
170 468 7520
347 605 7520
242 363 7520
203 403 7520
252 306 7520
232 271 7520
236 598 7520
187 192 7520
347 739 7520
205 727 7520
245 369 7520
322 403 7520
317 715 7520
138 426 7520
284 641 7520
234 382 7520
320 341 7520
35 225 7520
116 511 7520
