0 1 7560
1 2 7560
2 3 7560
3 4 7560
4 5 7560
5 6 7560
6 7 7560
7 8 7560
8 9 7560
9 10 7560
10 11 7560
11 12 7560
12 13 7560
13 14 7560
14 15 7560
15 16 7560
16 17 7560
17 18 7560
18 19 7560
19 20 7560
20 21 7560
21 22 7560
22 23 7560
23 24 7560
24 25 7560
25 26 7560
26 27 7560
27 28 7560
28 29 7560
29 30 7560
30 31 7560
31 32 7560
32 33 7560
33 34 7560
34 35 7560
35 36 7560
36 37 7560
37 38 7560
38 39 7560
39 40 7560
40 41 7560
41 42 7560
42 43 7560
43 44 7560
44 45 7560
45 46 7560
46 47 7560
47 48 7560
48 49 7560
49 50 7560
50 51 7560
51 52 7560
52 53 7560
53 54 7560
54 55 7560
55 56 7560
56 57 7560
57 58 7560
58 59 7560
59 60 7560
60 61 7560
61 62 7560
62 63 7560
63 64 7560
64 65 7560
65 66 7560
66 67 7560
67 68 7560
68 69 7560
69 70 7560
70 71 7560
71 72 7560
72 73 7560
73 74 7560
74 75 7560
75 76 7560
76 77 7560
77 78 7560
78 79 7560
79 80 7560
80 81 7560
81 82 7560
82 83 7560
83 84 7560
84 85 7560
85 86 7560
86 87 7560
87 88 7560
88 89 7560
89 90 7560
90 91 7560
91 92 7560
92 93 7560
93 94 7560
94 95 7560
95 96 7560
96 97 7560
97 98 7560
98 99 7560
99 100 7560
100 101 7560
101 102 7560
102 103 7560
103 104 7560
104 105 7560
105 106 7560
106 107 7560
107 108 7560
108 109 7560
109 110 7560
110 111 7560
111 112 7560
112 113 7560
113 114 7560
114 115 7560
115 116 7560
116 117 7560
117 118 7560
118 119 7560
119 120 7560
120 121 7560
121 122 7560
122 123 7560
123 124 7560
124 125 7560
125 126 7560
126 127 7560
127 128 7560
128 129 7560
129 130 7560
130 131 7560
131 132 7560
132 133 7560
133 134 7560
134 135 7560
135 136 7560
136 137 7560
137 138 7560
138 139 7560
139 140 7560
140 141 7560
141 142 7560
142 143 7560
143 144 7560
144 145 7560
145 146 7560
146 147 7560
147 148 7560
148 149 7560
149 150 7560
150 151 7560
151 152 7560
152 153 7560
153 154 7560
154 155 7560
155 156 7560
156 157 7560
157 158 7560
158 159 7560
159 160 7560
160 161 7560
161 162 7560
162 163 7560
163 164 7560
164 165 7560
165 166 7560
166 167 7560
167 168 7560
168 169 7560
169 170 7560
170 171 7560
171 172 7560
172 173 7560
173 174 7560
174 175 7560
175 176 7560
176 177 7560
177 178 7560
178 179 7560
179 180 7560
180 181 7560
181 182 7560
182 183 7560
183 184 7560
184 185 7560
185 186 7560
186 187 7560
187 188 7560
188 189 7560
189 190 7560
190 191 7560
191 192 7560
192 193 7560
193 194 7560
194 195 7560
195 196 7560
196 197 7560
197 198 7560
198 199 7560
199 200 7560
200 201 7560
201 202 7560
202 203 7560
203 204 7560
204 205 7560
205 206 7560
206 207 7560
207 208 7560
208 209 7560
209 210 7560
210 211 7560
211 212 7560
212 213 7560
213 214 7560
214 215 7560
215 216 7560
216 217 7560
217 218 7560
218 219 7560
219 220 7560
220 221 7560
221 222 7560
222 223 7560
223 224 7560
224 225 7560
225 226 7560
226 227 7560
227 228 7560
228 229 7560
229 230 7560
230 231 7560
231 232 7560
232 233 7560
233 234 7560
234 235 7560
235 236 7560
236 237 7560
237 238 7560
238 239 7560
239 240 7560
240 241 7560
241 242 7560
242 243 7560
243 244 7560
244 245 7560
245 246 7560
246 247 7560
247 248 7560
248 249 7560
249 250 7560
250 251 7560
251 252 7560
252 253 7560
253 254 7560
254 255 7560
255 256 7560
256 257 7560
257 258 7560
258 259 7560
259 260 7560
260 261 7560
261 262 7560
262 263 7560
263 264 7560
264 265 7560
265 266 7560
266 267 7560
267 268 7560
268 269 7560
269 270 7560
270 271 7560
271 272 7560
272 273 7560
273 274 7560
274 275 7560
275 276 7560
276 277 7560
277 278 7560
278 279 7560
279 280 7560
280 281 7560
281 282 7560
282 283 7560
283 284 7560
284 285 7560
285 286 7560
286 287 7560
287 288 7560
288 289 7560
289 290 7560
290 291 7560
291 292 7560
292 293 7560
293 294 7560
294 295 7560
295 296 7560
296 297 7560
297 298 7560
298 299 7560
299 300 7560
300 301 7560
301 302 7560
302 303 7560
303 304 7560
304 305 7560
305 306 7560
306 307 7560
307 308 7560
308 309 7560
309 310 7560
310 311 7560
311 312 7560
312 313 7560
313 314 7560
314 315 7560
315 316 7560
316 317 7560
317 318 7560
318 319 7560
319 320 7560
320 321 7560
321 322 7560
322 323 7560
323 324 7560
324 325 7560
325 326 7560
326 327 7560
327 328 7560
328 329 7560
329 330 7560
330 331 7560
331 332 7560
332 333 7560
333 334 7560
334 335 7560
335 336 7560
336 337 7560
337 338 7560
338 339 7560
339 340 7560
340 341 7560
341 342 7560
342 343 7560
343 344 7560
344 345 7560
345 346 7560
346 347 7560
347 348 7560
348 349 7560
349 350 7560
350 351 7560
351 352 7560
352 353 7560
353 354 7560
354 355 7560
355 356 7560
356 357 7560
357 358 7560
358 359 7560
359 360 7560
360 361 7560
361 362 7560
362 363 7560
363 364 7560
364 365 7560
365 366 7560
366 367 7560
367 368 7560
368 369 7560
369 370 7560
370 371 7560
371 372 7560
372 373 7560
373 374 7560
374 375 7560
375 376 7560
376 377 7560
377 378 7560
378 379 7560
379 380 7560
380 381 7560
381 382 7560
382 383 7560
383 384 7560
384 385 7560
385 386 7560
386 387 7560
387 388 7560
388 389 7560
389 390 7560
390 391 7560
391 392 7560
392 393 7560
393 394 7560
394 395 7560
395 396 7560
396 397 7560
397 398 7560
398 399 7560
399 400 7560
400 401 7560
401 402 7560
402 403 7560
403 404 7560
404 405 7560
405 406 7560
406 407 7560
407 408 7560
408 409 7560
409 410 7560
410 411 7560
411 412 7560
412 413 7560
413 414 7560
414 415 7560
415 416 7560
416 417 7560
417 418 7560
418 419 7560
419 420 7560
420 421 7560
421 422 7560
422 423 7560
423 424 7560
424 425 7560
425 426 7560
426 427 7560
427 428 7560
428 429 7560
429 430 7560
430 431 7560
431 432 7560
432 433 7560
433 434 7560
434 435 7560
435 436 7560
436 437 7560
437 438 7560
438 439 7560
439 440 7560
440 441 7560
441 442 7560
442 443 7560
443 444 7560
444 445 7560
445 446 7560
446 447 7560
447 448 7560
448 449 7560
449 450 7560
450 451 7560
451 452 7560
452 453 7560
453 454 7560
454 455 7560
455 456 7560
456 457 7560
457 458 7560
458 459 7560
459 460 7560
460 461 7560
461 462 7560
462 463 7560
463 464 7560
464 465 7560
465 466 7560
466 467 7560
467 468 7560
468 469 7560
469 470 7560
470 471 7560
471 472 7560
472 473 7560
473 474 7560
474 475 7560
475 476 7560
476 477 7560
477 478 7560
478 479 7560
479 480 7560
480 481 7560
481 482 7560
482 483 7560
483 484 7560
484 485 7560
485 486 7560
486 487 7560
487 488 7560
488 489 7560
489 490 7560
490 491 7560
491 492 7560
492 493 7560
493 494 7560
494 495 7560
495 496 7560
496 497 7560
497 498 7560
498 499 7560
499 500 7560
500 501 7560
501 502 7560
502 503 7560
503 504 7560
504 505 7560
505 506 7560
506 507 7560
507 508 7560
508 509 7560
509 510 7560
510 511 7560
511 512 7560
512 513 7560
513 514 7560
514 515 7560
515 516 7560
516 517 7560
517 518 7560
518 519 7560
519 520 7560
520 521 7560
521 522 7560
522 523 7560
523 524 7560
524 525 7560
525 526 7560
526 527 7560
527 528 7560
528 529 7560
529 530 7560
530 531 7560
531 532 7560
532 533 7560
533 534 7560
534 535 7560
535 536 7560
536 537 7560
537 538 7560
538 539 7560
539 540 7560
540 541 7560
541 542 7560
542 543 7560
543 544 7560
544 545 7560
545 546 7560
546 547 7560
547 548 7560
548 549 7560
549 550 7560
550 551 7560
551 552 7560
552 553 7560
553 554 7560
554 555 7560
555 556 7560
556 557 7560
557 558 7560
558 559 7560
559 560 7560
560 561 7560
561 562 7560
562 563 7560
563 564 7560
564 565 7560
565 566 7560
566 567 7560
567 568 7560
568 569 7560
569 570 7560
570 571 7560
571 572 7560
572 573 7560
573 574 7560
574 575 7560
575 576 7560
576 577 7560
577 578 7560
578 579 7560
579 580 7560
580 581 7560
581 582 7560
582 583 7560
583 584 7560
584 585 7560
585 586 7560
586 587 7560
587 588 7560
588 589 7560
589 590 7560
590 591 7560
591 592 7560
592 593 7560
593 594 7560
594 595 7560
595 596 7560
596 597 7560
597 598 7560
598 599 7560
599 600 7560
600 601 7560
601 602 7560
602 603 7560
603 604 7560
604 605 7560
605 606 7560
606 607 7560
607 608 7560
608 609 7560
609 610 7560
610 611 7560
611 612 7560
612 613 7560
613 614 7560
614 615 7560
615 616 7560
616 617 7560
617 618 7560
618 619 7560
619 620 7560
620 621 7560
621 622 7560
622 623 7560
623 624 7560
624 625 7560
625 626 7560
626 627 7560
627 628 7560
628 629 7560
629 630 7560
630 631 7560
631 632 7560
632 633 7560
633 634 7560
634 635 7560
635 636 7560
636 637 7560
637 638 7560
638 639 7560
639 640 7560
640 641 7560
641 642 7560
642 643 7560
643 644 7560
644 645 7560
645 646 7560
646 647 7560
647 648 7560
648 649 7560
649 650 7560
650 651 7560
651 652 7560
652 653 7560
653 654 7560
654 655 7560
655 656 7560
656 657 7560
657 658 7560
658 659 7560
659 660 7560
660 661 7560
661 662 7560
662 663 7560
663 664 7560
664 665 7560
665 666 7560
666 667 7560
667 668 7560
668 669 7560
669 670 7560
670 671 7560
671 672 7560
672 673 7560
673 674 7560
674 675 7560
675 676 7560
676 677 7560
677 678 7560
678 679 7560
679 680 7560
680 681 7560
681 682 7560
682 683 7560
683 684 7560
684 685 7560
685 686 7560
686 687 7560
687 688 7560
688 689 7560
689 690 7560
690 691 7560
691 692 7560
692 693 7560
693 694 7560
694 695 7560
695 696 7560
696 697 7560
697 698 7560
698 699 7560
699 700 7560
700 701 7560
701 702 7560
702 703 7560
703 704 7560
704 705 7560
705 706 7560
706 707 7560
707 708 7560
708 709 7560
709 710 7560
710 711 7560
711 712 7560
712 713 7560
713 714 7560
714 715 7560
715 716 7560
716 717 7560
717 718 7560
718 719 7560
719 720 7560
720 721 7560
721 722 7560
722 723 7560
723 724 7560
724 725 7560
725 726 7560
726 727 7560
727 728 7560
728 729 7560
729 730 7560
730 731 7560
731 732 7560
732 733 7560
733 734 7560
734 735 7560
735 736 7560
736 737 7560
737 738 7560
738 739 7560
739 740 7560
740 741 7560
741 742 7560
742 743 7560
743 744 7560
744 745 7560
745 746 7560
746 747 7560
747 748 7560
748 749 7560
749 750 7560
750 751 7560
751 752 7560
752 753 7560
753 754 7560
754 755 7560
246 553 7560
363 644 7560
41 561 7560
36 243 7560
60 555 7560
43 362 7560
34 182 7560
161 636 7560
123 646 7560
32 691 7560
50 578 7560
57 547 7560
25 558 7560
278 363 7560
83 450 7560
148 418 7560
161 676 7560
52 375 7560
88 276 7560
51 420 7560
254 376 7560
266 397 7560
287 496 7560
274 727 7560
245 708 7560
143 210 7560
141 735 7560
173 265 7560
232 369 7560
165 231 7560
107 480 7560
38 449 7560
293 620 7560
366 449 7560
321 393 7560
27 439 7560
312 336 7560
273 480 7560
89 433 7560
3 151 7560
168 190 7560
44 625 7560
325 334 7560
80 475 7560
55 332 7560
78 603 7560
143 719 7560
8 72 7560
240 726 7560
312 494 7560
208 640 7560
3 614 7560
232 281 7560
77 660 7560
266 353 7560
104 576 7560
115 550 7560
77 179 7560
23 502 7560
83 554 7560
334 750 7560
202 487 7560
22 713 7560
192 382 7560
200 449 7560
331 420 7560
146 291 7560
168 226 7560
153 510 7560
27 626 7560
124 337 7560
119 494 7560
279 309 7560
155 500 7560
338 483 7560
281 308 7560
260 272 7560
60 607 7560
221 576 7560
280 427 7560
342 472 7560
268 548 7560
269 379 7560
217 369 7560
170 644 7560
291 491 7560
98 269 7560
5 331 7560
119 431 7560
263 612 7560
10 464 7560
86 566 7560
179 206 7560
187 409 7560
244 473 7560
317 752 7560
79 464 7560
121 383 7560
87 539 7560
86 391 7560
285 619 7560
368 665 7560
66 723 7560
232 447 7560
227 324 7560
66 491 7560
96 100 7560
97 514 7560
152 352 7560
308 419 7560
147 325 7560
362 609 7560
268 746 7560
16 690 7560
233 600 7560
84 437 7560
135 444 7560
158 660 7560
215 304 7560
118 722 7560
302 453 7560
68 508 7560
164 631 7560
356 587 7560
266 673 7560
9 513 7560
344 516 7560
208 555 7560
189 639 7560
237 361 7560
283 304 7560
342 650 7560
219 449 7560
318 404 7560
174 463 7560
176 269 7560
253 634 7560
195 310 7560
191 584 7560
99 263 7560
142 257 7560
325 720 7560
100 350 7560
58 319 7560
218 377 7560
327 542 7560
172 506 7560
5 621 7560
26 512 7560
17 534 7560
308 565 7560
180 497 7560
250 605 7560
377 612 7560
300 470 7560
203 675 7560
279 603 7560
215 635 7560
6 367 7560
355 495 7560
151 412 7560
49 75 7560
214 276 7560
192 693 7560
47 511 7560
315 375 7560
275 677 7560
65 461 7560
180 657 7560
206 547 7560
76 401 7560
115 745 7560
4 80 7560
242 710 7560
180 210 7560
224 253 7560
133 307 7560
230 611 7560
370 404 7560
372 570 7560
192 406 7560
107 288 7560
14 112 7560
272 300 7560
260 436 7560
237 356 7560
80 723 7560
371 489 7560
114 552 7560
320 337 7560
343 384 7560
165 754 7560
30 292 7560
351 670 7560
305 665 7560
189 338 7560
9 359 7560
282 690 7560
193 439 7560
219 479 7560
378 590 7560
43 634 7560
215 729 7560
62 388 7560
335 733 7560
9 336 7560
37 631 7560
366 729 7560
374 606 7560
47 381 7560
5 244 7560
356 437 7560
96 264 7560
112 552 7560
214 407 7560
39 649 7560
46 710 7560
151 344 7560
270 732 7560
66 299 7560
40 571 7560
46 396 7560
139 596 7560
257 731 7560
346 681 7560
324 517 7560
157 240 7560
27 225 7560
173 603 7560
312 409 7560
295 609 7560
294 741 7560
198 451 7560
205 276 7560
331 416 7560
301 392 7560
228 479 7560
290 520 7560
322 576 7560
7 467 7560
261 722 7560
182 253 7560
114 381 7560
37 355 7560
355 383 7560
117 702 7560
259 649 7560
125 342 7560
376 602 7560
262 604 7560
25 334 7560
58 385 7560
285 625 7560
282 314 7560
220 735 7560
109 472 7560
334 486 7560
219 467 7560
15 111 7560
28 454 7560
69 390 7560
337 743 7560
164 210 7560
117 606 7560
210 405 7560
180 699 7560
294 306 7560
331 512 7560
5 467 7560
202 429 7560
112 718 7560
259 289 7560
10 310 7560
189 239 7560
338 715 7560
366 682 7560
274 358 7560
183 531 7560
255 625 7560
366 529 7560
198 488 7560
272 608 7560
193 567 7560
331 430 7560
354 587 7560
300 587 7560
299 375 7560
170 453 7560
211 679 7560
313 573 7560
228 718 7560
228 651 7560
53 193 7560
193 449 7560
74 312 7560
164 385 7560
267 611 7560
273 683 7560
76 496 7560
205 366 7560
345 701 7560
107 387 7560
291 411 7560
329 507 7560
93 187 7560
213 539 7560
250 630 7560
287 363 7560
318 385 7560
292 388 7560
94 267 7560
32 450 7560
321 618 7560
208 426 7560
182 206 7560
145 429 7560
163 734 7560
302 654 7560
130 354 7560
173 722 7560
157 296 7560
72 443 7560
253 681 7560
185 654 7560
85 748 7560
128 546 7560
39 191 7560
187 534 7560
177 458 7560
306 410 7560
116 583 7560
153 362 7560
236 258 7560
362 738 7560
173 259 7560
298 475 7560
378 430 7560
73 309 7560
147 456 7560
148 366 7560
343 638 7560
301 670 7560
4 115 7560
370 501 7560
99 443 7560
136 332 7560
119 140 7560
250 685 7560
184 209 7560
297 734 7560
57 725 7560
23 397 7560
238 497 7560
96 98 7560
178 362 7560
263 436 7560
129 229 7560
127 270 7560
314 456 7560
308 642 7560
365 577 7560
106 695 7560
296 313 7560
112 341 7560
114 292 7560
216 735 7560
138 638 7560
130 703 7560
248 351 7560
276 556 7560
85 128 7560
265 426 7560
54 108 7560
209 364 7560
57 204 7560
247 371 7560
53 516 7560
376 694 7560
338 606 7560
285 380 7560
183 519 7560
236 540 7560
261 497 7560
12 456 7560
315 553 7560
244 605 7560
150 614 7560
49 427 7560
374 755 7560
157 190 7560
272 423 7560
224 403 7560
278 452 7560
118 309 7560
204 389 7560
374 496 7560
88 520 7560
208 660 7560
51 527 7560
85 524 7560
315 365 7560
166 180 7560
252 753 7560
270 399 7560
201 375 7560
318 394 7560
377 612 7560
282 621 7560
369 749 7560
19 483 7560
55 138 7560
326 556 7560
208 370 7560
331 390 7560
100 363 7560
370 489 7560
234 602 7560
248 695 7560
135 471 7560
158 517 7560
319 345 7560
156 411 7560
200 739 7560
75 114 7560
243 588 7560
154 610 7560
355 509 7560
243 545 7560
207 436 7560
199 595 7560
115 332 7560
288 683 7560
267 393 7560
287 291 7560
159 229 7560
238 384 7560
263 692 7560
126 303 7560
226 424 7560
206 391 7560
335 407 7560
224 465 7560
186 600 7560
304 483 7560
102 560 7560
100 556 7560
320 334 7560
215 700 7560
362 546 7560
215 491 7560
79 173 7560
160 229 7560
21 242 7560
325 375 7560
49 169 7560
59 717 7560
88 206 7560
302 459 7560
149 350 7560
167 451 7560
148 240 7560
44 77 7560
281 534 7560
101 145 7560
26 249 7560
45 331 7560
71 299 7560
210 297 7560
39 44 7560
272 629 7560
183 439 7560
47 435 7560
294 525 7560
228 689 7560
285 738 7560
184 565 7560
263 477 7560
112 256 7560
367 608 7560
46 408 7560
286 650 7560
169 285 7560
18 602 7560
272 664 7560
124 223 7560
233 675 7560
146 718 7560
314 497 7560
236 527 7560
194 456 7560
244 538 7560
5 134 7560
87 546 7560
259 474 7560
299 715 7560
130 465 7560
314 557 7560
290 451 7560
16 221 7560
89 199 7560
189 551 7560
294 305 7560
47 104 7560
351 506 7560
172 709 7560
152 692 7560
28 641 7560
316 612 7560
96 372 7560
88 601 7560
360 555 7560
106 620 7560
288 438 7560
44 103 7560
70 684 7560
342 717 7560
175 246 7560
135 701 7560
286 494 7560
279 472 7560
368 511 7560
202 505 7560
17 656 7560
348 716 7560
4 610 7560
124 155 7560
171 537 7560
347 500 7560
282 754 7560
359 429 7560
156 702 7560
120 129 7560
31 701 7560
374 494 7560
214 311 7560
373 661 7560
351 486 7560
333 684 7560
179 643 7560
346 446 7560
202 463 7560
170 594 7560
286 550 7560
275 671 7560
171 265 7560
267 413 7560
28 357 7560
103 183 7560
306 470 7560
301 447 7560
182 550 7560
182 477 7560
175 596 7560
198 536 7560
313 720 7560
131 729 7560
56 189 7560
31 341 7560
232 414 7560
183 569 7560
5 53 7560
135 550 7560
282 341 7560
14 114 7560
39 594 7560
25 603 7560
315 375 7560
236 390 7560
168 358 7560
267 602 7560
131 431 7560
331 520 7560
34 62 7560
2 15 7560
101 564 7560
274 568 7560
41 378 7560
16 173 7560
365 488 7560
244 643 7560
139 273 7560
75 265 7560
258 475 7560
115 412 7560
29 266 7560
256 371 7560
110 394 7560
81 627 7560
329 595 7560
333 695 7560
118 185 7560
59 256 7560
164 696 7560
63 218 7560
93 562 7560
257 544 7560
102 348 7560
178 411 7560
126 209 7560
194 335 7560
9 176 7560
279 645 7560
57 94 7560
307 494 7560
48 472 7560
38 443 7560
63 243 7560
232 333 7560
283 628 7560
55 453 7560
353 686 7560
11 141 7560
375 547 7560
227 401 7560
298 673 7560
207 585 7560
120 401 7560
29 192 7560
335 376 7560
367 735 7560
117 373 7560
353 362 7560
240 709 7560
365 372 7560
240 689 7560
221 380 7560
33 571 7560
247 382 7560
112 561 7560
110 439 7560
173 570 7560
373 691 7560
36 355 7560
171 281 7560
358 431 7560
121 708 7560
374 516 7560
35 186 7560
136 664 7560
201 341 7560
312 662 7560
174 720 7560
224 528 7560
183 308 7560
368 547 7560
46 463 7560
152 638 7560
234 637 7560
198 334 7560
57 104 7560
171 197 7560
302 436 7560
80 355 7560
285 526 7560
223 691 7560
306 376 7560
290 469 7560
72 599 7560
16 718 7560
345 709 7560
132 260 7560
311 509 7560
153 270 7560
149 539 7560
176 184 7560
372 432 7560
263 529 7560
361 518 7560
44 669 7560
245 292 7560
241 605 7560
188 253 7560
138 482 7560
357 706 7560
333 441 7560
219 658 7560
286 713 7560
153 685 7560
300 400 7560
231 428 7560
104 612 7560
1 624 7560
60 400 7560
320 374 7560
133 230 7560
199 461 7560
112 344 7560
106 439 7560
288 660 7560
32 751 7560
162 644 7560
316 433 7560
276 444 7560
258 432 7560
117 521 7560
95 204 7560
62 86 7560
120 215 7560
153 574 7560
106 722 7560
139 295 7560
311 411 7560
376 676 7560
377 478 7560
128 223 7560
241 568 7560
25 644 7560
298 673 7560
199 667 7560
124 336 7560
232 386 7560
295 727 7560
185 476 7560
96 165 7560
47 458 7560
123 332 7560
109 198 7560
261 329 7560
359 639 7560
214 585 7560
77 155 7560
266 486 7560
132 355 7560
236 653 7560
256 305 7560
113 507 7560
156 229 7560
300 554 7560
267 542 7560
254 723 7560
376 429 7560
197 464 7560
160 393 7560
279 426 7560
58 532 7560
152 660 7560
275 695 7560
235 688 7560
72 286 7560
325 700 7560
281 670 7560
234 531 7560
248 364 7560
287 332 7560
224 290 7560
146 184 7560
373 532 7560
297 642 7560
33 242 7560
129 732 7560
107 132 7560
130 448 7560
271 566 7560
