0 1 7600
1 2 7600
2 3 7600
3 4 7600
4 5 7600
5 6 7600
6 7 7600
7 8 7600
8 9 7600
9 10 7600
10 11 7600
11 12 7600
12 13 7600
13 14 7600
14 15 7600
15 16 7600
16 17 7600
17 18 7600
18 19 7600
19 20 7600
20 21 7600
21 22 7600
22 23 7600
23 24 7600
24 25 7600
25 26 7600
26 27 7600
27 28 7600
28 29 7600
29 30 7600
30 31 7600
31 32 7600
32 33 7600
33 34 7600
34 35 7600
35 36 7600
36 37 7600
37 38 7600
38 39 7600
39 40 7600
40 41 7600
41 42 7600
42 43 7600
43 44 7600
44 45 7600
45 46 7600
46 47 7600
47 48 7600
48 49 7600
49 50 7600
50 51 7600
51 52 7600
52 53 7600
53 54 7600
54 55 7600
55 56 7600
56 57 7600
57 58 7600
58 59 7600
59 60 7600
60 61 7600
61 62 7600
62 63 7600
63 64 7600
64 65 7600
65 66 7600
66 67 7600
67 68 7600
68 69 7600
69 70 7600
70 71 7600
71 72 7600
72 73 7600
73 74 7600
74 75 7600
75 76 7600
76 77 7600
77 78 7600
78 79 7600
79 80 7600
80 81 7600
81 82 7600
82 83 7600
83 84 7600
84 85 7600
85 86 7600
86 87 7600
87 88 7600
88 89 7600
89 90 7600
90 91 7600
91 92 7600
92 93 7600
93 94 7600
94 95 7600
95 96 7600
96 97 7600
97 98 7600
98 99 7600
99 100 7600
100 101 7600
101 102 7600
102 103 7600
103 104 7600
104 105 7600
105 106 7600
106 107 7600
107 108 7600
108 109 7600
109 110 7600
110 111 7600
111 112 7600
112 113 7600
113 114 7600
114 115 7600
115 116 7600
116 117 7600
117 118 7600
118 119 7600
119 120 7600
120 121 7600
121 122 7600
122 123 7600
123 124 7600
124 125 7600
125 126 7600
126 127 7600
127 128 7600
128 129 7600
129 130 7600
130 131 7600
131 132 7600
132 133 7600
133 134 7600
134 135 7600
135 136 7600
136 137 7600
137 138 7600
138 139 7600
139 140 7600
140 141 7600
141 142 7600
142 143 7600
143 144 7600
144 145 7600
145 146 7600
146 147 7600
147 148 7600
148 149 7600
149 150 7600
150 151 7600
151 152 7600
152 153 7600
153 154 7600
154 155 7600
155 156 7600
156 157 7600
157 158 7600
158 159 7600
159 160 7600
160 161 7600
161 162 7600
162 163 7600
163 164 7600
164 165 7600
165 166 7600
166 167 7600
167 168 7600
168 169 7600
169 170 7600
170 171 7600
171 172 7600
172 173 7600
173 174 7600
174 175 7600
175 176 7600
176 177 7600
177 178 7600
178 179 7600
179 180 7600
180 181 7600
181 182 7600
182 183 7600
183 184 7600
184 185 7600
185 186 7600
186 187 7600
187 188 7600
188 189 7600
189 190 7600
190 191 7600
191 192 7600
192 193 7600
193 194 7600
194 195 7600
195 196 7600
196 197 7600
197 198 7600
198 199 7600
199 200 7600
200 201 7600
201 202 7600
202 203 7600
203 204 7600
204 205 7600
205 206 7600
206 207 7600
207 208 7600
208 209 7600
209 210 7600
210 211 7600
211 212 7600
212 213 7600
213 214 7600
214 215 7600
215 216 7600
216 217 7600
217 218 7600
218 219 7600
219 220 7600
220 221 7600
221 222 7600
222 223 7600
223 224 7600
224 225 7600
225 226 7600
226 227 7600
227 228 7600
228 229 7600
229 230 7600
230 231 7600
231 232 7600
232 233 7600
233 234 7600
234 235 7600
235 236 7600
236 237 7600
237 238 7600
238 239 7600
239 240 7600
240 241 7600
241 242 7600
242 243 7600
243 244 7600
244 245 7600
245 246 7600
246 247 7600
247 248 7600
248 249 7600
249 250 7600
250 251 7600
251 252 7600
252 253 7600
253 254 7600
254 255 7600
255 256 7600
256 257 7600
257 258 7600
258 259 7600
259 260 7600
260 261 7600
261 262 7600
262 263 7600
263 264 7600
264 265 7600
265 266 7600
266 267 7600
267 268 7600
268 269 7600
269 270 7600
270 271 7600
271 272 7600
272 273 7600
273 274 7600
274 275 7600
275 276 7600
276 277 7600
277 278 7600
278 279 7600
279 280 7600
280 281 7600
281 282 7600
282 283 7600
283 284 7600
284 285 7600
285 286 7600
286 287 7600
287 288 7600
288 289 7600
289 290 7600
290 291 7600
291 292 7600
292 293 7600
293 294 7600
294 295 7600
295 296 7600
296 297 7600
297 298 7600
298 299 7600
299 300 7600
300 301 7600
301 302 7600
302 303 7600
303 304 7600
304 305 7600
305 306 7600
306 307 7600
307 308 7600
308 309 7600
309 310 7600
310 311 7600
311 312 7600
312 313 7600
313 314 7600
314 315 7600
315 316 7600
316 317 7600
317 318 7600
318 319 7600
319 320 7600
320 321 7600
321 322 7600
322 323 7600
323 324 7600
324 325 7600
325 326 7600
326 327 7600
327 328 7600
328 329 7600
329 330 7600
330 331 7600
331 332 7600
332 333 7600
333 334 7600
334 335 7600
335 336 7600
336 337 7600
337 338 7600
338 339 7600
339 340 7600
340 341 7600
341 342 7600
342 343 7600
343 344 7600
344 345 7600
345 346 7600
346 347 7600
347 348 7600
348 349 7600
349 350 7600
350 351 7600
351 352 7600
352 353 7600
353 354 7600
354 355 7600
355 356 7600
356 357 7600
357 358 7600
358 359 7600
359 360 7600
360 361 7600
361 362 7600
362 363 7600
363 364 7600
364 365 7600
365 366 7600
366 367 7600
367 368 7600
368 369 7600
369 370 7600
370 371 7600
371 372 7600
372 373 7600
373 374 7600
374 375 7600
375 376 7600
376 377 7600
377 378 7600
378 379 7600
379 380 7600
380 381 7600
381 382 7600
382 383 7600
383 384 7600
384 385 7600
385 386 7600
386 387 7600
387 388 7600
388 389 7600
389 390 7600
390 391 7600
391 392 7600
392 393 7600
393 394 7600
394 395 7600
395 396 7600
396 397 7600
397 398 7600
398 399 7600
399 400 7600
400 401 7600
401 402 7600
402 403 7600
403 404 7600
404 405 7600
405 406 7600
406 407 7600
407 408 7600
408 409 7600
409 410 7600
410 411 7600
411 412 7600
412 413 7600
413 414 7600
414 415 7600
415 416 7600
416 417 7600
417 418 7600
418 419 7600
419 420 7600
420 421 7600
421 422 7600
422 423 7600
423 424 7600
424 425 7600
425 426 7600
426 427 7600
427 428 7600
428 429 7600
429 430 7600
430 431 7600
431 432 7600
432 433 7600
433 434 7600
434 435 7600
435 436 7600
436 437 7600
437 438 7600
438 439 7600
439 440 7600
440 441 7600
441 442 7600
442 443 7600
443 444 7600
444 445 7600
445 446 7600
446 447 7600
447 448 7600
448 449 7600
449 450 7600
450 451 7600
451 452 7600
452 453 7600
453 454 7600
454 455 7600
455 456 7600
456 457 7600
457 458 7600
458 459 7600
459 460 7600
460 461 7600
461 462 7600
462 463 7600
463 464 7600
464 465 7600
465 466 7600
466 467 7600
467 468 7600
468 469 7600
469 470 7600
470 471 7600
471 472 7600
472 473 7600
473 474 7600
474 475 7600
475 476 7600
476 477 7600
477 478 7600
478 479 7600
479 480 7600
480 481 7600
481 482 7600
482 483 7600
483 484 7600
484 485 7600
485 486 7600
486 487 7600
487 488 7600
488 489 7600
489 490 7600
490 491 7600
491 492 7600
492 493 7600
493 494 7600
494 495 7600
495 496 7600
496 497 7600
497 498 7600
498 499 7600
499 500 7600
500 501 7600
501 502 7600
502 503 7600
503 504 7600
504 505 7600
505 506 7600
506 507 7600
507 508 7600
508 509 7600
509 510 7600
510 511 7600
511 512 7600
512 513 7600
513 514 7600
514 515 7600
515 516 7600
516 517 7600
517 518 7600
518 519 7600
519 520 7600
520 521 7600
521 522 7600
522 523 7600
523 524 7600
524 525 7600
525 526 7600
526 527 7600
527 528 7600
528 529 7600
529 530 7600
530 531 7600
531 532 7600
532 533 7600
533 534 7600
534 535 7600
535 536 7600
536 537 7600
537 538 7600
538 539 7600
539 540 7600
540 541 7600
541 542 7600
542 543 7600
543 544 7600
544 545 7600
545 546 7600
546 547 7600
547 548 7600
548 549 7600
549 550 7600
550 551 7600
551 552 7600
552 553 7600
553 554 7600
554 555 7600
555 556 7600
556 557 7600
557 558 7600
558 559 7600
559 560 7600
560 561 7600
561 562 7600
562 563 7600
563 564 7600
564 565 7600
565 566 7600
566 567 7600
567 568 7600
568 569 7600
569 570 7600
570 571 7600
571 572 7600
572 573 7600
573 574 7600
574 575 7600
575 576 7600
576 577 7600
577 578 7600
578 579 7600
579 580 7600
580 581 7600
581 582 7600
582 583 7600
583 584 7600
584 585 7600
585 586 7600
586 587 7600
587 588 7600
588 589 7600
589 590 7600
590 591 7600
591 592 7600
592 593 7600
593 594 7600
594 595 7600
595 596 7600
596 597 7600
597 598 7600
598 599 7600
599 600 7600
600 601 7600
601 602 7600
602 603 7600
603 604 7600
604 605 7600
605 606 7600
606 607 7600
607 608 7600
608 609 7600
609 610 7600
610 611 7600
611 612 7600
612 613 7600
613 614 7600
614 615 7600
615 616 7600
616 617 7600
617 618 7600
618 619 7600
619 620 7600
620 621 7600
621 622 7600
622 623 7600
623 624 7600
624 625 7600
625 626 7600
626 627 7600
627 628 7600
628 629 7600
629 630 7600
630 631 7600
631 632 7600
632 633 7600
633 634 7600
634 635 7600
635 636 7600
636 637 7600
637 638 7600
638 639 7600
639 640 7600
640 641 7600
641 642 7600
642 643 7600
643 644 7600
644 645 7600
645 646 7600
646 647 7600
647 648 7600
648 649 7600
649 650 7600
650 651 7600
651 652 7600
652 653 7600
653 654 7600
654 655 7600
655 656 7600
656 657 7600
657 658 7600
658 659 7600
659 660 7600
660 661 7600
661 662 7600
662 663 7600
663 664 7600
664 665 7600
665 666 7600
666 667 7600
667 668 7600
668 669 7600
669 670 7600
670 671 7600
671 672 7600
672 673 7600
673 674 7600
674 675 7600
675 676 7600
676 677 7600
677 678 7600
678 679 7600
679 680 7600
680 681 7600
681 682 7600
682 683 7600
683 684 7600
684 685 7600
685 686 7600
686 687 7600
687 688 7600
688 689 7600
689 690 7600
690 691 7600
691 692 7600
692 693 7600
693 694 7600
694 695 7600
695 696 7600
696 697 7600
697 698 7600
698 699 7600
699 700 7600
700 701 7600
701 702 7600
702 703 7600
703 704 7600
704 705 7600
705 706 7600
706 707 7600
707 708 7600
708 709 7600
709 710 7600
710 711 7600
711 712 7600
712 713 7600
713 714 7600
714 715 7600
715 716 7600
716 717 7600
717 718 7600
718 719 7600
719 720 7600
720 721 7600
721 722 7600
722 723 7600
723 724 7600
724 725 7600
725 726 7600
726 727 7600
727 728 7600
728 729 7600
729 730 7600
730 731 7600
731 732 7600
732 733 7600
733 734 7600
734 735 7600
735 736 7600
736 737 7600
737 738 7600
738 739 7600
739 740 7600
740 741 7600
741 742 7600
742 743 7600
743 744 7600
744 745 7600
745 746 7600
746 747 7600
747 748 7600
748 749 7600
749 750 7600
750 751 7600
751 752 7600
752 753 7600
753 754 7600
754 755 7600
755 756 7600
756 757 7600
757 758 7600
758 759 7600
39 305 7600
101 509 7600
234 343 7600
156 737 7600
319 616 7600
194 384 7600
232 342 7600
213 337 7600
374 613 7600
73 211 7600
60 298 7600
14 33 7600
137 586 7600
256 347 7600
152 633 7600
264 690 7600
164 441 7600
201 329 7600
56 325 7600
102 264 7600
189 293 7600
362 615 7600
272 341 7600
306 640 7600
87 579 7600
111 421 7600
189 471 7600
103 742 7600
342 678 7600
108 564 7600
174 277 7600
379 702 7600
173 698 7600
164 383 7600
28 437 7600
80 596 7600
172 741 7600
266 355 7600
180 381 7600
102 138 7600
117 244 7600
14 664 7600
1 33 7600
95 526 7600
107 670 7600
301 404 7600
320 329 7600
38 578 7600
264 460 7600
311 683 7600
29 362 7600
296 654 7600
103 258 7600
115 310 7600
17 85 7600
85 120 7600
349 480 7600
122 572 7600
98 748 7600
228 429 7600
355 365 7600
307 447 7600
124 166 7600
246 710 7600
314 330 7600
363 580 7600
90 291 7600
59 78 7600
206 536 7600
231 568 7600
123 443 7600
195 532 7600
296 567 7600
336 456 7600
328 452 7600
164 690 7600
54 148 7600
196 686 7600
353 650 7600
139 751 7600
180 359 7600
209 667 7600
250 303 7600
340 346 7600
46 368 7600
88 557 7600
150 376 7600
50 233 7600
226 622 7600
165 495 7600
230 632 7600
341 363 7600
287 551 7600
282 432 7600
257 554 7600
144 617 7600
375 669 7600
221 678 7600
273 591 7600
329 619 7600
26 746 7600
348 489 7600
202 368 7600
183 465 7600
210 546 7600
296 464 7600
97 525 7600
191 737 7600
217 707 7600
273 596 7600
10 120 7600
336 639 7600
320 481 7600
238 271 7600
261 457 7600
179 182 7600
7 665 7600
215 398 7600
233 698 7600
332 488 7600
147 374 7600
370 452 7600
132 612 7600
276 295 7600
149 559 7600
59 112 7600
242 286 7600
359 608 7600
123 430 7600
57 553 7600
17 361 7600
175 666 7600
216 235 7600
223 302 7600
103 223 7600
208 263 7600
46 108 7600
139 370 7600
21 288 7600
43 470 7600
67 322 7600
350 423 7600
215 305 7600
159 255 7600
352 425 7600
159 163 7600
1 180 7600
64 288 7600
319 631 7600
289 520 7600
226 454 7600
72 417 7600
15 213 7600
258 718 7600
80 666 7600
65 423 7600
187 726 7600
101 741 7600
380 695 7600
42 549 7600
377 633 7600
57 591 7600
303 730 7600
310 431 7600
129 370 7600
260 519 7600
261 601 7600
368 552 7600
209 625 7600
79 722 7600
27 557 7600
370 758 7600
301 483 7600
271 282 7600
9 365 7600
312 504 7600
279 691 7600
240 314 7600
209 501 7600
339 734 7600
83 520 7600
99 467 7600
7 478 7600
325 537 7600
287 393 7600
111 691 7600
350 531 7600
19 266 7600
128 378 7600
105 466 7600
41 614 7600
281 435 7600
281 566 7600
100 552 7600
78 570 7600
310 740 7600
367 649 7600
203 703 7600
335 671 7600
227 586 7600
187 206 7600
379 562 7600
180 434 7600
239 632 7600
176 428 7600
234 680 7600
239 255 7600
94 708 7600
100 717 7600
301 336 7600
233 728 7600
51 308 7600
295 540 7600
251 512 7600
63 323 7600
296 685 7600
11 154 7600
294 448 7600
171 670 7600
149 252 7600
343 477 7600
86 526 7600
30 478 7600
286 716 7600
74 664 7600
144 542 7600
208 743 7600
117 215 7600
273 342 7600
185 708 7600
201 560 7600
46 362 7600
292 367 7600
157 256 7600
139 628 7600
352 410 7600
78 480 7600
33 653 7600
117 314 7600
167 306 7600
67 563 7600
229 278 7600
267 427 7600
328 541 7600
130 574 7600
79 680 7600
125 604 7600
132 695 7600
252 281 7600
60 237 7600
111 334 7600
321 523 7600
163 586 7600
328 350 7600
271 693 7600
298 306 7600
349 611 7600
352 719 7600
197 390 7600
164 442 7600
188 263 7600
329 688 7600
368 476 7600
272 658 7600
310 407 7600
208 669 7600
32 670 7600
244 514 7600
120 258 7600
50 705 7600
158 432 7600
261 661 7600
198 685 7600
305 616 7600
209 451 7600
218 383 7600
146 716 7600
292 328 7600
329 619 7600
168 558 7600
299 325 7600
45 616 7600
59 658 7600
157 541 7600
193 245 7600
144 755 7600
187 259 7600
310 566 7600
223 253 7600
205 546 7600
34 115 7600
151 750 7600
221 529 7600
225 650 7600
14 245 7600
282 626 7600
186 230 7600
154 298 7600
57 92 7600
10 758 7600
138 282 7600
293 440 7600
28 334 7600
80 720 7600
218 483 7600
190 354 7600
175 512 7600
153 512 7600
127 508 7600
127 590 7600
197 427 7600
12 163 7600
61 218 7600
45 340 7600
378 483 7600
120 313 7600
105 414 7600
122 392 7600
46 246 7600
365 681 7600
126 158 7600
234 554 7600
272 441 7600
280 588 7600
99 366 7600
7 699 7600
86 302 7600
93 232 7600
376 538 7600
215 348 7600
279 281 7600
119 637 7600
64 424 7600
359 616 7600
190 493 7600
63 399 7600
316 712 7600
329 371 7600
237 505 7600
262 757 7600
253 539 7600
200 308 7600
297 716 7600
108 381 7600
205 571 7600
255 759 7600
96 679 7600
13 706 7600
294 567 7600
155 290 7600
146 705 7600
352 676 7600
258 424 7600
343 392 7600
293 523 7600
356 424 7600
256 612 7600
271 514 7600
276 585 7600
73 298 7600
143 495 7600
115 349 7600
110 590 7600
236 412 7600
140 203 7600
71 183 7600
300 660 7600
166 273 7600
194 507 7600
173 728 7600
105 546 7600
84 545 7600
25 566 7600
258 707 7600
367 749 7600
251 687 7600
283 599 7600
270 734 7600
209 646 7600
110 142 7600
363 445 7600
334 593 7600
183 556 7600
234 330 7600
363 536 7600
2 663 7600
187 362 7600
301 328 7600
38 380 7600
6 198 7600
244 351 7600
328 716 7600
61 759 7600
161 512 7600
351 637 7600
92 205 7600
109 260 7600
68 256 7600
249 319 7600
261 527 7600
233 268 7600
63 336 7600
272 620 7600
310 318 7600
252 365 7600
40 84 7600
317 425 7600
284 512 7600
68 230 7600
106 743 7600
236 580 7600
243 735 7600
93 461 7600
97 235 7600
205 753 7600
50 262 7600
158 185 7600
249 495 7600
285 287 7600
37 431 7600
369 438 7600
161 631 7600
357 740 7600
376 724 7600
168 370 7600
347 615 7600
69 368 7600
10 435 7600
294 355 7600
5 119 7600
162 435 7600
49 671 7600
369 726 7600
309 605 7600
320 583 7600
279 648 7600
165 637 7600
257 672 7600
129 497 7600
92 442 7600
312 461 7600
217 233 7600
281 405 7600
347 602 7600
13 151 7600
201 531 7600
228 546 7600
215 603 7600
35 222 7600
313 470 7600
291 648 7600
143 473 7600
214 397 7600
342 485 7600
376 581 7600
143 323 7600
202 717 7600
142 614 7600
17 606 7600
80 431 7600
14 388 7600
153 475 7600
364 501 7600
82 674 7600
295 550 7600
285 714 7600
10 321 7600
345 352 7600
111 530 7600
314 742 7600
328 556 7600
198 361 7600
221 511 7600
191 755 7600
365 486 7600
190 518 7600
369 738 7600
242 690 7600
90 391 7600
70 451 7600
112 514 7600
311 585 7600
192 442 7600
211 298 7600
186 594 7600
235 387 7600
298 353 7600
126 507 7600
231 244 7600
252 311 7600
161 440 7600
162 194 7600
113 741 7600
320 470 7600
307 606 7600
67 135 7600
297 658 7600
46 659 7600
5 86 7600
355 754 7600
250 495 7600
342 696 7600
274 614 7600
14 628 7600
104 425 7600
86 421 7600
103 637 7600
45 405 7600
60 511 7600
67 72 7600
114 554 7600
339 611 7600
265 391 7600
81 367 7600
340 597 7600
85 179 7600
135 737 7600
253 615 7600
116 362 7600
82 494 7600
253 389 7600
293 353 7600
120 624 7600
20 404 7600
267 658 7600
146 642 7600
217 606 7600
214 499 7600
7 75 7600
278 589 7600
114 656 7600
69 391 7600
60 507 7600
315 463 7600
274 433 7600
225 619 7600
317 558 7600
53 745 7600
74 387 7600
122 386 7600
366 477 7600
324 370 7600
372 479 7600
244 750 7600
336 535 7600
336 475 7600
274 394 7600
19 79 7600
330 417 7600
348 621 7600
100 234 7600
42 569 7600
130 586 7600
147 353 7600
346 471 7600
345 628 7600
46 337 7600
133 438 7600
253 740 7600
177 746 7600
40 263 7600
308 327 7600
96 700 7600
232 510 7600
219 247 7600
35 470 7600
88 343 7600
215 566 7600
180 759 7600
91 596 7600
160 525 7600
63 579 7600
245 288 7600
213 640 7600
268 411 7600
356 530 7600
221 687 7600
102 282 7600
134 686 7600
121 707 7600
96 676 7600
133 467 7600
26 108 7600
235 594 7600
364 392 7600
175 579 7600
267 318 7600
106 403 7600
97 370 7600
60 385 7600
28 368 7600
232 640 7600
298 468 7600
268 459 7600
220 522 7600
269 698 7600
211 349 7600
93 640 7600
253 719 7600
11 443 7600
123 377 7600
321 592 7600
296 567 7600
311 714 7600
192 412 7600
192 340 7600
117 134 7600
169 498 7600
259 567 7600
56 751 7600
88 220 7600
170 548 7600
152 452 7600
291 466 7600
275 355 7600
371 676 7600
276 564 7600
60 724 7600
293 332 7600
10 331 7600
255 553 7600
378 385 7600
99 318 7600
130 235 7600
120 737 7600
162 399 7600
270 334 7600
244 315 7600
200 274 7600
126 580 7600
376 645 7600
351 699 7600
130 217 7600
184 398 7600
106 490 7600
164 614 7600
29 641 7600
33 390 7600
316 687 7600
178 754 7600
39 577 7600
136 734 7600
239 422 7600
65 137 7600
78 470 7600
22 195 7600
260 520 7600
37 110 7600
25 714 7600
177 295 7600
24 701 7600
169 674 7600
372 554 7600
333 656 7600
156 646 7600
235 429 7600
45 515 7600
156 437 7600
9 450 7600
36 261 7600
229 729 7600
317 615 7600
82 211 7600
106 151 7600
73 682 7600
272 458 7600
31 387 7600
283 633 7600
77 178 7600
236 725 7600
217 388 7600
258 522 7600
65 311 7600
269 654 7600
319 696 7600
370 577 7600
130 203 7600
35 462 7600
134 348 7600
59 370 7600
353 422 7600
71 154 7600
350 363 7600
52 83 7600
234 428 7600
376 644 7600
282 645 7600
89 311 7600
166 261 7600
117 133 7600
295 562 7600
190 656 7600
353 514 7600
8 705 7600
23 422 7600
124 571 7600
195 423 7600
127 632 7600
282 677 7600
291 451 7600
147 270 7600
303 382 7600
169 178 7600
38 627 7600
362 675 7600
361 567 7600
367 492 7600
62 581 7600
334 377 7600
6 262 7600
31 163 7600
275 288 7600
175 523 7600
294 365 7600
16 384 7600
207 307 7600
115 390 7600
246 335 7600
92 601 7600
316 745 7600
201 216 7600
211 275 7600
72 388 7600
180 230 7600
46 659 7600
195 345 7600
147 326 7600
47 145 7600
16 44 7600
345 593 7600
324 340 7600
13 611 7600
1 437 7600
233 272 7600
135 398 7600
104 380 7600
182 614 7600
303 600 7600
75 304 7600
338 574 7600
195 300 7600
176 705 7600
217 734 7600
331 388 7600
226 357 7600
245 617 7600
266 536 7600
84 182 7600
117 574 7600
266 734 7600
174 181 7600
243 676 7600
35 287 7600
254 737 7600
259 579 7600
198 362 7600
104 238 7600
32 305 7600
