0 1 7640
1 2 7640
2 3 7640
3 4 7640
4 5 7640
5 6 7640
6 7 7640
7 8 7640
8 9 7640
9 10 7640
10 11 7640
11 12 7640
12 13 7640
13 14 7640
14 15 7640
15 16 7640
16 17 7640
17 18 7640
18 19 7640
19 20 7640
20 21 7640
21 22 7640
22 23 7640
23 24 7640
24 25 7640
25 26 7640
26 27 7640
27 28 7640
28 29 7640
29 30 7640
30 31 7640
31 32 7640
32 33 7640
33 34 7640
34 35 7640
35 36 7640
36 37 7640
37 38 7640
38 39 7640
39 40 7640
40 41 7640
41 42 7640
42 43 7640
43 44 7640
44 45 7640
45 46 7640
46 47 7640
47 48 7640
48 49 7640
49 50 7640
50 51 7640
51 52 7640
52 53 7640
53 54 7640
54 55 7640
55 56 7640
56 57 7640
57 58 7640
58 59 7640
59 60 7640
60 61 7640
61 62 7640
62 63 7640
63 64 7640
64 65 7640
65 66 7640
66 67 7640
67 68 7640
68 69 7640
69 70 7640
70 71 7640
71 72 7640
72 73 7640
73 74 7640
74 75 7640
75 76 7640
76 77 7640
77 78 7640
78 79 7640
79 80 7640
80 81 7640
81 82 7640
82 83 7640
83 84 7640
84 85 7640
85 86 7640
86 87 7640
87 88 7640
88 89 7640
89 90 7640
90 91 7640
91 92 7640
92 93 7640
93 94 7640
94 95 7640
95 96 7640
96 97 7640
97 98 7640
98 99 7640
99 100 7640
100 101 7640
101 102 7640
102 103 7640
103 104 7640
104 105 7640
105 106 7640
106 107 7640
107 108 7640
108 109 7640
109 110 7640
110 111 7640
111 112 7640
112 113 7640
113 114 7640
114 115 7640
115 116 7640
116 117 7640
117 118 7640
118 119 7640
119 120 7640
120 121 7640
121 122 7640
122 123 7640
123 124 7640
124 125 7640
125 126 7640
126 127 7640
127 128 7640
128 129 7640
129 130 7640
130 131 7640
131 132 7640
132 133 7640
133 134 7640
134 135 7640
135 136 7640
136 137 7640
137 138 7640
138 139 7640
139 140 7640
140 141 7640
141 142 7640
142 143 7640
143 144 7640
144 145 7640
145 146 7640
146 147 7640
147 148 7640
148 149 7640
149 150 7640
150 151 7640
151 152 7640
152 153 7640
153 154 7640
154 155 7640
155 156 7640
156 157 7640
157 158 7640
158 159 7640
159 160 7640
160 161 7640
161 162 7640
162 163 7640
163 164 7640
164 165 7640
165 166 7640
166 167 7640
167 168 7640
168 169 7640
169 170 7640
170 171 7640
171 172 7640
172 173 7640
173 174 7640
174 175 7640
175 176 7640
176 177 7640
177 178 7640
178 179 7640
179 180 7640
180 181 7640
181 182 7640
182 183 7640
183 184 7640
184 185 7640
185 186 7640
186 187 7640
187 188 7640
188 189 7640
189 190 7640
190 191 7640
191 192 7640
192 193 7640
193 194 7640
194 195 7640
195 196 7640
196 197 7640
197 198 7640
198 199 7640
199 200 7640
200 201 7640
201 202 7640
202 203 7640
203 204 7640
204 205 7640
205 206 7640
206 207 7640
207 208 7640
208 209 7640
209 210 7640
210 211 7640
211 212 7640
212 213 7640
213 214 7640
214 215 7640
215 216 7640
216 217 7640
217 218 7640
218 219 7640
219 220 7640
220 221 7640
221 222 7640
222 223 7640
223 224 7640
224 225 7640
225 226 7640
226 227 7640
227 228 7640
228 229 7640
229 230 7640
230 231 7640
231 232 7640
232 233 7640
233 234 7640
234 235 7640
235 236 7640
236 237 7640
237 238 7640
238 239 7640
239 240 7640
240 241 7640
241 242 7640
242 243 7640
243 244 7640
244 245 7640
245 246 7640
246 247 7640
247 248 7640
248 249 7640
249 250 7640
250 251 7640
251 252 7640
252 253 7640
253 254 7640
254 255 7640
255 256 7640
256 257 7640
257 258 7640
258 259 7640
259 260 7640
260 261 7640
261 262 7640
262 263 7640
263 264 7640
264 265 7640
265 266 7640
266 267 7640
267 268 7640
268 269 7640
269 270 7640
270 271 7640
271 272 7640
272 273 7640
273 274 7640
274 275 7640
275 276 7640
276 277 7640
277 278 7640
278 279 7640
279 280 7640
280 281 7640
281 282 7640
282 283 7640
283 284 7640
284 285 7640
285 286 7640
286 287 7640
287 288 7640
288 289 7640
289 290 7640
290 291 7640
291 292 7640
292 293 7640
293 294 7640
294 295 7640
295 296 7640
296 297 7640
297 298 7640
298 299 7640
299 300 7640
300 301 7640
301 302 7640
302 303 7640
303 304 7640
304 305 7640
305 306 7640
306 307 7640
307 308 7640
308 309 7640
309 310 7640
310 311 7640
311 312 7640
312 313 7640
313 314 7640
314 315 7640
315 316 7640
316 317 7640
317 318 7640
318 319 7640
319 320 7640
320 321 7640
321 322 7640
322 323 7640
323 324 7640
324 325 7640
325 326 7640
326 327 7640
327 328 7640
328 329 7640
329 330 7640
330 331 7640
331 332 7640
332 333 7640
333 334 7640
334 335 7640
335 336 7640
336 337 7640
337 338 7640
338 339 7640
339 340 7640
340 341 7640
341 342 7640
342 343 7640
343 344 7640
344 345 7640
345 346 7640
346 347 7640
347 348 7640
348 349 7640
349 350 7640
350 351 7640
351 352 7640
352 353 7640
353 354 7640
354 355 7640
355 356 7640
356 357 7640
357 358 7640
358 359 7640
359 360 7640
360 361 7640
361 362 7640
362 363 7640
363 364 7640
364 365 7640
365 366 7640
366 367 7640
367 368 7640
368 369 7640
369 370 7640
370 371 7640
371 372 7640
372 373 7640
373 374 7640
374 375 7640
375 376 7640
376 377 7640
377 378 7640
378 379 7640
379 380 7640
380 381 7640
381 382 7640
382 383 7640
383 384 7640
384 385 7640
385 386 7640
386 387 7640
387 388 7640
388 389 7640
389 390 7640
390 391 7640
391 392 7640
392 393 7640
393 394 7640
394 395 7640
395 396 7640
396 397 7640
397 398 7640
398 399 7640
399 400 7640
400 401 7640
401 402 7640
402 403 7640
403 404 7640
404 405 7640
405 406 7640
406 407 7640
407 408 7640
408 409 7640
409 410 7640
410 411 7640
411 412 7640
412 413 7640
413 414 7640
414 415 7640
415 416 7640
416 417 7640
417 418 7640
418 419 7640
419 420 7640
420 421 7640
421 422 7640
422 423 7640
423 424 7640
424 425 7640
425 426 7640
426 427 7640
427 428 7640
428 429 7640
429 430 7640
430 431 7640
431 432 7640
432 433 7640
433 434 7640
434 435 7640
435 436 7640
436 437 7640
437 438 7640
438 439 7640
439 440 7640
440 441 7640
441 442 7640
442 443 7640
443 444 7640
444 445 7640
445 446 7640
446 447 7640
447 448 7640
448 449 7640
449 450 7640
450 451 7640
451 452 7640
452 453 7640
453 454 7640
454 455 7640
455 456 7640
456 457 7640
457 458 7640
458 459 7640
459 460 7640
460 461 7640
461 462 7640
462 463 7640
463 464 7640
464 465 7640
465 466 7640
466 467 7640
467 468 7640
468 469 7640
469 470 7640
470 471 7640
471 472 7640
472 473 7640
473 474 7640
474 475 7640
475 476 7640
476 477 7640
477 478 7640
478 479 7640
479 480 7640
480 481 7640
481 482 7640
482 483 7640
483 484 7640
484 485 7640
485 486 7640
486 487 7640
487 488 7640
488 489 7640
489 490 7640
490 491 7640
491 492 7640
492 493 7640
493 494 7640
494 495 7640
495 496 7640
496 497 7640
497 498 7640
498 499 7640
499 500 7640
500 501 7640
501 502 7640
502 503 7640
503 504 7640
504 505 7640
505 506 7640
506 507 7640
507 508 7640
508 509 7640
509 510 7640
510 511 7640
511 512 7640
512 513 7640
513 514 7640
514 515 7640
515 516 7640
516 517 7640
517 518 7640
518 519 7640
519 520 7640
520 521 7640
521 522 7640
522 523 7640
523 524 7640
524 525 7640
525 526 7640
526 527 7640
527 528 7640
528 529 7640
529 530 7640
530 531 7640
531 532 7640
532 533 7640
533 534 7640
534 535 7640
535 536 7640
536 537 7640
537 538 7640
538 539 7640
539 540 7640
540 541 7640
541 542 7640
542 543 7640
543 544 7640
544 545 7640
545 546 7640
546 547 7640
547 548 7640
548 549 7640
549 550 7640
550 551 7640
551 552 7640
552 553 7640
553 554 7640
554 555 7640
555 556 7640
556 557 7640
557 558 7640
558 559 7640
559 560 7640
560 561 7640
561 562 7640
562 563 7640
563 564 7640
564 565 7640
565 566 7640
566 567 7640
567 568 7640
568 569 7640
569 570 7640
570 571 7640
571 572 7640
572 573 7640
573 574 7640
574 575 7640
575 576 7640
576 577 7640
577 578 7640
578 579 7640
579 580 7640
580 581 7640
581 582 7640
582 583 7640
583 584 7640
584 585 7640
585 586 7640
586 587 7640
587 588 7640
588 589 7640
589 590 7640
590 591 7640
591 592 7640
592 593 7640
593 594 7640
594 595 7640
595 596 7640
596 597 7640
597 598 7640
598 599 7640
599 600 7640
600 601 7640
601 602 7640
602 603 7640
603 604 7640
604 605 7640
605 606 7640
606 607 7640
607 608 7640
608 609 7640
609 610 7640
610 611 7640
611 612 7640
612 613 7640
613 614 7640
614 615 7640
615 616 7640
616 617 7640
617 618 7640
618 619 7640
619 620 7640
620 621 7640
621 622 7640
622 623 7640
623 624 7640
624 625 7640
625 626 7640
626 627 7640
627 628 7640
628 629 7640
629 630 7640
630 631 7640
631 632 7640
632 633 7640
633 634 7640
634 635 7640
635 636 7640
636 637 7640
637 638 7640
638 639 7640
639 640 7640
640 641 7640
641 642 7640
642 643 7640
643 644 7640
644 645 7640
645 646 7640
646 647 7640
647 648 7640
648 649 7640
649 650 7640
650 651 7640
651 652 7640
652 653 7640
653 654 7640
654 655 7640
655 656 7640
656 657 7640
657 658 7640
658 659 7640
659 660 7640
660 661 7640
661 662 7640
662 663 7640
663 664 7640
664 665 7640
665 666 7640
666 667 7640
667 668 7640
668 669 7640
669 670 7640
670 671 7640
671 672 7640
672 673 7640
673 674 7640
674 675 7640
675 676 7640
676 677 7640
677 678 7640
678 679 7640
679 680 7640
680 681 7640
681 682 7640
682 683 7640
683 684 7640
684 685 7640
685 686 7640
686 687 7640
687 688 7640
688 689 7640
689 690 7640
690 691 7640
691 692 7640
692 693 7640
693 694 7640
694 695 7640
695 696 7640
696 697 7640
697 698 7640
698 699 7640
699 700 7640
700 701 7640
701 702 7640
702 703 7640
703 704 7640
704 705 7640
705 706 7640
706 707 7640
707 708 7640
708 709 7640
709 710 7640
710 711 7640
711 712 7640
712 713 7640
713 714 7640
714 715 7640
715 716 7640
716 717 7640
717 718 7640
718 719 7640
719 720 7640
720 721 7640
721 722 7640
722 723 7640
723 724 7640
724 725 7640
725 726 7640
726 727 7640
727 728 7640
728 729 7640
729 730 7640
730 731 7640
731 732 7640
732 733 7640
733 734 7640
734 735 7640
735 736 7640
736 737 7640
737 738 7640
738 739 7640
739 740 7640
740 741 7640
741 742 7640
742 743 7640
743 744 7640
744 745 7640
745 746 7640
746 747 7640
747 748 7640
748 749 7640
749 750 7640
750 751 7640
751 752 7640
752 753 7640
753 754 7640
754 755 7640
755 756 7640
756 757 7640
757 758 7640
758 759 7640
759 760 7640
760 761 7640
761 762 7640
762 763 7640
347 550 7640
266 287 7640
211 546 7640
373 382 7640
45 686 7640
93 468 7640
358 549 7640
28 441 7640
369 699 7640
230 724 7640
312 419 7640
317 654 7640
87 538 7640
155 598 7640
118 238 7640
43 183 7640
150 709 7640
6 523 7640
178 637 7640
129 503 7640
79 585 7640
303 317 7640
27 178 7640
205 645 7640
317 348 7640
165 433 7640
171 358 7640
146 445 7640
210 423 7640
1 674 7640
371 523 7640
285 753 7640
184 484 7640
129 161 7640
30 425 7640
153 416 7640
207 214 7640
2 6 7640
49 283 7640
171 238 7640
195 752 7640
69 225 7640
264 375 7640
90 454 7640
18 221 7640
165 575 7640
154 174 7640
8 361 7640
90 649 7640
293 475 7640
348 490 7640
274 462 7640
359 560 7640
367 563 7640
118 529 7640
249 590 7640
185 555 7640
154 600 7640
204 715 7640
326 684 7640
130 565 7640
93 503 7640
343 572 7640
348 451 7640
100 566 7640
138 156 7640
171 522 7640
133 667 7640
70 246 7640
344 548 7640
107 492 7640
160 335 7640
139 303 7640
174 738 7640
375 667 7640
101 202 7640
222 315 7640
280 289 7640
303 526 7640
193 474 7640
100 455 7640
92 457 7640
332 590 7640
216 603 7640
107 135 7640
325 440 7640
325 689 7640
40 447 7640
72 305 7640
215 760 7640
224 754 7640
50 669 7640
312 590 7640
288 509 7640
217 753 7640
238 710 7640
269 291 7640
55 753 7640
171 676 7640
14 78 7640
72 609 7640
171 424 7640
252 734 7640
325 363 7640
269 673 7640
332 455 7640
108 314 7640
298 489 7640
26 142 7640
362 657 7640
123 631 7640
91 553 7640
303 326 7640
20 683 7640
147 227 7640
325 754 7640
50 234 7640
225 632 7640
330 588 7640
95 210 7640
171 591 7640
186 616 7640
63 503 7640
270 631 7640
201 668 7640
5 541 7640
320 363 7640
156 499 7640
44 573 7640
92 502 7640
147 741 7640
71 199 7640
236 496 7640
20 100 7640
201 567 7640
235 632 7640
107 684 7640
40 275 7640
41 630 7640
280 639 7640
248 759 7640
180 619 7640
328 338 7640
320 762 7640
207 446 7640
78 273 7640
332 360 7640
3 17 7640
171 673 7640
170 237 7640
311 427 7640
124 394 7640
122 149 7640
14 505 7640
67 640 7640
227 437 7640
149 293 7640
52 408 7640
245 507 7640
94 643 7640
146 535 7640
44 239 7640
2 709 7640
216 530 7640
382 569 7640
90 327 7640
353 427 7640
252 257 7640
55 232 7640
138 749 7640
282 645 7640
257 455 7640
347 501 7640
211 576 7640
141 389 7640
295 633 7640
376 492 7640
94 179 7640
304 624 7640
358 635 7640
220 630 7640
80 437 7640
338 731 7640
289 666 7640
157 474 7640
315 484 7640
31 516 7640
334 651 7640
339 404 7640
264 309 7640
206 556 7640
300 600 7640
353 757 7640
373 417 7640
26 130 7640
84 159 7640
4 397 7640
71 135 7640
272 389 7640
113 547 7640
280 491 7640
336 683 7640
118 434 7640
104 167 7640
87 317 7640
283 575 7640
363 640 7640
126 328 7640
258 593 7640
68 122 7640
3 149 7640
54 146 7640
337 634 7640
379 620 7640
192 249 7640
76 324 7640
200 533 7640
313 516 7640
332 396 7640
269 399 7640
208 723 7640
193 533 7640
142 502 7640
229 581 7640
365 483 7640
217 332 7640
5 108 7640
360 519 7640
342 442 7640
283 671 7640
200 473 7640
265 626 7640
158 427 7640
108 289 7640
363 735 7640
338 648 7640
42 251 7640
317 376 7640
344 651 7640
106 502 7640
78 599 7640
198 645 7640
103 367 7640
265 513 7640
193 244 7640
173 209 7640
323 544 7640
83 703 7640
94 104 7640
159 741 7640
196 375 7640
38 619 7640
21 52 7640
210 578 7640
86 107 7640
64 727 7640
234 282 7640
353 715 7640
310 610 7640
8 244 7640
4 388 7640
301 432 7640
162 335 7640
53 479 7640
94 526 7640
331 727 7640
133 258 7640
232 441 7640
325 515 7640
317 392 7640
226 569 7640
4 372 7640
189 267 7640
52 664 7640
41 120 7640
233 688 7640
198 314 7640
270 718 7640
180 459 7640
166 236 7640
54 612 7640
20 273 7640
157 230 7640
80 718 7640
275 307 7640
88 157 7640
52 665 7640
256 575 7640
374 435 7640
309 388 7640
87 228 7640
325 478 7640
257 417 7640
64 686 7640
351 354 7640
198 354 7640
370 545 7640
18 509 7640
341 744 7640
357 466 7640
122 163 7640
167 682 7640
334 609 7640
128 483 7640
269 533 7640
382 400 7640
140 420 7640
55 226 7640
120 723 7640
292 743 7640
124 244 7640
177 601 7640
193 480 7640
43 737 7640
38 555 7640
11 710 7640
270 294 7640
25 48 7640
358 556 7640
85 185 7640
29 661 7640
134 144 7640
260 344 7640
71 747 7640
350 615 7640
337 429 7640
233 696 7640
244 714 7640
95 223 7640
40 378 7640
90 278 7640
257 278 7640
256 674 7640
317 601 7640
184 200 7640
24 430 7640
270 301 7640
66 717 7640
287 430 7640
156 223 7640
244 719 7640
187 438 7640
79 577 7640
379 519 7640
249 581 7640
98 197 7640
99 371 7640
330 583 7640
318 337 7640
283 355 7640
6 438 7640
43 296 7640
261 645 7640
181 461 7640
127 660 7640
250 549 7640
200 718 7640
312 712 7640
171 306 7640
333 460 7640
313 345 7640
225 738 7640
276 533 7640
67 626 7640
147 309 7640
65 385 7640
110 233 7640
155 418 7640
33 313 7640
166 591 7640
86 269 7640
24 607 7640
187 510 7640
61 445 7640
134 358 7640
123 365 7640
377 759 7640
28 437 7640
320 558 7640
309 683 7640
38 136 7640
205 478 7640
33 631 7640
82 681 7640
8 449 7640
236 642 7640
72 229 7640
42 633 7640
15 370 7640
146 216 7640
182 614 7640
8 206 7640
90 244 7640
344 736 7640
145 585 7640
298 491 7640
380 636 7640
280 350 7640
208 592 7640
147 377 7640
48 258 7640
210 747 7640
98 335 7640
194 377 7640
354 477 7640
79 405 7640
316 502 7640
321 751 7640
333 743 7640
180 657 7640
193 674 7640
5 427 7640
227 610 7640
143 212 7640
220 285 7640
170 238 7640
122 581 7640
306 617 7640
372 624 7640
362 507 7640
164 391 7640
283 638 7640
260 379 7640
321 506 7640
346 425 7640
229 458 7640
50 343 7640
338 589 7640
211 311 7640
206 353 7640
285 400 7640
271 288 7640
322 447 7640
336 447 7640
220 632 7640
345 374 7640
149 266 7640
232 382 7640
132 706 7640
270 683 7640
78 428 7640
367 491 7640
193 744 7640
67 224 7640
84 721 7640
79 393 7640
77 139 7640
251 284 7640
276 292 7640
74 436 7640
351 550 7640
322 420 7640
93 409 7640
122 741 7640
181 242 7640
355 762 7640
105 364 7640
103 449 7640
122 219 7640
310 563 7640
110 183 7640
55 679 7640
376 482 7640
318 554 7640
286 292 7640
374 658 7640
308 477 7640
225 460 7640
210 729 7640
147 740 7640
357 549 7640
217 282 7640
90 516 7640
195 676 7640
276 612 7640
5 568 7640
365 488 7640
361 400 7640
182 190 7640
52 245 7640
316 606 7640
277 422 7640
264 749 7640
256 314 7640
177 363 7640
230 640 7640
70 662 7640
84 98 7640
221 761 7640
24 584 7640
134 691 7640
10 414 7640
167 534 7640
360 469 7640
204 457 7640
357 468 7640
177 313 7640
2 13 7640
44 497 7640
316 348 7640
265 410 7640
377 624 7640
373 421 7640
192 441 7640
306 734 7640
46 571 7640
250 747 7640
112 564 7640
97 715 7640
310 744 7640
24 663 7640
143 405 7640
286 364 7640
308 647 7640
357 384 7640
246 301 7640
218 274 7640
357 709 7640
31 527 7640
304 481 7640
117 290 7640
294 565 7640
364 744 7640
211 627 7640
176 584 7640
319 414 7640
27 516 7640
205 454 7640
113 149 7640
165 241 7640
52 539 7640
148 645 7640
235 303 7640
65 745 7640
171 566 7640
186 663 7640
367 666 7640
299 439 7640
160 415 7640
115 394 7640
172 417 7640
100 551 7640
126 434 7640
179 389 7640
301 409 7640
1 588 7640
321 499 7640
282 540 7640
199 281 7640
267 402 7640
366 707 7640
66 455 7640
74 463 7640
101 468 7640
275 544 7640
24 738 7640
75 383 7640
347 421 7640
266 555 7640
21 76 7640
45 630 7640
194 653 7640
59 420 7640
216 578 7640
271 604 7640
16 378 7640
342 524 7640
160 657 7640
276 645 7640
113 138 7640
152 647 7640
257 475 7640
358 755 7640
235 763 7640
364 524 7640
135 535 7640
53 104 7640
331 482 7640
178 627 7640
286 326 7640
58 643 7640
364 604 7640
190 757 7640
86 465 7640
144 576 7640
144 401 7640
310 662 7640
86 382 7640
136 324 7640
119 447 7640
82 607 7640
351 538 7640
115 710 7640
337 668 7640
226 747 7640
130 637 7640
97 589 7640
349 565 7640
199 509 7640
55 243 7640
367 581 7640
345 353 7640
112 595 7640
94 406 7640
182 417 7640
257 739 7640
289 741 7640
17 189 7640
48 217 7640
286 432 7640
249 435 7640
26 196 7640
41 320 7640
240 439 7640
105 229 7640
262 516 7640
244 597 7640
117 631 7640
105 729 7640
255 463 7640
177 303 7640
41 417 7640
5 191 7640
293 501 7640
147 745 7640
18 286 7640
208 566 7640
240 333 7640
222 717 7640
320 393 7640
235 615 7640
102 448 7640
48 169 7640
181 369 7640
132 235 7640
234 701 7640
132 575 7640
227 286 7640
53 328 7640
288 435 7640
253 622 7640
313 317 7640
67 299 7640
273 516 7640
168 277 7640
379 694 7640
311 573 7640
175 760 7640
373 465 7640
65 762 7640
329 708 7640
299 343 7640
69 174 7640
296 370 7640
368 616 7640
53 266 7640
2 684 7640
340 691 7640
335 745 7640
177 346 7640
214 663 7640
257 707 7640
81 346 7640
277 715 7640
331 674 7640
314 574 7640
44 246 7640
136 422 7640
241 340 7640
118 304 7640
18 248 7640
130 586 7640
93 295 7640
381 701 7640
363 644 7640
199 744 7640
118 153 7640
117 256 7640
192 696 7640
225 602 7640
160 620 7640
110 318 7640
189 240 7640
93 179 7640
318 430 7640
85 521 7640
253 268 7640
51 158 7640
164 548 7640
269 704 7640
78 734 7640
259 343 7640
189 335 7640
73 190 7640
293 678 7640
304 710 7640
225 747 7640
70 480 7640
334 644 7640
348 558 7640
91 393 7640
194 449 7640
22 529 7640
270 354 7640
329 398 7640
213 350 7640
112 367 7640
126 215 7640
296 415 7640
282 501 7640
53 192 7640
1 454 7640
178 446 7640
345 552 7640
349 457 7640
140 511 7640
59 255 7640
169 731 7640
151 685 7640
228 296 7640
183 464 7640
233 455 7640
217 492 7640
51 332 7640
13 118 7640
237 323 7640
343 345 7640
174 208 7640
87 155 7640
15 95 7640
149 196 7640
2 116 7640
67 194 7640
199 508 7640
351 376 7640
235 291 7640
285 436 7640
198 248 7640
215 704 7640
135 563 7640
375 653 7640
162 213 7640
273 466 7640
165 506 7640
363 467 7640
34 80 7640
138 670 7640
231 280 7640
275 541 7640
293 654 7640
202 280 7640
333 667 7640
243 334 7640
346 656 7640
86 629 7640
128 316 7640
159 579 7640
336 740 7640
170 745 7640
117 247 7640
337 645 7640
187 462 7640
229 686 7640
