0 1 7680
1 2 7680
2 3 7680
3 4 7680
4 5 7680
5 6 7680
6 7 7680
7 8 7680
8 9 7680
9 10 7680
10 11 7680
11 12 7680
12 13 7680
13 14 7680
14 15 7680
15 16 7680
16 17 7680
17 18 7680
18 19 7680
19 20 7680
20 21 7680
21 22 7680
22 23 7680
23 24 7680
24 25 7680
25 26 7680
26 27 7680
27 28 7680
28 29 7680
29 30 7680
30 31 7680
31 32 7680
32 33 7680
33 34 7680
34 35 7680
35 36 7680
36 37 7680
37 38 7680
38 39 7680
39 40 7680
40 41 7680
41 42 7680
42 43 7680
43 44 7680
44 45 7680
45 46 7680
46 47 7680
47 48 7680
48 49 7680
49 50 7680
50 51 7680
51 52 7680
52 53 7680
53 54 7680
54 55 7680
55 56 7680
56 57 7680
57 58 7680
58 59 7680
59 60 7680
60 61 7680
61 62 7680
62 63 7680
63 64 7680
64 65 7680
65 66 7680
66 67 7680
67 68 7680
68 69 7680
69 70 7680
70 71 7680
71 72 7680
72 73 7680
73 74 7680
74 75 7680
75 76 7680
76 77 7680
77 78 7680
78 79 7680
79 80 7680
80 81 7680
81 82 7680
82 83 7680
83 84 7680
84 85 7680
85 86 7680
86 87 7680
87 88 7680
88 89 7680
89 90 7680
90 91 7680
91 92 7680
92 93 7680
93 94 7680
94 95 7680
95 96 7680
96 97 7680
97 98 7680
98 99 7680
99 100 7680
100 101 7680
101 102 7680
102 103 7680
103 104 7680
104 105 7680
105 106 7680
106 107 7680
107 108 7680
108 109 7680
109 110 7680
110 111 7680
111 112 7680
112 113 7680
113 114 7680
114 115 7680
115 116 7680
116 117 7680
117 118 7680
118 119 7680
119 120 7680
120 121 7680
121 122 7680
122 123 7680
123 124 7680
124 125 7680
125 126 7680
126 127 7680
127 128 7680
128 129 7680
129 130 7680
130 131 7680
131 132 7680
132 133 7680
133 134 7680
134 135 7680
135 136 7680
136 137 7680
137 138 7680
138 139 7680
139 140 7680
140 141 7680
141 142 7680
142 143 7680
143 144 7680
144 145 7680
145 146 7680
146 147 7680
147 148 7680
148 149 7680
149 150 7680
150 151 7680
151 152 7680
152 153 7680
153 154 7680
154 155 7680
155 156 7680
156 157 7680
157 158 7680
158 159 7680
159 160 7680
160 161 7680
161 162 7680
162 163 7680
163 164 7680
164 165 7680
165 166 7680
166 167 7680
167 168 7680
168 169 7680
169 170 7680
170 171 7680
171 172 7680
172 173 7680
173 174 7680
174 175 7680
175 176 7680
176 177 7680
177 178 7680
178 179 7680
179 180 7680
180 181 7680
181 182 7680
182 183 7680
183 184 7680
184 185 7680
185 186 7680
186 187 7680
187 188 7680
188 189 7680
189 190 7680
190 191 7680
191 192 7680
192 193 7680
193 194 7680
194 195 7680
195 196 7680
196 197 7680
197 198 7680
198 199 7680
199 200 7680
200 201 7680
201 202 7680
202 203 7680
203 204 7680
204 205 7680
205 206 7680
206 207 7680
207 208 7680
208 209 7680
209 210 7680
210 211 7680
211 212 7680
212 213 7680
213 214 7680
214 215 7680
215 216 7680
216 217 7680
217 218 7680
218 219 7680
219 220 7680
220 221 7680
221 222 7680
222 223 7680
223 224 7680
224 225 7680
225 226 7680
226 227 7680
227 228 7680
228 229 7680
229 230 7680
230 231 7680
231 232 7680
232 233 7680
233 234 7680
234 235 7680
235 236 7680
236 237 7680
237 238 7680
238 239 7680
239 240 7680
240 241 7680
241 242 7680
242 243 7680
243 244 7680
244 245 7680
245 246 7680
246 247 7680
247 248 7680
248 249 7680
249 250 7680
250 251 7680
251 252 7680
252 253 7680
253 254 7680
254 255 7680
255 256 7680
256 257 7680
257 258 7680
258 259 7680
259 260 7680
260 261 7680
261 262 7680
262 263 7680
263 264 7680
264 265 7680
265 266 7680
266 267 7680
267 268 7680
268 269 7680
269 270 7680
270 271 7680
271 272 7680
272 273 7680
273 274 7680
274 275 7680
275 276 7680
276 277 7680
277 278 7680
278 279 7680
279 280 7680
280 281 7680
281 282 7680
282 283 7680
283 284 7680
284 285 7680
285 286 7680
286 287 7680
287 288 7680
288 289 7680
289 290 7680
290 291 7680
291 292 7680
292 293 7680
293 294 7680
294 295 7680
295 296 7680
296 297 7680
297 298 7680
298 299 7680
299 300 7680
300 301 7680
301 302 7680
302 303 7680
303 304 7680
304 305 7680
305 306 7680
306 307 7680
307 308 7680
308 309 7680
309 310 7680
310 311 7680
311 312 7680
312 313 7680
313 314 7680
314 315 7680
315 316 7680
316 317 7680
317 318 7680
318 319 7680
319 320 7680
320 321 7680
321 322 7680
322 323 7680
323 324 7680
324 325 7680
325 326 7680
326 327 7680
327 328 7680
328 329 7680
329 330 7680
330 331 7680
331 332 7680
332 333 7680
333 334 7680
334 335 7680
335 336 7680
336 337 7680
337 338 7680
338 339 7680
339 340 7680
340 341 7680
341 342 7680
342 343 7680
343 344 7680
344 345 7680
345 346 7680
346 347 7680
347 348 7680
348 349 7680
349 350 7680
350 351 7680
351 352 7680
352 353 7680
353 354 7680
354 355 7680
355 356 7680
356 357 7680
357 358 7680
358 359 7680
359 360 7680
360 361 7680
361 362 7680
362 363 7680
363 364 7680
364 365 7680
365 366 7680
366 367 7680
367 368 7680
368 369 7680
369 370 7680
370 371 7680
371 372 7680
372 373 7680
373 374 7680
374 375 7680
375 376 7680
376 377 7680
377 378 7680
378 379 7680
379 380 7680
380 381 7680
381 382 7680
382 383 7680
383 384 7680
384 385 7680
385 386 7680
386 387 7680
387 388 7680
388 389 7680
389 390 7680
390 391 7680
391 392 7680
392 393 7680
393 394 7680
394 395 7680
395 396 7680
396 397 7680
397 398 7680
398 399 7680
399 400 7680
400 401 7680
401 402 7680
402 403 7680
403 404 7680
404 405 7680
405 406 7680
406 407 7680
407 408 7680
408 409 7680
409 410 7680
410 411 7680
411 412 7680
412 413 7680
413 414 7680
414 415 7680
415 416 7680
416 417 7680
417 418 7680
418 419 7680
419 420 7680
420 421 7680
421 422 7680
422 423 7680
423 424 7680
424 425 7680
425 426 7680
426 427 7680
427 428 7680
428 429 7680
429 430 7680
430 431 7680
431 432 7680
432 433 7680
433 434 7680
434 435 7680
435 436 7680
436 437 7680
437 438 7680
438 439 7680
439 440 7680
440 441 7680
441 442 7680
442 443 7680
443 444 7680
444 445 7680
445 446 7680
446 447 7680
447 448 7680
448 449 7680
449 450 7680
450 451 7680
451 452 7680
452 453 7680
453 454 7680
454 455 7680
455 456 7680
456 457 7680
457 458 7680
458 459 7680
459 460 7680
460 461 7680
461 462 7680
462 463 7680
463 464 7680
464 465 7680
465 466 7680
466 467 7680
467 468 7680
468 469 7680
469 470 7680
470 471 7680
471 472 7680
472 473 7680
473 474 7680
474 475 7680
475 476 7680
476 477 7680
477 478 7680
478 479 7680
479 480 7680
480 481 7680
481 482 7680
482 483 7680
483 484 7680
484 485 7680
485 486 7680
486 487 7680
487 488 7680
488 489 7680
489 490 7680
490 491 7680
491 492 7680
492 493 7680
493 494 7680
494 495 7680
495 496 7680
496 497 7680
497 498 7680
498 499 7680
499 500 7680
500 501 7680
501 502 7680
502 503 7680
503 504 7680
504 505 7680
505 506 7680
506 507 7680
507 508 7680
508 509 7680
509 510 7680
510 511 7680
511 512 7680
512 513 7680
513 514 7680
514 515 7680
515 516 7680
516 517 7680
517 518 7680
518 519 7680
519 520 7680
520 521 7680
521 522 7680
522 523 7680
523 524 7680
524 525 7680
525 526 7680
526 527 7680
527 528 7680
528 529 7680
529 530 7680
530 531 7680
531 532 7680
532 533 7680
533 534 7680
534 535 7680
535 536 7680
536 537 7680
537 538 7680
538 539 7680
539 540 7680
540 541 7680
541 542 7680
542 543 7680
543 544 7680
544 545 7680
545 546 7680
546 547 7680
547 548 7680
548 549 7680
549 550 7680
550 551 7680
551 552 7680
552 553 7680
553 554 7680
554 555 7680
555 556 7680
556 557 7680
557 558 7680
558 559 7680
559 560 7680
560 561 7680
561 562 7680
562 563 7680
563 564 7680
564 565 7680
565 566 7680
566 567 7680
567 568 7680
568 569 7680
569 570 7680
570 571 7680
571 572 7680
572 573 7680
573 574 7680
574 575 7680
575 576 7680
576 577 7680
577 578 7680
578 579 7680
579 580 7680
580 581 7680
581 582 7680
582 583 7680
583 584 7680
584 585 7680
585 586 7680
586 587 7680
587 588 7680
588 589 7680
589 590 7680
590 591 7680
591 592 7680
592 593 7680
593 594 7680
594 595 7680
595 596 7680
596 597 7680
597 598 7680
598 599 7680
599 600 7680
600 601 7680
601 602 7680
602 603 7680
603 604 7680
604 605 7680
605 606 7680
606 607 7680
607 608 7680
608 609 7680
609 610 7680
610 611 7680
611 612 7680
612 613 7680
613 614 7680
614 615 7680
615 616 7680
616 617 7680
617 618 7680
618 619 7680
619 620 7680
620 621 7680
621 622 7680
622 623 7680
623 624 7680
624 625 7680
625 626 7680
626 627 7680
627 628 7680
628 629 7680
629 630 7680
630 631 7680
631 632 7680
632 633 7680
633 634 7680
634 635 7680
635 636 7680
636 637 7680
637 638 7680
638 639 7680
639 640 7680
640 641 7680
641 642 7680
642 643 7680
643 644 7680
644 645 7680
645 646 7680
646 647 7680
647 648 7680
648 649 7680
649 650 7680
650 651 7680
651 652 7680
652 653 7680
653 654 7680
654 655 7680
655 656 7680
656 657 7680
657 658 7680
658 659 7680
659 660 7680
660 661 7680
661 662 7680
662 663 7680
663 664 7680
664 665 7680
665 666 7680
666 667 7680
667 668 7680
668 669 7680
669 670 7680
670 671 7680
671 672 7680
672 673 7680
673 674 7680
674 675 7680
675 676 7680
676 677 7680
677 678 7680
678 679 7680
679 680 7680
680 681 7680
681 682 7680
682 683 7680
683 684 7680
684 685 7680
685 686 7680
686 687 7680
687 688 7680
688 689 7680
689 690 7680
690 691 7680
691 692 7680
692 693 7680
693 694 7680
694 695 7680
695 696 7680
696 697 7680
697 698 7680
698 699 7680
699 700 7680
700 701 7680
701 702 7680
702 703 7680
703 704 7680
704 705 7680
705 706 7680
706 707 7680
707 708 7680
708 709 7680
709 710 7680
710 711 7680
711 712 7680
712 713 7680
713 714 7680
714 715 7680
715 716 7680
716 717 7680
717 718 7680
718 719 7680
719 720 7680
720 721 7680
721 722 7680
722 723 7680
723 724 7680
724 725 7680
725 726 7680
726 727 7680
727 728 7680
728 729 7680
729 730 7680
730 731 7680
731 732 7680
732 733 7680
733 734 7680
734 735 7680
735 736 7680
736 737 7680
737 738 7680
738 739 7680
739 740 7680
740 741 7680
741 742 7680
742 743 7680
743 744 7680
744 745 7680
745 746 7680
746 747 7680
747 748 7680
748 749 7680
749 750 7680
750 751 7680
751 752 7680
752 753 7680
753 754 7680
754 755 7680
755 756 7680
756 757 7680
757 758 7680
758 759 7680
759 760 7680
760 761 7680
761 762 7680
762 763 7680
763 764 7680
764 765 7680
765 766 7680
766 767 7680
42 676 7680
210 290 7680
369 621 7680
253 392 7680
241 276 7680
233 317 7680
35 172 7680
275 519 7680
241 442 7680
22 302 7680
105 188 7680
215 290 7680
209 594 7680
327 329 7680
4 266 7680
67 329 7680
272 281 7680
202 236 7680
232 652 7680
115 333 7680
202 667 7680
353 574 7680
55 418 7680
315 602 7680
25 558 7680
375 621 7680
133 352 7680
253 272 7680
23 272 7680
200 691 7680
269 722 7680
184 273 7680
179 484 7680
119 201 7680
174 512 7680
285 732 7680
159 187 7680
178 455 7680
364 742 7680
370 673 7680
194 755 7680
112 542 7680
94 733 7680
215 626 7680
129 465 7680
173 279 7680
267 612 7680
303 524 7680
308 586 7680
120 299 7680
384 451 7680
300 354 7680
378 603 7680
344 423 7680
1 380 7680
36 355 7680
71 82 7680
110 264 7680
349 401 7680
261 628 7680
142 544 7680
143 343 7680
150 425 7680
259 323 7680
262 756 7680
282 294 7680
271 726 7680
383 397 7680
374 489 7680
131 194 7680
324 622 7680
12 68 7680
310 529 7680
63 357 7680
182 677 7680
16 364 7680
290 429 7680
182 664 7680
152 761 7680
231 309 7680
339 676 7680
158 269 7680
299 697 7680
359 441 7680
322 694 7680
227 549 7680
212 616 7680
156 186 7680
44 355 7680
215 760 7680
141 588 7680
208 700 7680
145 350 7680
201 750 7680
33 381 7680
372 674 7680
299 619 7680
357 558 7680
131 237 7680
176 436 7680
62 759 7680
203 371 7680
318 754 7680
326 445 7680
180 465 7680
266 588 7680
193 239 7680
177 239 7680
314 645 7680
131 213 7680
84 683 7680
364 443 7680
169 472 7680
29 260 7680
265 648 7680
195 543 7680
316 437 7680
312 732 7680
109 767 7680
208 615 7680
86 382 7680
384 723 7680
77 399 7680
13 48 7680
239 653 7680
223 428 7680
167 207 7680
314 338 7680
130 471 7680
71 663 7680
371 575 7680
91 197 7680
271 486 7680
317 547 7680
316 396 7680
98 698 7680
350 391 7680
162 457 7680
284 317 7680
333 606 7680
251 271 7680
316 442 7680
208 323 7680
38 323 7680
46 693 7680
264 702 7680
255 648 7680
21 240 7680
293 517 7680
23 331 7680
178 248 7680
62 701 7680
195 441 7680
4 99 7680
177 565 7680
108 255 7680
260 490 7680
239 717 7680
123 366 7680
94 545 7680
157 460 7680
35 656 7680
122 167 7680
291 756 7680
327 556 7680
87 565 7680
80 501 7680
136 454 7680
361 423 7680
74 357 7680
300 512 7680
297 693 7680
254 610 7680
365 397 7680
284 532 7680
100 132 7680
3 649 7680
261 626 7680
123 273 7680
263 574 7680
133 199 7680
90 139 7680
86 681 7680
24 205 7680
153 191 7680
189 591 7680
51 282 7680
203 739 7680
162 169 7680
41 414 7680
365 475 7680
84 451 7680
26 100 7680
194 204 7680
312 587 7680
42 619 7680
214 697 7680
376 570 7680
207 472 7680
3 452 7680
371 500 7680
108 612 7680
129 335 7680
38 610 7680
62 657 7680
50 255 7680
215 654 7680
382 688 7680
373 535 7680
103 219 7680
256 545 7680
265 500 7680
22 337 7680
296 452 7680
291 684 7680
13 658 7680
157 480 7680
97 135 7680
354 613 7680
86 547 7680
281 288 7680
289 318 7680
349 556 7680
266 661 7680
293 621 7680
96 114 7680
74 326 7680
278 576 7680
9 553 7680
109 123 7680
57 115 7680
355 553 7680
45 596 7680
370 762 7680
11 258 7680
205 256 7680
333 743 7680
328 687 7680
282 443 7680
80 178 7680
29 696 7680
75 307 7680
104 155 7680
128 384 7680
336 390 7680
69 588 7680
334 669 7680
57 148 7680
224 228 7680
251 468 7680
218 417 7680
134 675 7680
30 752 7680
280 549 7680
258 474 7680
263 498 7680
87 431 7680
41 144 7680
374 510 7680
180 402 7680
102 288 7680
365 613 7680
277 426 7680
165 682 7680
120 398 7680
210 425 7680
281 548 7680
261 310 7680
89 656 7680
86 635 7680
179 253 7680
91 577 7680
240 312 7680
240 556 7680
290 419 7680
377 497 7680
298 653 7680
152 650 7680
80 748 7680
99 437 7680
208 397 7680
236 571 7680
147 621 7680
239 431 7680
375 453 7680
47 230 7680
238 354 7680
58 299 7680
373 542 7680
9 48 7680
268 646 7680
89 426 7680
253 650 7680
241 640 7680
290 766 7680
271 640 7680
304 469 7680
226 261 7680
284 302 7680
13 619 7680
198 587 7680
378 425 7680
369 700 7680
346 464 7680
232 257 7680
111 265 7680
264 505 7680
135 353 7680
100 264 7680
227 310 7680
312 565 7680
34 235 7680
145 515 7680
12 161 7680
208 351 7680
78 416 7680
30 226 7680
38 302 7680
143 593 7680
127 531 7680
204 422 7680
182 597 7680
232 261 7680
266 326 7680
118 211 7680
188 335 7680
34 618 7680
134 339 7680
144 723 7680
326 596 7680
204 479 7680
329 757 7680
2 276 7680
21 229 7680
56 626 7680
257 628 7680
117 423 7680
315 689 7680
383 451 7680
215 641 7680
84 384 7680
228 715 7680
311 636 7680
120 514 7680
235 269 7680
330 336 7680
308 552 7680
326 644 7680
53 526 7680
119 227 7680
66 455 7680
60 329 7680
232 551 7680
236 427 7680
340 477 7680
249 702 7680
12 748 7680
179 639 7680
79 101 7680
182 571 7680
228 671 7680
334 728 7680
36 237 7680
307 553 7680
220 273 7680
97 360 7680
229 590 7680
320 366 7680
92 419 7680
181 621 7680
287 729 7680
179 324 7680
20 564 7680
84 642 7680
58 687 7680
329 375 7680
306 730 7680
21 376 7680
24 132 7680
268 698 7680
289 615 7680
244 720 7680
109 629 7680
4 287 7680
308 349 7680
175 762 7680
287 434 7680
334 387 7680
123 312 7680
142 665 7680
274 497 7680
187 728 7680
298 601 7680
308 513 7680
303 602 7680
186 611 7680
41 733 7680
360 604 7680
50 721 7680
329 714 7680
270 676 7680
37 210 7680
233 544 7680
282 502 7680
332 503 7680
170 220 7680
210 688 7680
80 674 7680
272 368 7680
22 579 7680
314 383 7680
95 211 7680
176 389 7680
39 686 7680
333 429 7680
78 640 7680
165 639 7680
212 355 7680
365 393 7680
211 284 7680
200 456 7680
129 144 7680
59 109 7680
50 572 7680
303 309 7680
182 707 7680
230 562 7680
316 566 7680
50 677 7680
176 474 7680
350 358 7680
258 267 7680
83 500 7680
239 511 7680
37 661 7680
174 557 7680
65 583 7680
274 605 7680
35 309 7680
150 395 7680
32 622 7680
91 194 7680
303 511 7680
369 594 7680
257 514 7680
157 371 7680
132 598 7680
239 674 7680
200 720 7680
117 701 7680
53 155 7680
205 515 7680
95 203 7680
165 173 7680
6 651 7680
377 695 7680
4 310 7680
347 441 7680
235 552 7680
176 753 7680
149 444 7680
59 682 7680
298 355 7680
208 673 7680
102 355 7680
151 765 7680
356 431 7680
262 577 7680
125 194 7680
119 518 7680
270 513 7680
185 445 7680
255 590 7680
127 200 7680
197 367 7680
324 517 7680
204 331 7680
205 695 7680
255 353 7680
342 648 7680
60 297 7680
18 112 7680
133 558 7680
196 587 7680
229 551 7680
323 347 7680
62 747 7680
27 503 7680
351 479 7680
117 420 7680
356 701 7680
324 442 7680
159 587 7680
362 423 7680
105 662 7680
169 279 7680
140 481 7680
268 563 7680
12 267 7680
111 532 7680
330 746 7680
131 173 7680
18 606 7680
72 151 7680
109 601 7680
172 588 7680
377 427 7680
262 534 7680
67 508 7680
333 594 7680
384 673 7680
40 261 7680
26 459 7680
90 490 7680
318 407 7680
52 716 7680
230 504 7680
0 380 7680
126 180 7680
97 411 7680
289 480 7680
268 347 7680
270 277 7680
234 338 7680
11 437 7680
304 439 7680
87 224 7680
172 604 7680
231 736 7680
365 515 7680
331 374 7680
72 121 7680
142 430 7680
239 673 7680
116 144 7680
28 282 7680
89 469 7680
131 491 7680
111 477 7680
33 482 7680
166 569 7680
195 689 7680
106 662 7680
86 570 7680
135 749 7680
324 659 7680
312 542 7680
221 354 7680
136 202 7680
88 342 7680
40 715 7680
211 726 7680
155 633 7680
225 613 7680
353 395 7680
346 402 7680
225 630 7680
160 692 7680
181 717 7680
26 518 7680
178 739 7680
356 649 7680
172 516 7680
153 215 7680
28 213 7680
90 441 7680
255 582 7680
33 284 7680
305 487 7680
344 361 7680
35 459 7680
48 681 7680
87 678 7680
261 679 7680
89 129 7680
152 253 7680
114 356 7680
328 339 7680
144 303 7680
222 473 7680
202 733 7680
236 497 7680
213 634 7680
184 497 7680
362 498 7680
278 743 7680
82 160 7680
262 635 7680
312 705 7680
364 459 7680
316 420 7680
292 368 7680
28 221 7680
105 480 7680
275 306 7680
31 614 7680
113 341 7680
199 454 7680
109 236 7680
129 734 7680
160 530 7680
302 554 7680
238 555 7680
270 470 7680
64 291 7680
140 253 7680
222 661 7680
120 296 7680
344 746 7680
352 715 7680
54 718 7680
362 529 7680
330 479 7680
145 271 7680
130 290 7680
379 457 7680
156 167 7680
116 322 7680
345 640 7680
311 461 7680
281 309 7680
127 218 7680
353 549 7680
14 391 7680
72 307 7680
0 597 7680
85 174 7680
297 352 7680
146 696 7680
28 448 7680
373 562 7680
249 688 7680
98 309 7680
280 692 7680
332 521 7680
81 343 7680
187 459 7680
126 184 7680
341 384 7680
210 764 7680
149 606 7680
160 192 7680
269 384 7680
65 284 7680
204 746 7680
16 219 7680
229 576 7680
8 230 7680
360 384 7680
162 180 7680
172 461 7680
354 691 7680
111 467 7680
84 432 7680
320 556 7680
148 657 7680
201 529 7680
362 659 7680
21 48 7680
40 192 7680
339 461 7680
369 391 7680
4 594 7680
364 591 7680
100 259 7680
308 360 7680
98 618 7680
7 171 7680
223 415 7680
119 744 7680
264 432 7680
110 506 7680
317 686 7680
321 492 7680
280 347 7680
162 748 7680
334 616 7680
293 523 7680
212 595 7680
187 570 7680
176 482 7680
141 405 7680
243 391 7680
97 152 7680
83 677 7680
165 325 7680
327 421 7680
229 281 7680
321 681 7680
231 500 7680
54 566 7680
94 230 7680
361 466 7680
146 743 7680
276 325 7680
289 710 7680
24 479 7680
220 731 7680
335 396 7680
157 163 7680
62 603 7680
141 559 7680
144 716 7680
162 474 7680
108 446 7680
282 688 7680
189 302 7680
156 167 7680
180 280 7680
352 543 7680
71 418 7680
311 475 7680
170 684 7680
230 519 7680
255 566 7680
23 102 7680
147 476 7680
222 273 7680
325 361 7680
297 625 7680
205 211 7680
207 282 7680
153 539 7680
100 624 7680
17 155 7680
232 536 7680
362 387 7680
65 719 7680
288 421 7680
96 334 7680
367 442 7680
37 509 7680
78 303 7680
148 332 7680
137 531 7680
53 410 7680
371 590 7680
237 575 7680
373 665 7680
350 416 7680
1 712 7680
114 188 7680
164 372 7680
346 659 7680
277 761 7680
332 497 7680
366 451 7680
382 678 7680
81 519 7680
157 383 7680
74 221 7680
245 493 7680
129 278 7680
126 247 7680
17 657 7680
250 398 7680
358 547 7680
25 686 7680
157 424 7680
211 472 7680
355 664 7680
251 488 7680
27 369 7680
343 729 7680
117 311 7680
