0 1 760
1 2 760
2 3 760
3 4 760
4 5 760
5 6 760
6 7 760
7 8 760
8 9 760
9 10 760
10 11 760
11 12 760
12 13 760
13 14 760
14 15 760
15 16 760
16 17 760
17 18 760
18 19 760
19 20 760
20 21 760
21 22 760
22 23 760
23 24 760
24 25 760
25 26 760
26 27 760
27 28 760
28 29 760
29 30 760
30 31 760
31 32 760
32 33 760
33 34 760
34 35 760
35 36 760
36 37 760
37 38 760
38 39 760
39 40 760
40 41 760
41 42 760
42 43 760
43 44 760
44 45 760
45 46 760
46 47 760
47 48 760
48 49 760
49 50 760
50 51 760
51 52 760
52 53 760
53 54 760
54 55 760
55 56 760
56 57 760
57 58 760
58 59 760
59 60 760
60 61 760
61 62 760
62 63 760
63 64 760
64 65 760
65 66 760
66 67 760
67 68 760
68 69 760
69 70 760
70 71 760
71 72 760
72 73 760
73 74 760
74 75 760
35 59 760
36 50 760
3 17 760
29 66 760
7 40 760
3 54 760
15 29 760
38 73 760
12 37 760
4 35 760
38 67 760
8 42 760
23 71 760
34 70 760
30 54 760
12 71 760
3 19 760
9 48 760
37 55 760
5 73 760
37 64 760
33 47 760
19 23 760
23 26 760
5 64 760
23 68 760
27 67 760
8 63 760
4 7 760
7 68 760
18 47 760
23 67 760
19 66 760
15 26 760
27 50 760
13 70 760
7 39 760
14 19 760
6 50 760
38 67 760
16 33 760
10 27 760
31 58 760
11 14 760
33 55 760
3 46 760
16 60 760
33 63 760
21 25 760
0 28 760
19 36 760
35 42 760
4 43 760
4 59 760
13 43 760
30 71 760
29 43 760
22 64 760
29 71 760
33 69 760
24 65 760
17 49 760
29 73 760
19 57 760
26 62 760
1 21 760
25 59 760
27 65 760
31 47 760
15 40 760
32 68 760
8 52 760
12 41 760
4 74 760
