0 1 7720
1 2 7720
2 3 7720
3 4 7720
4 5 7720
5 6 7720
6 7 7720
7 8 7720
8 9 7720
9 10 7720
10 11 7720
11 12 7720
12 13 7720
13 14 7720
14 15 7720
15 16 7720
16 17 7720
17 18 7720
18 19 7720
19 20 7720
20 21 7720
21 22 7720
22 23 7720
23 24 7720
24 25 7720
25 26 7720
26 27 7720
27 28 7720
28 29 7720
29 30 7720
30 31 7720
31 32 7720
32 33 7720
33 34 7720
34 35 7720
35 36 7720
36 37 7720
37 38 7720
38 39 7720
39 40 7720
40 41 7720
41 42 7720
42 43 7720
43 44 7720
44 45 7720
45 46 7720
46 47 7720
47 48 7720
48 49 7720
49 50 7720
50 51 7720
51 52 7720
52 53 7720
53 54 7720
54 55 7720
55 56 7720
56 57 7720
57 58 7720
58 59 7720
59 60 7720
60 61 7720
61 62 7720
62 63 7720
63 64 7720
64 65 7720
65 66 7720
66 67 7720
67 68 7720
68 69 7720
69 70 7720
70 71 7720
71 72 7720
72 73 7720
73 74 7720
74 75 7720
75 76 7720
76 77 7720
77 78 7720
78 79 7720
79 80 7720
80 81 7720
81 82 7720
82 83 7720
83 84 7720
84 85 7720
85 86 7720
86 87 7720
87 88 7720
88 89 7720
89 90 7720
90 91 7720
91 92 7720
92 93 7720
93 94 7720
94 95 7720
95 96 7720
96 97 7720
97 98 7720
98 99 7720
99 100 7720
100 101 7720
101 102 7720
102 103 7720
103 104 7720
104 105 7720
105 106 7720
106 107 7720
107 108 7720
108 109 7720
109 110 7720
110 111 7720
111 112 7720
112 113 7720
113 114 7720
114 115 7720
115 116 7720
116 117 7720
117 118 7720
118 119 7720
119 120 7720
120 121 7720
121 122 7720
122 123 7720
123 124 7720
124 125 7720
125 126 7720
126 127 7720
127 128 7720
128 129 7720
129 130 7720
130 131 7720
131 132 7720
132 133 7720
133 134 7720
134 135 7720
135 136 7720
136 137 7720
137 138 7720
138 139 7720
139 140 7720
140 141 7720
141 142 7720
142 143 7720
143 144 7720
144 145 7720
145 146 7720
146 147 7720
147 148 7720
148 149 7720
149 150 7720
150 151 7720
151 152 7720
152 153 7720
153 154 7720
154 155 7720
155 156 7720
156 157 7720
157 158 7720
158 159 7720
159 160 7720
160 161 7720
161 162 7720
162 163 7720
163 164 7720
164 165 7720
165 166 7720
166 167 7720
167 168 7720
168 169 7720
169 170 7720
170 171 7720
171 172 7720
172 173 7720
173 174 7720
174 175 7720
175 176 7720
176 177 7720
177 178 7720
178 179 7720
179 180 7720
180 181 7720
181 182 7720
182 183 7720
183 184 7720
184 185 7720
185 186 7720
186 187 7720
187 188 7720
188 189 7720
189 190 7720
190 191 7720
191 192 7720
192 193 7720
193 194 7720
194 195 7720
195 196 7720
196 197 7720
197 198 7720
198 199 7720
199 200 7720
200 201 7720
201 202 7720
202 203 7720
203 204 7720
204 205 7720
205 206 7720
206 207 7720
207 208 7720
208 209 7720
209 210 7720
210 211 7720
211 212 7720
212 213 7720
213 214 7720
214 215 7720
215 216 7720
216 217 7720
217 218 7720
218 219 7720
219 220 7720
220 221 7720
221 222 7720
222 223 7720
223 224 7720
224 225 7720
225 226 7720
226 227 7720
227 228 7720
228 229 7720
229 230 7720
230 231 7720
231 232 7720
232 233 7720
233 234 7720
234 235 7720
235 236 7720
236 237 7720
237 238 7720
238 239 7720
239 240 7720
240 241 7720
241 242 7720
242 243 7720
243 244 7720
244 245 7720
245 246 7720
246 247 7720
247 248 7720
248 249 7720
249 250 7720
250 251 7720
251 252 7720
252 253 7720
253 254 7720
254 255 7720
255 256 7720
256 257 7720
257 258 7720
258 259 7720
259 260 7720
260 261 7720
261 262 7720
262 263 7720
263 264 7720
264 265 7720
265 266 7720
266 267 7720
267 268 7720
268 269 7720
269 270 7720
270 271 7720
271 272 7720
272 273 7720
273 274 7720
274 275 7720
275 276 7720
276 277 7720
277 278 7720
278 279 7720
279 280 7720
280 281 7720
281 282 7720
282 283 7720
283 284 7720
284 285 7720
285 286 7720
286 287 7720
287 288 7720
288 289 7720
289 290 7720
290 291 7720
291 292 7720
292 293 7720
293 294 7720
294 295 7720
295 296 7720
296 297 7720
297 298 7720
298 299 7720
299 300 7720
300 301 7720
301 302 7720
302 303 7720
303 304 7720
304 305 7720
305 306 7720
306 307 7720
307 308 7720
308 309 7720
309 310 7720
310 311 7720
311 312 7720
312 313 7720
313 314 7720
314 315 7720
315 316 7720
316 317 7720
317 318 7720
318 319 7720
319 320 7720
320 321 7720
321 322 7720
322 323 7720
323 324 7720
324 325 7720
325 326 7720
326 327 7720
327 328 7720
328 329 7720
329 330 7720
330 331 7720
331 332 7720
332 333 7720
333 334 7720
334 335 7720
335 336 7720
336 337 7720
337 338 7720
338 339 7720
339 340 7720
340 341 7720
341 342 7720
342 343 7720
343 344 7720
344 345 7720
345 346 7720
346 347 7720
347 348 7720
348 349 7720
349 350 7720
350 351 7720
351 352 7720
352 353 7720
353 354 7720
354 355 7720
355 356 7720
356 357 7720
357 358 7720
358 359 7720
359 360 7720
360 361 7720
361 362 7720
362 363 7720
363 364 7720
364 365 7720
365 366 7720
366 367 7720
367 368 7720
368 369 7720
369 370 7720
370 371 7720
371 372 7720
372 373 7720
373 374 7720
374 375 7720
375 376 7720
376 377 7720
377 378 7720
378 379 7720
379 380 7720
380 381 7720
381 382 7720
382 383 7720
383 384 7720
384 385 7720
385 386 7720
386 387 7720
387 388 7720
388 389 7720
389 390 7720
390 391 7720
391 392 7720
392 393 7720
393 394 7720
394 395 7720
395 396 7720
396 397 7720
397 398 7720
398 399 7720
399 400 7720
400 401 7720
401 402 7720
402 403 7720
403 404 7720
404 405 7720
405 406 7720
406 407 7720
407 408 7720
408 409 7720
409 410 7720
410 411 7720
411 412 7720
412 413 7720
413 414 7720
414 415 7720
415 416 7720
416 417 7720
417 418 7720
418 419 7720
419 420 7720
420 421 7720
421 422 7720
422 423 7720
423 424 7720
424 425 7720
425 426 7720
426 427 7720
427 428 7720
428 429 7720
429 430 7720
430 431 7720
431 432 7720
432 433 7720
433 434 7720
434 435 7720
435 436 7720
436 437 7720
437 438 7720
438 439 7720
439 440 7720
440 441 7720
441 442 7720
442 443 7720
443 444 7720
444 445 7720
445 446 7720
446 447 7720
447 448 7720
448 449 7720
449 450 7720
450 451 7720
451 452 7720
452 453 7720
453 454 7720
454 455 7720
455 456 7720
456 457 7720
457 458 7720
458 459 7720
459 460 7720
460 461 7720
461 462 7720
462 463 7720
463 464 7720
464 465 7720
465 466 7720
466 467 7720
467 468 7720
468 469 7720
469 470 7720
470 471 7720
471 472 7720
472 473 7720
473 474 7720
474 475 7720
475 476 7720
476 477 7720
477 478 7720
478 479 7720
479 480 7720
480 481 7720
481 482 7720
482 483 7720
483 484 7720
484 485 7720
485 486 7720
486 487 7720
487 488 7720
488 489 7720
489 490 7720
490 491 7720
491 492 7720
492 493 7720
493 494 7720
494 495 7720
495 496 7720
496 497 7720
497 498 7720
498 499 7720
499 500 7720
500 501 7720
501 502 7720
502 503 7720
503 504 7720
504 505 7720
505 506 7720
506 507 7720
507 508 7720
508 509 7720
509 510 7720
510 511 7720
511 512 7720
512 513 7720
513 514 7720
514 515 7720
515 516 7720
516 517 7720
517 518 7720
518 519 7720
519 520 7720
520 521 7720
521 522 7720
522 523 7720
523 524 7720
524 525 7720
525 526 7720
526 527 7720
527 528 7720
528 529 7720
529 530 7720
530 531 7720
531 532 7720
532 533 7720
533 534 7720
534 535 7720
535 536 7720
536 537 7720
537 538 7720
538 539 7720
539 540 7720
540 541 7720
541 542 7720
542 543 7720
543 544 7720
544 545 7720
545 546 7720
546 547 7720
547 548 7720
548 549 7720
549 550 7720
550 551 7720
551 552 7720
552 553 7720
553 554 7720
554 555 7720
555 556 7720
556 557 7720
557 558 7720
558 559 7720
559 560 7720
560 561 7720
561 562 7720
562 563 7720
563 564 7720
564 565 7720
565 566 7720
566 567 7720
567 568 7720
568 569 7720
569 570 7720
570 571 7720
571 572 7720
572 573 7720
573 574 7720
574 575 7720
575 576 7720
576 577 7720
577 578 7720
578 579 7720
579 580 7720
580 581 7720
581 582 7720
582 583 7720
583 584 7720
584 585 7720
585 586 7720
586 587 7720
587 588 7720
588 589 7720
589 590 7720
590 591 7720
591 592 7720
592 593 7720
593 594 7720
594 595 7720
595 596 7720
596 597 7720
597 598 7720
598 599 7720
599 600 7720
600 601 7720
601 602 7720
602 603 7720
603 604 7720
604 605 7720
605 606 7720
606 607 7720
607 608 7720
608 609 7720
609 610 7720
610 611 7720
611 612 7720
612 613 7720
613 614 7720
614 615 7720
615 616 7720
616 617 7720
617 618 7720
618 619 7720
619 620 7720
620 621 7720
621 622 7720
622 623 7720
623 624 7720
624 625 7720
625 626 7720
626 627 7720
627 628 7720
628 629 7720
629 630 7720
630 631 7720
631 632 7720
632 633 7720
633 634 7720
634 635 7720
635 636 7720
636 637 7720
637 638 7720
638 639 7720
639 640 7720
640 641 7720
641 642 7720
642 643 7720
643 644 7720
644 645 7720
645 646 7720
646 647 7720
647 648 7720
648 649 7720
649 650 7720
650 651 7720
651 652 7720
652 653 7720
653 654 7720
654 655 7720
655 656 7720
656 657 7720
657 658 7720
658 659 7720
659 660 7720
660 661 7720
661 662 7720
662 663 7720
663 664 7720
664 665 7720
665 666 7720
666 667 7720
667 668 7720
668 669 7720
669 670 7720
670 671 7720
671 672 7720
672 673 7720
673 674 7720
674 675 7720
675 676 7720
676 677 7720
677 678 7720
678 679 7720
679 680 7720
680 681 7720
681 682 7720
682 683 7720
683 684 7720
684 685 7720
685 686 7720
686 687 7720
687 688 7720
688 689 7720
689 690 7720
690 691 7720
691 692 7720
692 693 7720
693 694 7720
694 695 7720
695 696 7720
696 697 7720
697 698 7720
698 699 7720
699 700 7720
700 701 7720
701 702 7720
702 703 7720
703 704 7720
704 705 7720
705 706 7720
706 707 7720
707 708 7720
708 709 7720
709 710 7720
710 711 7720
711 712 7720
712 713 7720
713 714 7720
714 715 7720
715 716 7720
716 717 7720
717 718 7720
718 719 7720
719 720 7720
720 721 7720
721 722 7720
722 723 7720
723 724 7720
724 725 7720
725 726 7720
726 727 7720
727 728 7720
728 729 7720
729 730 7720
730 731 7720
731 732 7720
732 733 7720
733 734 7720
734 735 7720
735 736 7720
736 737 7720
737 738 7720
738 739 7720
739 740 7720
740 741 7720
741 742 7720
742 743 7720
743 744 7720
744 745 7720
745 746 7720
746 747 7720
747 748 7720
748 749 7720
749 750 7720
750 751 7720
751 752 7720
752 753 7720
753 754 7720
754 755 7720
755 756 7720
756 757 7720
757 758 7720
758 759 7720
759 760 7720
760 761 7720
761 762 7720
762 763 7720
763 764 7720
764 765 7720
765 766 7720
766 767 7720
767 768 7720
768 769 7720
769 770 7720
770 771 7720
210 621 7720
19 605 7720
332 746 7720
162 232 7720
162 397 7720
206 654 7720
213 754 7720
144 711 7720
374 452 7720
233 651 7720
349 536 7720
374 685 7720
345 506 7720
126 169 7720
363 445 7720
95 214 7720
131 304 7720
304 347 7720
108 699 7720
254 517 7720
190 474 7720
251 435 7720
352 362 7720
147 423 7720
39 768 7720
321 694 7720
79 748 7720
366 689 7720
132 261 7720
37 646 7720
327 462 7720
182 769 7720
337 437 7720
362 510 7720
148 535 7720
262 722 7720
228 252 7720
9 63 7720
58 670 7720
88 296 7720
75 446 7720
259 382 7720
38 266 7720
222 289 7720
106 256 7720
54 265 7720
84 719 7720
68 226 7720
257 281 7720
363 761 7720
6 341 7720
26 335 7720
301 766 7720
121 362 7720
256 492 7720
15 423 7720
379 698 7720
67 236 7720
166 650 7720
372 669 7720
163 647 7720
39 374 7720
107 694 7720
30 458 7720
118 516 7720
210 685 7720
20 156 7720
105 743 7720
16 533 7720
299 635 7720
311 404 7720
240 616 7720
182 496 7720
381 761 7720
109 178 7720
115 724 7720
142 350 7720
14 357 7720
320 562 7720
108 466 7720
383 449 7720
187 257 7720
275 736 7720
44 328 7720
370 755 7720
374 585 7720
374 543 7720
238 710 7720
169 521 7720
137 240 7720
34 649 7720
70 130 7720
98 429 7720
147 246 7720
133 557 7720
295 524 7720
107 661 7720
176 394 7720
169 552 7720
178 380 7720
189 747 7720
362 623 7720
148 638 7720
311 547 7720
355 591 7720
149 317 7720
341 385 7720
291 508 7720
312 378 7720
311 400 7720
227 384 7720
370 606 7720
207 539 7720
307 583 7720
167 187 7720
26 266 7720
240 549 7720
294 325 7720
13 43 7720
252 458 7720
297 550 7720
140 457 7720
318 342 7720
26 384 7720
355 507 7720
98 743 7720
229 238 7720
131 626 7720
375 700 7720
179 699 7720
363 527 7720
50 405 7720
365 653 7720
142 209 7720
105 582 7720
301 465 7720
88 419 7720
161 398 7720
297 361 7720
310 715 7720
272 685 7720
213 660 7720
203 728 7720
314 502 7720
29 513 7720
71 103 7720
47 452 7720
63 590 7720
200 256 7720
326 540 7720
122 453 7720
147 619 7720
78 424 7720
144 451 7720
386 472 7720
3 425 7720
147 563 7720
63 77 7720
287 544 7720
3 733 7720
84 681 7720
110 172 7720
198 565 7720
219 747 7720
129 174 7720
230 623 7720
69 356 7720
27 328 7720
365 579 7720
12 280 7720
293 429 7720
269 542 7720
15 324 7720
26 617 7720
168 416 7720
28 567 7720
273 555 7720
103 686 7720
143 628 7720
292 334 7720
3 531 7720
380 420 7720
338 704 7720
229 302 7720
348 402 7720
364 747 7720
71 642 7720
42 238 7720
41 320 7720
97 360 7720
107 565 7720
33 166 7720
364 392 7720
77 698 7720
272 590 7720
344 718 7720
148 555 7720
321 341 7720
349 373 7720
285 681 7720
370 426 7720
77 215 7720
271 439 7720
247 485 7720
52 338 7720
143 644 7720
147 743 7720
145 396 7720
82 670 7720
23 159 7720
222 672 7720
48 509 7720
360 743 7720
339 562 7720
75 216 7720
151 683 7720
376 434 7720
358 465 7720
245 474 7720
277 289 7720
26 587 7720
351 676 7720
361 653 7720
355 734 7720
144 190 7720
182 732 7720
183 397 7720
18 370 7720
262 570 7720
79 97 7720
8 642 7720
315 738 7720
176 679 7720
358 734 7720
347 590 7720
299 620 7720
199 500 7720
237 337 7720
361 557 7720
124 747 7720
162 215 7720
150 390 7720
308 605 7720
214 716 7720
306 671 7720
188 554 7720
291 425 7720
60 669 7720
92 391 7720
113 132 7720
72 85 7720
292 487 7720
310 714 7720
370 641 7720
230 551 7720
65 602 7720
291 741 7720
271 360 7720
308 365 7720
246 676 7720
272 298 7720
348 737 7720
277 416 7720
142 600 7720
143 259 7720
233 487 7720
48 770 7720
61 757 7720
171 451 7720
336 466 7720
205 509 7720
86 431 7720
70 720 7720
351 465 7720
92 382 7720
11 270 7720
37 652 7720
57 543 7720
315 322 7720
101 561 7720
26 621 7720
174 409 7720
129 466 7720
228 748 7720
355 754 7720
276 730 7720
105 571 7720
124 632 7720
355 674 7720
182 668 7720
233 539 7720
69 278 7720
39 496 7720
195 698 7720
17 179 7720
248 513 7720
204 424 7720
80 661 7720
171 290 7720
373 702 7720
127 579 7720
167 748 7720
63 124 7720
65 243 7720
164 275 7720
329 338 7720
344 769 7720
352 669 7720
166 393 7720
63 305 7720
317 506 7720
140 319 7720
216 254 7720
185 219 7720
282 390 7720
30 315 7720
356 672 7720
347 406 7720
342 604 7720
91 457 7720
66 414 7720
272 381 7720
36 562 7720
152 556 7720
274 278 7720
55 72 7720
363 677 7720
220 735 7720
317 394 7720
350 582 7720
188 611 7720
90 733 7720
120 752 7720
336 591 7720
231 678 7720
211 691 7720
302 562 7720
203 471 7720
125 374 7720
19 376 7720
240 595 7720
83 191 7720
96 365 7720
209 606 7720
308 709 7720
88 213 7720
250 468 7720
150 532 7720
306 439 7720
52 205 7720
196 718 7720
164 322 7720
346 363 7720
111 566 7720
371 429 7720
339 616 7720
375 617 7720
265 485 7720
308 676 7720
110 136 7720
372 445 7720
136 236 7720
292 771 7720
316 586 7720
285 532 7720
352 701 7720
157 575 7720
342 478 7720
332 771 7720
192 200 7720
266 591 7720
173 365 7720
298 577 7720
263 517 7720
34 458 7720
213 657 7720
258 481 7720
62 81 7720
107 757 7720
214 257 7720
368 500 7720
211 769 7720
218 753 7720
106 376 7720
157 532 7720
66 571 7720
353 640 7720
116 586 7720
215 749 7720
253 289 7720
382 555 7720
299 438 7720
84 645 7720
22 726 7720
258 407 7720
260 747 7720
200 412 7720
306 363 7720
320 539 7720
350 576 7720
93 500 7720
109 606 7720
142 437 7720
193 203 7720
303 334 7720
335 526 7720
3 744 7720
122 557 7720
220 249 7720
134 417 7720
99 159 7720
52 405 7720
44 663 7720
3 702 7720
189 397 7720
290 331 7720
191 590 7720
62 449 7720
297 608 7720
379 759 7720
7 694 7720
98 118 7720
296 464 7720
243 494 7720
237 639 7720
77 716 7720
110 456 7720
298 345 7720
250 728 7720
177 230 7720
58 493 7720
312 706 7720
89 434 7720
3 421 7720
238 427 7720
331 387 7720
332 618 7720
205 431 7720
357 556 7720
190 444 7720
370 526 7720
90 265 7720
212 604 7720
35 207 7720
249 763 7720
243 526 7720
14 128 7720
282 495 7720
374 662 7720
142 506 7720
121 520 7720
237 631 7720
6 256 7720
106 200 7720
167 700 7720
171 668 7720
204 491 7720
158 465 7720
96 683 7720
35 41 7720
127 669 7720
380 556 7720
115 296 7720
289 747 7720
353 371 7720
6 354 7720
300 308 7720
315 767 7720
320 710 7720
354 516 7720
274 427 7720
29 141 7720
336 570 7720
120 482 7720
30 594 7720
335 598 7720
103 259 7720
13 694 7720
300 612 7720
185 251 7720
73 666 7720
327 653 7720
121 649 7720
211 556 7720
20 29 7720
273 590 7720
273 591 7720
251 503 7720
276 351 7720
139 740 7720
90 502 7720
350 649 7720
41 314 7720
53 269 7720
40 131 7720
283 521 7720
141 505 7720
165 236 7720
100 288 7720
351 522 7720
330 657 7720
160 333 7720
217 269 7720
262 297 7720
69 546 7720
210 372 7720
250 731 7720
369 484 7720
138 663 7720
70 674 7720
291 356 7720
374 598 7720
153 580 7720
344 690 7720
330 437 7720
7 705 7720
199 420 7720
200 463 7720
371 397 7720
89 582 7720
102 372 7720
25 452 7720
176 452 7720
270 512 7720
143 620 7720
60 492 7720
21 466 7720
310 695 7720
124 127 7720
309 641 7720
228 685 7720
193 586 7720
124 171 7720
208 323 7720
91 150 7720
329 373 7720
34 631 7720
317 674 7720
304 770 7720
49 560 7720
235 398 7720
376 741 7720
178 671 7720
28 157 7720
181 470 7720
164 388 7720
168 420 7720
18 323 7720
242 675 7720
272 533 7720
348 536 7720
23 57 7720
238 720 7720
220 681 7720
90 395 7720
246 484 7720
121 399 7720
125 370 7720
96 340 7720
148 279 7720
38 509 7720
291 546 7720
193 589 7720
159 312 7720
122 404 7720
279 494 7720
270 761 7720
98 691 7720
177 691 7720
130 689 7720
332 365 7720
203 532 7720
248 528 7720
309 405 7720
6 89 7720
90 126 7720
293 684 7720
212 374 7720
45 92 7720
26 283 7720
43 412 7720
84 156 7720
379 410 7720
21 229 7720
261 417 7720
165 209 7720
265 702 7720
117 230 7720
230 257 7720
77 610 7720
167 766 7720
174 690 7720
143 366 7720
293 638 7720
203 482 7720
124 407 7720
4 69 7720
53 759 7720
362 468 7720
87 149 7720
321 579 7720
12 28 7720
347 632 7720
210 665 7720
30 636 7720
280 418 7720
350 608 7720
285 437 7720
71 482 7720
29 468 7720
127 443 7720
297 438 7720
195 715 7720
78 600 7720
309 571 7720
179 717 7720
301 507 7720
315 377 7720
255 449 7720
178 340 7720
274 346 7720
155 389 7720
181 710 7720
246 565 7720
289 669 7720
96 325 7720
323 745 7720
226 257 7720
296 380 7720
28 606 7720
103 646 7720
190 613 7720
290 315 7720
281 554 7720
182 646 7720
338 691 7720
151 732 7720
51 406 7720
142 392 7720
225 592 7720
189 226 7720
253 628 7720
84 724 7720
196 482 7720
268 498 7720
93 441 7720
205 436 7720
188 737 7720
380 478 7720
279 339 7720
75 376 7720
34 258 7720
314 565 7720
88 348 7720
88 578 7720
6 542 7720
295 410 7720
17 107 7720
231 657 7720
200 357 7720
143 687 7720
304 418 7720
269 483 7720
238 391 7720
352 437 7720
278 711 7720
324 631 7720
185 652 7720
162 192 7720
37 250 7720
16 131 7720
209 281 7720
143 435 7720
386 633 7720
257 496 7720
133 432 7720
194 510 7720
205 610 7720
147 309 7720
250 605 7720
91 753 7720
131 704 7720
133 323 7720
183 696 7720
144 556 7720
94 142 7720
361 543 7720
341 443 7720
83 657 7720
132 372 7720
3 498 7720
273 328 7720
23 541 7720
33 590 7720
289 642 7720
263 410 7720
305 486 7720
138 282 7720
163 695 7720
312 496 7720
147 266 7720
72 397 7720
103 211 7720
322 630 7720
200 760 7720
122 276 7720
48 617 7720
321 495 7720
213 387 7720
223 610 7720
26 499 7720
74 435 7720
378 610 7720
353 597 7720
193 418 7720
186 735 7720
259 523 7720
121 600 7720
241 494 7720
135 716 7720
92 471 7720
37 307 7720
18 145 7720
338 712 7720
222 667 7720
267 666 7720
175 504 7720
56 378 7720
289 733 7720
155 322 7720
240 300 7720
52 751 7720
128 462 7720
241 270 7720
302 528 7720
230 572 7720
262 416 7720
165 406 7720
374 652 7720
17 183 7720
309 520 7720
144 680 7720
187 272 7720
98 544 7720
268 615 7720
76 461 7720
134 589 7720
191 540 7720
252 642 7720
65 550 7720
67 758 7720
326 719 7720
147 750 7720
34 765 7720
169 444 7720
248 727 7720
33 364 7720
225 257 7720
34 558 7720
12 170 7720
362 587 7720
312 715 7720
102 297 7720
95 655 7720
328 333 7720
305 702 7720
42 709 7720
298 767 7720
98 572 7720
