0 1 7760
1 2 7760
2 3 7760
3 4 7760
4 5 7760
5 6 7760
6 7 7760
7 8 7760
8 9 7760
9 10 7760
10 11 7760
11 12 7760
12 13 7760
13 14 7760
14 15 7760
15 16 7760
16 17 7760
17 18 7760
18 19 7760
19 20 7760
20 21 7760
21 22 7760
22 23 7760
23 24 7760
24 25 7760
25 26 7760
26 27 7760
27 28 7760
28 29 7760
29 30 7760
30 31 7760
31 32 7760
32 33 7760
33 34 7760
34 35 7760
35 36 7760
36 37 7760
37 38 7760
38 39 7760
39 40 7760
40 41 7760
41 42 7760
42 43 7760
43 44 7760
44 45 7760
45 46 7760
46 47 7760
47 48 7760
48 49 7760
49 50 7760
50 51 7760
51 52 7760
52 53 7760
53 54 7760
54 55 7760
55 56 7760
56 57 7760
57 58 7760
58 59 7760
59 60 7760
60 61 7760
61 62 7760
62 63 7760
63 64 7760
64 65 7760
65 66 7760
66 67 7760
67 68 7760
68 69 7760
69 70 7760
70 71 7760
71 72 7760
72 73 7760
73 74 7760
74 75 7760
75 76 7760
76 77 7760
77 78 7760
78 79 7760
79 80 7760
80 81 7760
81 82 7760
82 83 7760
83 84 7760
84 85 7760
85 86 7760
86 87 7760
87 88 7760
88 89 7760
89 90 7760
90 91 7760
91 92 7760
92 93 7760
93 94 7760
94 95 7760
95 96 7760
96 97 7760
97 98 7760
98 99 7760
99 100 7760
100 101 7760
101 102 7760
102 103 7760
103 104 7760
104 105 7760
105 106 7760
106 107 7760
107 108 7760
108 109 7760
109 110 7760
110 111 7760
111 112 7760
112 113 7760
113 114 7760
114 115 7760
115 116 7760
116 117 7760
117 118 7760
118 119 7760
119 120 7760
120 121 7760
121 122 7760
122 123 7760
123 124 7760
124 125 7760
125 126 7760
126 127 7760
127 128 7760
128 129 7760
129 130 7760
130 131 7760
131 132 7760
132 133 7760
133 134 7760
134 135 7760
135 136 7760
136 137 7760
137 138 7760
138 139 7760
139 140 7760
140 141 7760
141 142 7760
142 143 7760
143 144 7760
144 145 7760
145 146 7760
146 147 7760
147 148 7760
148 149 7760
149 150 7760
150 151 7760
151 152 7760
152 153 7760
153 154 7760
154 155 7760
155 156 7760
156 157 7760
157 158 7760
158 159 7760
159 160 7760
160 161 7760
161 162 7760
162 163 7760
163 164 7760
164 165 7760
165 166 7760
166 167 7760
167 168 7760
168 169 7760
169 170 7760
170 171 7760
171 172 7760
172 173 7760
173 174 7760
174 175 7760
175 176 7760
176 177 7760
177 178 7760
178 179 7760
179 180 7760
180 181 7760
181 182 7760
182 183 7760
183 184 7760
184 185 7760
185 186 7760
186 187 7760
187 188 7760
188 189 7760
189 190 7760
190 191 7760
191 192 7760
192 193 7760
193 194 7760
194 195 7760
195 196 7760
196 197 7760
197 198 7760
198 199 7760
199 200 7760
200 201 7760
201 202 7760
202 203 7760
203 204 7760
204 205 7760
205 206 7760
206 207 7760
207 208 7760
208 209 7760
209 210 7760
210 211 7760
211 212 7760
212 213 7760
213 214 7760
214 215 7760
215 216 7760
216 217 7760
217 218 7760
218 219 7760
219 220 7760
220 221 7760
221 222 7760
222 223 7760
223 224 7760
224 225 7760
225 226 7760
226 227 7760
227 228 7760
228 229 7760
229 230 7760
230 231 7760
231 232 7760
232 233 7760
233 234 7760
234 235 7760
235 236 7760
236 237 7760
237 238 7760
238 239 7760
239 240 7760
240 241 7760
241 242 7760
242 243 7760
243 244 7760
244 245 7760
245 246 7760
246 247 7760
247 248 7760
248 249 7760
249 250 7760
250 251 7760
251 252 7760
252 253 7760
253 254 7760
254 255 7760
255 256 7760
256 257 7760
257 258 7760
258 259 7760
259 260 7760
260 261 7760
261 262 7760
262 263 7760
263 264 7760
264 265 7760
265 266 7760
266 267 7760
267 268 7760
268 269 7760
269 270 7760
270 271 7760
271 272 7760
272 273 7760
273 274 7760
274 275 7760
275 276 7760
276 277 7760
277 278 7760
278 279 7760
279 280 7760
280 281 7760
281 282 7760
282 283 7760
283 284 7760
284 285 7760
285 286 7760
286 287 7760
287 288 7760
288 289 7760
289 290 7760
290 291 7760
291 292 7760
292 293 7760
293 294 7760
294 295 7760
295 296 7760
296 297 7760
297 298 7760
298 299 7760
299 300 7760
300 301 7760
301 302 7760
302 303 7760
303 304 7760
304 305 7760
305 306 7760
306 307 7760
307 308 7760
308 309 7760
309 310 7760
310 311 7760
311 312 7760
312 313 7760
313 314 7760
314 315 7760
315 316 7760
316 317 7760
317 318 7760
318 319 7760
319 320 7760
320 321 7760
321 322 7760
322 323 7760
323 324 7760
324 325 7760
325 326 7760
326 327 7760
327 328 7760
328 329 7760
329 330 7760
330 331 7760
331 332 7760
332 333 7760
333 334 7760
334 335 7760
335 336 7760
336 337 7760
337 338 7760
338 339 7760
339 340 7760
340 341 7760
341 342 7760
342 343 7760
343 344 7760
344 345 7760
345 346 7760
346 347 7760
347 348 7760
348 349 7760
349 350 7760
350 351 7760
351 352 7760
352 353 7760
353 354 7760
354 355 7760
355 356 7760
356 357 7760
357 358 7760
358 359 7760
359 360 7760
360 361 7760
361 362 7760
362 363 7760
363 364 7760
364 365 7760
365 366 7760
366 367 7760
367 368 7760
368 369 7760
369 370 7760
370 371 7760
371 372 7760
372 373 7760
373 374 7760
374 375 7760
375 376 7760
376 377 7760
377 378 7760
378 379 7760
379 380 7760
380 381 7760
381 382 7760
382 383 7760
383 384 7760
384 385 7760
385 386 7760
386 387 7760
387 388 7760
388 389 7760
389 390 7760
390 391 7760
391 392 7760
392 393 7760
393 394 7760
394 395 7760
395 396 7760
396 397 7760
397 398 7760
398 399 7760
399 400 7760
400 401 7760
401 402 7760
402 403 7760
403 404 7760
404 405 7760
405 406 7760
406 407 7760
407 408 7760
408 409 7760
409 410 7760
410 411 7760
411 412 7760
412 413 7760
413 414 7760
414 415 7760
415 416 7760
416 417 7760
417 418 7760
418 419 7760
419 420 7760
420 421 7760
421 422 7760
422 423 7760
423 424 7760
424 425 7760
425 426 7760
426 427 7760
427 428 7760
428 429 7760
429 430 7760
430 431 7760
431 432 7760
432 433 7760
433 434 7760
434 435 7760
435 436 7760
436 437 7760
437 438 7760
438 439 7760
439 440 7760
440 441 7760
441 442 7760
442 443 7760
443 444 7760
444 445 7760
445 446 7760
446 447 7760
447 448 7760
448 449 7760
449 450 7760
450 451 7760
451 452 7760
452 453 7760
453 454 7760
454 455 7760
455 456 7760
456 457 7760
457 458 7760
458 459 7760
459 460 7760
460 461 7760
461 462 7760
462 463 7760
463 464 7760
464 465 7760
465 466 7760
466 467 7760
467 468 7760
468 469 7760
469 470 7760
470 471 7760
471 472 7760
472 473 7760
473 474 7760
474 475 7760
475 476 7760
476 477 7760
477 478 7760
478 479 7760
479 480 7760
480 481 7760
481 482 7760
482 483 7760
483 484 7760
484 485 7760
485 486 7760
486 487 7760
487 488 7760
488 489 7760
489 490 7760
490 491 7760
491 492 7760
492 493 7760
493 494 7760
494 495 7760
495 496 7760
496 497 7760
497 498 7760
498 499 7760
499 500 7760
500 501 7760
501 502 7760
502 503 7760
503 504 7760
504 505 7760
505 506 7760
506 507 7760
507 508 7760
508 509 7760
509 510 7760
510 511 7760
511 512 7760
512 513 7760
513 514 7760
514 515 7760
515 516 7760
516 517 7760
517 518 7760
518 519 7760
519 520 7760
520 521 7760
521 522 7760
522 523 7760
523 524 7760
524 525 7760
525 526 7760
526 527 7760
527 528 7760
528 529 7760
529 530 7760
530 531 7760
531 532 7760
532 533 7760
533 534 7760
534 535 7760
535 536 7760
536 537 7760
537 538 7760
538 539 7760
539 540 7760
540 541 7760
541 542 7760
542 543 7760
543 544 7760
544 545 7760
545 546 7760
546 547 7760
547 548 7760
548 549 7760
549 550 7760
550 551 7760
551 552 7760
552 553 7760
553 554 7760
554 555 7760
555 556 7760
556 557 7760
557 558 7760
558 559 7760
559 560 7760
560 561 7760
561 562 7760
562 563 7760
563 564 7760
564 565 7760
565 566 7760
566 567 7760
567 568 7760
568 569 7760
569 570 7760
570 571 7760
571 572 7760
572 573 7760
573 574 7760
574 575 7760
575 576 7760
576 577 7760
577 578 7760
578 579 7760
579 580 7760
580 581 7760
581 582 7760
582 583 7760
583 584 7760
584 585 7760
585 586 7760
586 587 7760
587 588 7760
588 589 7760
589 590 7760
590 591 7760
591 592 7760
592 593 7760
593 594 7760
594 595 7760
595 596 7760
596 597 7760
597 598 7760
598 599 7760
599 600 7760
600 601 7760
601 602 7760
602 603 7760
603 604 7760
604 605 7760
605 606 7760
606 607 7760
607 608 7760
608 609 7760
609 610 7760
610 611 7760
611 612 7760
612 613 7760
613 614 7760
614 615 7760
615 616 7760
616 617 7760
617 618 7760
618 619 7760
619 620 7760
620 621 7760
621 622 7760
622 623 7760
623 624 7760
624 625 7760
625 626 7760
626 627 7760
627 628 7760
628 629 7760
629 630 7760
630 631 7760
631 632 7760
632 633 7760
633 634 7760
634 635 7760
635 636 7760
636 637 7760
637 638 7760
638 639 7760
639 640 7760
640 641 7760
641 642 7760
642 643 7760
643 644 7760
644 645 7760
645 646 7760
646 647 7760
647 648 7760
648 649 7760
649 650 7760
650 651 7760
651 652 7760
652 653 7760
653 654 7760
654 655 7760
655 656 7760
656 657 7760
657 658 7760
658 659 7760
659 660 7760
660 661 7760
661 662 7760
662 663 7760
663 664 7760
664 665 7760
665 666 7760
666 667 7760
667 668 7760
668 669 7760
669 670 7760
670 671 7760
671 672 7760
672 673 7760
673 674 7760
674 675 7760
675 676 7760
676 677 7760
677 678 7760
678 679 7760
679 680 7760
680 681 7760
681 682 7760
682 683 7760
683 684 7760
684 685 7760
685 686 7760
686 687 7760
687 688 7760
688 689 7760
689 690 7760
690 691 7760
691 692 7760
692 693 7760
693 694 7760
694 695 7760
695 696 7760
696 697 7760
697 698 7760
698 699 7760
699 700 7760
700 701 7760
701 702 7760
702 703 7760
703 704 7760
704 705 7760
705 706 7760
706 707 7760
707 708 7760
708 709 7760
709 710 7760
710 711 7760
711 712 7760
712 713 7760
713 714 7760
714 715 7760
715 716 7760
716 717 7760
717 718 7760
718 719 7760
719 720 7760
720 721 7760
721 722 7760
722 723 7760
723 724 7760
724 725 7760
725 726 7760
726 727 7760
727 728 7760
728 729 7760
729 730 7760
730 731 7760
731 732 7760
732 733 7760
733 734 7760
734 735 7760
735 736 7760
736 737 7760
737 738 7760
738 739 7760
739 740 7760
740 741 7760
741 742 7760
742 743 7760
743 744 7760
744 745 7760
745 746 7760
746 747 7760
747 748 7760
748 749 7760
749 750 7760
750 751 7760
751 752 7760
752 753 7760
753 754 7760
754 755 7760
755 756 7760
756 757 7760
757 758 7760
758 759 7760
759 760 7760
760 761 7760
761 762 7760
762 763 7760
763 764 7760
764 765 7760
765 766 7760
766 767 7760
767 768 7760
768 769 7760
769 770 7760
770 771 7760
771 772 7760
772 773 7760
773 774 7760
774 775 7760
163 692 7760
213 606 7760
92 96 7760
68 662 7760
333 649 7760
288 487 7760
76 274 7760
296 379 7760
101 480 7760
44 516 7760
13 197 7760
332 546 7760
245 352 7760
279 555 7760
297 352 7760
163 377 7760
133 750 7760
23 229 7760
29 242 7760
309 368 7760
115 515 7760
385 508 7760
3 587 7760
207 301 7760
162 392 7760
226 773 7760
36 757 7760
73 321 7760
211 727 7760
266 631 7760
41 681 7760
34 502 7760
226 725 7760
98 342 7760
119 753 7760
185 616 7760
224 392 7760
276 414 7760
288 468 7760
57 413 7760
124 360 7760
181 283 7760
294 355 7760
254 323 7760
78 320 7760
364 616 7760
111 298 7760
264 594 7760
161 484 7760
356 430 7760
111 307 7760
374 506 7760
341 737 7760
152 458 7760
86 478 7760
140 728 7760
357 379 7760
45 402 7760
359 763 7760
7 342 7760
219 592 7760
267 532 7760
142 563 7760
242 530 7760
283 590 7760
226 321 7760
211 361 7760
311 615 7760
61 649 7760
240 432 7760
194 275 7760
117 140 7760
381 694 7760
156 694 7760
98 143 7760
281 565 7760
15 287 7760
219 645 7760
166 190 7760
361 468 7760
64 731 7760
380 411 7760
123 294 7760
378 760 7760
333 475 7760
201 324 7760
247 529 7760
359 713 7760
270 484 7760
262 553 7760
356 473 7760
60 341 7760
204 318 7760
60 614 7760
110 191 7760
114 707 7760
146 430 7760
46 243 7760
187 624 7760
190 702 7760
180 223 7760
127 744 7760
68 696 7760
370 742 7760
287 699 7760
138 416 7760
71 295 7760
363 700 7760
30 172 7760
25 382 7760
60 585 7760
276 403 7760
208 233 7760
262 578 7760
198 287 7760
198 429 7760
133 349 7760
2 504 7760
124 309 7760
294 335 7760
293 326 7760
36 324 7760
189 763 7760
348 742 7760
345 413 7760
142 474 7760
350 591 7760
130 377 7760
145 192 7760
365 504 7760
82 626 7760
329 573 7760
186 206 7760
82 91 7760
128 181 7760
307 395 7760
124 217 7760
385 502 7760
291 733 7760
103 762 7760
275 495 7760
329 586 7760
99 275 7760
68 334 7760
163 552 7760
357 462 7760
118 551 7760
66 413 7760
229 736 7760
149 589 7760
85 756 7760
24 696 7760
146 717 7760
67 555 7760
220 479 7760
166 294 7760
384 544 7760
344 620 7760
322 724 7760
247 252 7760
4 716 7760
60 296 7760
14 395 7760
340 361 7760
354 526 7760
22 653 7760
3 437 7760
261 271 7760
19 540 7760
46 486 7760
173 334 7760
207 764 7760
207 533 7760
171 417 7760
196 726 7760
65 167 7760
85 630 7760
160 320 7760
230 294 7760
320 562 7760
139 312 7760
124 730 7760
217 451 7760
363 490 7760
45 461 7760
296 490 7760
162 177 7760
151 239 7760
219 460 7760
45 467 7760
370 537 7760
312 375 7760
313 389 7760
85 136 7760
118 757 7760
69 278 7760
298 726 7760
46 464 7760
204 474 7760
94 709 7760
196 344 7760
263 291 7760
236 556 7760
352 530 7760
336 582 7760
135 311 7760
332 746 7760
247 326 7760
28 433 7760
259 315 7760
286 773 7760
242 645 7760
183 482 7760
19 516 7760
179 696 7760
95 261 7760
240 276 7760
256 411 7760
361 426 7760
261 557 7760
90 117 7760
235 601 7760
239 638 7760
266 350 7760
198 321 7760
311 473 7760
280 481 7760
4 15 7760
331 516 7760
295 302 7760
371 740 7760
233 656 7760
102 442 7760
238 345 7760
268 387 7760
48 331 7760
76 460 7760
359 634 7760
67 316 7760
383 632 7760
298 384 7760
338 600 7760
213 585 7760
260 771 7760
211 557 7760
304 770 7760
183 638 7760
299 309 7760
385 409 7760
25 101 7760
155 437 7760
290 351 7760
281 297 7760
370 611 7760
340 744 7760
104 511 7760
205 455 7760
362 414 7760
180 464 7760
312 422 7760
163 504 7760
146 740 7760
183 509 7760
13 236 7760
364 593 7760
48 181 7760
68 138 7760
78 446 7760
32 97 7760
107 213 7760
69 221 7760
302 604 7760
153 682 7760
1 423 7760
223 691 7760
208 464 7760
113 567 7760
188 427 7760
260 769 7760
12 390 7760
293 389 7760
334 420 7760
201 622 7760
238 538 7760
54 68 7760
289 708 7760
387 466 7760
309 619 7760
378 615 7760
145 322 7760
370 711 7760
388 769 7760
102 152 7760
238 283 7760
7 724 7760
29 103 7760
225 402 7760
208 738 7760
19 260 7760
323 595 7760
126 361 7760
10 601 7760
35 677 7760
167 617 7760
261 442 7760
286 748 7760
379 627 7760
33 724 7760
349 479 7760
71 433 7760
232 474 7760
94 573 7760
329 546 7760
58 158 7760
215 334 7760
336 573 7760
309 334 7760
210 366 7760
249 655 7760
201 384 7760
149 478 7760
70 758 7760
278 610 7760
213 514 7760
47 290 7760
112 407 7760
145 182 7760
133 513 7760
95 99 7760
90 96 7760
255 599 7760
323 582 7760
123 512 7760
190 199 7760
310 700 7760
2 694 7760
223 362 7760
374 743 7760
198 371 7760
166 728 7760
376 412 7760
343 587 7760
108 408 7760
204 676 7760
66 371 7760
154 373 7760
356 402 7760
61 428 7760
224 771 7760
310 650 7760
8 68 7760
162 534 7760
73 459 7760
19 710 7760
101 650 7760
353 379 7760
138 417 7760
244 639 7760
308 626 7760
220 551 7760
147 404 7760
313 683 7760
378 496 7760
89 115 7760
72 303 7760
314 619 7760
31 88 7760
50 753 7760
67 698 7760
189 362 7760
77 701 7760
359 610 7760
243 643 7760
48 372 7760
212 302 7760
107 659 7760
170 495 7760
104 152 7760
381 691 7760
249 602 7760
268 544 7760
250 756 7760
133 345 7760
211 406 7760
245 544 7760
50 91 7760
135 717 7760
203 567 7760
307 426 7760
342 773 7760
305 629 7760
363 397 7760
45 55 7760
86 684 7760
10 367 7760
387 392 7760
289 747 7760
93 237 7760
217 415 7760
278 499 7760
279 743 7760
0 697 7760
374 698 7760
286 476 7760
73 124 7760
66 356 7760
356 364 7760
168 383 7760
13 592 7760
184 391 7760
250 423 7760
175 349 7760
96 512 7760
11 295 7760
371 616 7760
59 343 7760
288 631 7760
364 560 7760
223 409 7760
344 506 7760
77 278 7760
24 359 7760
346 420 7760
0 689 7760
23 452 7760
346 350 7760
255 500 7760
55 522 7760
308 443 7760
381 678 7760
95 249 7760
17 404 7760
276 771 7760
378 382 7760
318 348 7760
50 455 7760
304 763 7760
345 610 7760
14 78 7760
150 767 7760
77 432 7760
377 476 7760
362 741 7760
2 697 7760
111 574 7760
87 265 7760
98 436 7760
204 690 7760
103 724 7760
194 322 7760
347 581 7760
213 250 7760
128 188 7760
202 292 7760
301 311 7760
223 359 7760
330 474 7760
246 698 7760
197 701 7760
241 355 7760
375 428 7760
147 578 7760
244 294 7760
261 437 7760
56 586 7760
242 762 7760
187 517 7760
157 307 7760
333 505 7760
126 470 7760
158 608 7760
151 458 7760
99 464 7760
240 411 7760
79 574 7760
129 511 7760
307 338 7760
335 715 7760
251 425 7760
154 286 7760
119 169 7760
352 740 7760
149 643 7760
62 278 7760
234 549 7760
191 733 7760
140 400 7760
385 553 7760
297 393 7760
89 332 7760
184 455 7760
77 182 7760
205 441 7760
152 597 7760
261 371 7760
78 730 7760
253 606 7760
112 351 7760
26 29 7760
153 501 7760
306 675 7760
24 232 7760
105 513 7760
41 685 7760
292 575 7760
135 468 7760
333 670 7760
354 419 7760
44 331 7760
222 767 7760
230 681 7760
376 600 7760
104 583 7760
72 441 7760
301 624 7760
188 502 7760
257 271 7760
127 182 7760
14 709 7760
71 215 7760
368 657 7760
200 693 7760
77 650 7760
66 203 7760
263 316 7760
257 734 7760
308 592 7760
126 633 7760
88 515 7760
263 488 7760
351 616 7760
342 427 7760
51 220 7760
314 629 7760
323 483 7760
359 502 7760
37 765 7760
185 357 7760
127 476 7760
96 513 7760
193 407 7760
171 465 7760
151 198 7760
210 446 7760
262 508 7760
142 352 7760
225 582 7760
264 738 7760
259 283 7760
360 568 7760
339 422 7760
280 353 7760
197 390 7760
188 392 7760
341 741 7760
309 452 7760
379 770 7760
210 505 7760
288 354 7760
49 289 7760
218 335 7760
295 390 7760
241 534 7760
255 387 7760
336 394 7760
155 767 7760
369 668 7760
0 245 7760
87 574 7760
288 322 7760
49 731 7760
7 750 7760
20 587 7760
60 382 7760
345 646 7760
217 268 7760
149 507 7760
279 296 7760
266 711 7760
302 314 7760
9 425 7760
3 658 7760
63 679 7760
77 453 7760
96 124 7760
217 340 7760
366 438 7760
176 497 7760
330 614 7760
341 610 7760
74 773 7760
139 170 7760
88 455 7760
91 492 7760
30 771 7760
170 378 7760
29 483 7760
91 296 7760
204 525 7760
20 174 7760
49 186 7760
231 746 7760
278 630 7760
121 685 7760
1 161 7760
372 693 7760
41 613 7760
383 641 7760
232 498 7760
219 728 7760
262 313 7760
91 758 7760
272 507 7760
106 608 7760
228 727 7760
240 691 7760
20 535 7760
2 636 7760
149 309 7760
46 760 7760
62 702 7760
338 647 7760
126 537 7760
387 496 7760
155 766 7760
326 495 7760
88 572 7760
208 563 7760
336 509 7760
351 458 7760
327 368 7760
180 764 7760
197 329 7760
378 708 7760
335 609 7760
71 768 7760
95 588 7760
57 557 7760
271 481 7760
96 445 7760
47 94 7760
21 666 7760
385 444 7760
187 378 7760
68 510 7760
348 423 7760
131 472 7760
379 444 7760
100 365 7760
305 631 7760
387 395 7760
63 437 7760
62 79 7760
219 298 7760
315 740 7760
284 516 7760
159 634 7760
115 647 7760
82 577 7760
258 690 7760
165 238 7760
363 523 7760
246 448 7760
220 621 7760
300 485 7760
118 679 7760
59 534 7760
380 441 7760
157 515 7760
86 424 7760
318 721 7760
289 523 7760
252 656 7760
286 640 7760
296 585 7760
305 581 7760
55 225 7760
123 592 7760
303 675 7760
197 371 7760
316 401 7760
270 451 7760
37 170 7760
222 657 7760
67 247 7760
77 748 7760
129 592 7760
36 276 7760
384 486 7760
342 631 7760
276 740 7760
27 108 7760
191 281 7760
65 339 7760
96 723 7760
367 508 7760
345 645 7760
339 658 7760
158 245 7760
185 489 7760
224 330 7760
311 431 7760
14 93 7760
268 468 7760
91 289 7760
102 463 7760
373 722 7760
0 239 7760
156 308 7760
223 389 7760
47 613 7760
92 336 7760
368 373 7760
384 773 7760
92 102 7760
386 748 7760
34 720 7760
303 492 7760
195 239 7760
128 207 7760
327 397 7760
311 417 7760
237 615 7760
121 397 7760
384 590 7760
206 311 7760
41 757 7760
266 746 7760
147 380 7760
69 109 7760
19 507 7760
0 285 7760
183 190 7760
6 616 7760
109 446 7760
99 105 7760
143 473 7760
132 746 7760
270 640 7760
107 267 7760
16 773 7760
327 681 7760
133 449 7760
304 308 7760
18 45 7760
296 484 7760
142 649 7760
130 369 7760
174 300 7760
318 498 7760
70 409 7760
313 424 7760
216 475 7760
180 408 7760
272 640 7760
277 294 7760
337 684 7760
364 563 7760
224 367 7760
193 751 7760
244 274 7760
372 548 7760
348 712 7760
371 642 7760
75 570 7760
351 442 7760
47 371 7760
327 547 7760
67 366 7760
319 647 7760
129 743 7760
212 324 7760
