0 1 7800
1 2 7800
2 3 7800
3 4 7800
4 5 7800
5 6 7800
6 7 7800
7 8 7800
8 9 7800
9 10 7800
10 11 7800
11 12 7800
12 13 7800
13 14 7800
14 15 7800
15 16 7800
16 17 7800
17 18 7800
18 19 7800
19 20 7800
20 21 7800
21 22 7800
22 23 7800
23 24 7800
24 25 7800
25 26 7800
26 27 7800
27 28 7800
28 29 7800
29 30 7800
30 31 7800
31 32 7800
32 33 7800
33 34 7800
34 35 7800
35 36 7800
36 37 7800
37 38 7800
38 39 7800
39 40 7800
40 41 7800
41 42 7800
42 43 7800
43 44 7800
44 45 7800
45 46 7800
46 47 7800
47 48 7800
48 49 7800
49 50 7800
50 51 7800
51 52 7800
52 53 7800
53 54 7800
54 55 7800
55 56 7800
56 57 7800
57 58 7800
58 59 7800
59 60 7800
60 61 7800
61 62 7800
62 63 7800
63 64 7800
64 65 7800
65 66 7800
66 67 7800
67 68 7800
68 69 7800
69 70 7800
70 71 7800
71 72 7800
72 73 7800
73 74 7800
74 75 7800
75 76 7800
76 77 7800
77 78 7800
78 79 7800
79 80 7800
80 81 7800
81 82 7800
82 83 7800
83 84 7800
84 85 7800
85 86 7800
86 87 7800
87 88 7800
88 89 7800
89 90 7800
90 91 7800
91 92 7800
92 93 7800
93 94 7800
94 95 7800
95 96 7800
96 97 7800
97 98 7800
98 99 7800
99 100 7800
100 101 7800
101 102 7800
102 103 7800
103 104 7800
104 105 7800
105 106 7800
106 107 7800
107 108 7800
108 109 7800
109 110 7800
110 111 7800
111 112 7800
112 113 7800
113 114 7800
114 115 7800
115 116 7800
116 117 7800
117 118 7800
118 119 7800
119 120 7800
120 121 7800
121 122 7800
122 123 7800
123 124 7800
124 125 7800
125 126 7800
126 127 7800
127 128 7800
128 129 7800
129 130 7800
130 131 7800
131 132 7800
132 133 7800
133 134 7800
134 135 7800
135 136 7800
136 137 7800
137 138 7800
138 139 7800
139 140 7800
140 141 7800
141 142 7800
142 143 7800
143 144 7800
144 145 7800
145 146 7800
146 147 7800
147 148 7800
148 149 7800
149 150 7800
150 151 7800
151 152 7800
152 153 7800
153 154 7800
154 155 7800
155 156 7800
156 157 7800
157 158 7800
158 159 7800
159 160 7800
160 161 7800
161 162 7800
162 163 7800
163 164 7800
164 165 7800
165 166 7800
166 167 7800
167 168 7800
168 169 7800
169 170 7800
170 171 7800
171 172 7800
172 173 7800
173 174 7800
174 175 7800
175 176 7800
176 177 7800
177 178 7800
178 179 7800
179 180 7800
180 181 7800
181 182 7800
182 183 7800
183 184 7800
184 185 7800
185 186 7800
186 187 7800
187 188 7800
188 189 7800
189 190 7800
190 191 7800
191 192 7800
192 193 7800
193 194 7800
194 195 7800
195 196 7800
196 197 7800
197 198 7800
198 199 7800
199 200 7800
200 201 7800
201 202 7800
202 203 7800
203 204 7800
204 205 7800
205 206 7800
206 207 7800
207 208 7800
208 209 7800
209 210 7800
210 211 7800
211 212 7800
212 213 7800
213 214 7800
214 215 7800
215 216 7800
216 217 7800
217 218 7800
218 219 7800
219 220 7800
220 221 7800
221 222 7800
222 223 7800
223 224 7800
224 225 7800
225 226 7800
226 227 7800
227 228 7800
228 229 7800
229 230 7800
230 231 7800
231 232 7800
232 233 7800
233 234 7800
234 235 7800
235 236 7800
236 237 7800
237 238 7800
238 239 7800
239 240 7800
240 241 7800
241 242 7800
242 243 7800
243 244 7800
244 245 7800
245 246 7800
246 247 7800
247 248 7800
248 249 7800
249 250 7800
250 251 7800
251 252 7800
252 253 7800
253 254 7800
254 255 7800
255 256 7800
256 257 7800
257 258 7800
258 259 7800
259 260 7800
260 261 7800
261 262 7800
262 263 7800
263 264 7800
264 265 7800
265 266 7800
266 267 7800
267 268 7800
268 269 7800
269 270 7800
270 271 7800
271 272 7800
272 273 7800
273 274 7800
274 275 7800
275 276 7800
276 277 7800
277 278 7800
278 279 7800
279 280 7800
280 281 7800
281 282 7800
282 283 7800
283 284 7800
284 285 7800
285 286 7800
286 287 7800
287 288 7800
288 289 7800
289 290 7800
290 291 7800
291 292 7800
292 293 7800
293 294 7800
294 295 7800
295 296 7800
296 297 7800
297 298 7800
298 299 7800
299 300 7800
300 301 7800
301 302 7800
302 303 7800
303 304 7800
304 305 7800
305 306 7800
306 307 7800
307 308 7800
308 309 7800
309 310 7800
310 311 7800
311 312 7800
312 313 7800
313 314 7800
314 315 7800
315 316 7800
316 317 7800
317 318 7800
318 319 7800
319 320 7800
320 321 7800
321 322 7800
322 323 7800
323 324 7800
324 325 7800
325 326 7800
326 327 7800
327 328 7800
328 329 7800
329 330 7800
330 331 7800
331 332 7800
332 333 7800
333 334 7800
334 335 7800
335 336 7800
336 337 7800
337 338 7800
338 339 7800
339 340 7800
340 341 7800
341 342 7800
342 343 7800
343 344 7800
344 345 7800
345 346 7800
346 347 7800
347 348 7800
348 349 7800
349 350 7800
350 351 7800
351 352 7800
352 353 7800
353 354 7800
354 355 7800
355 356 7800
356 357 7800
357 358 7800
358 359 7800
359 360 7800
360 361 7800
361 362 7800
362 363 7800
363 364 7800
364 365 7800
365 366 7800
366 367 7800
367 368 7800
368 369 7800
369 370 7800
370 371 7800
371 372 7800
372 373 7800
373 374 7800
374 375 7800
375 376 7800
376 377 7800
377 378 7800
378 379 7800
379 380 7800
380 381 7800
381 382 7800
382 383 7800
383 384 7800
384 385 7800
385 386 7800
386 387 7800
387 388 7800
388 389 7800
389 390 7800
390 391 7800
391 392 7800
392 393 7800
393 394 7800
394 395 7800
395 396 7800
396 397 7800
397 398 7800
398 399 7800
399 400 7800
400 401 7800
401 402 7800
402 403 7800
403 404 7800
404 405 7800
405 406 7800
406 407 7800
407 408 7800
408 409 7800
409 410 7800
410 411 7800
411 412 7800
412 413 7800
413 414 7800
414 415 7800
415 416 7800
416 417 7800
417 418 7800
418 419 7800
419 420 7800
420 421 7800
421 422 7800
422 423 7800
423 424 7800
424 425 7800
425 426 7800
426 427 7800
427 428 7800
428 429 7800
429 430 7800
430 431 7800
431 432 7800
432 433 7800
433 434 7800
434 435 7800
435 436 7800
436 437 7800
437 438 7800
438 439 7800
439 440 7800
440 441 7800
441 442 7800
442 443 7800
443 444 7800
444 445 7800
445 446 7800
446 447 7800
447 448 7800
448 449 7800
449 450 7800
450 451 7800
451 452 7800
452 453 7800
453 454 7800
454 455 7800
455 456 7800
456 457 7800
457 458 7800
458 459 7800
459 460 7800
460 461 7800
461 462 7800
462 463 7800
463 464 7800
464 465 7800
465 466 7800
466 467 7800
467 468 7800
468 469 7800
469 470 7800
470 471 7800
471 472 7800
472 473 7800
473 474 7800
474 475 7800
475 476 7800
476 477 7800
477 478 7800
478 479 7800
479 480 7800
480 481 7800
481 482 7800
482 483 7800
483 484 7800
484 485 7800
485 486 7800
486 487 7800
487 488 7800
488 489 7800
489 490 7800
490 491 7800
491 492 7800
492 493 7800
493 494 7800
494 495 7800
495 496 7800
496 497 7800
497 498 7800
498 499 7800
499 500 7800
500 501 7800
501 502 7800
502 503 7800
503 504 7800
504 505 7800
505 506 7800
506 507 7800
507 508 7800
508 509 7800
509 510 7800
510 511 7800
511 512 7800
512 513 7800
513 514 7800
514 515 7800
515 516 7800
516 517 7800
517 518 7800
518 519 7800
519 520 7800
520 521 7800
521 522 7800
522 523 7800
523 524 7800
524 525 7800
525 526 7800
526 527 7800
527 528 7800
528 529 7800
529 530 7800
530 531 7800
531 532 7800
532 533 7800
533 534 7800
534 535 7800
535 536 7800
536 537 7800
537 538 7800
538 539 7800
539 540 7800
540 541 7800
541 542 7800
542 543 7800
543 544 7800
544 545 7800
545 546 7800
546 547 7800
547 548 7800
548 549 7800
549 550 7800
550 551 7800
551 552 7800
552 553 7800
553 554 7800
554 555 7800
555 556 7800
556 557 7800
557 558 7800
558 559 7800
559 560 7800
560 561 7800
561 562 7800
562 563 7800
563 564 7800
564 565 7800
565 566 7800
566 567 7800
567 568 7800
568 569 7800
569 570 7800
570 571 7800
571 572 7800
572 573 7800
573 574 7800
574 575 7800
575 576 7800
576 577 7800
577 578 7800
578 579 7800
579 580 7800
580 581 7800
581 582 7800
582 583 7800
583 584 7800
584 585 7800
585 586 7800
586 587 7800
587 588 7800
588 589 7800
589 590 7800
590 591 7800
591 592 7800
592 593 7800
593 594 7800
594 595 7800
595 596 7800
596 597 7800
597 598 7800
598 599 7800
599 600 7800
600 601 7800
601 602 7800
602 603 7800
603 604 7800
604 605 7800
605 606 7800
606 607 7800
607 608 7800
608 609 7800
609 610 7800
610 611 7800
611 612 7800
612 613 7800
613 614 7800
614 615 7800
615 616 7800
616 617 7800
617 618 7800
618 619 7800
619 620 7800
620 621 7800
621 622 7800
622 623 7800
623 624 7800
624 625 7800
625 626 7800
626 627 7800
627 628 7800
628 629 7800
629 630 7800
630 631 7800
631 632 7800
632 633 7800
633 634 7800
634 635 7800
635 636 7800
636 637 7800
637 638 7800
638 639 7800
639 640 7800
640 641 7800
641 642 7800
642 643 7800
643 644 7800
644 645 7800
645 646 7800
646 647 7800
647 648 7800
648 649 7800
649 650 7800
650 651 7800
651 652 7800
652 653 7800
653 654 7800
654 655 7800
655 656 7800
656 657 7800
657 658 7800
658 659 7800
659 660 7800
660 661 7800
661 662 7800
662 663 7800
663 664 7800
664 665 7800
665 666 7800
666 667 7800
667 668 7800
668 669 7800
669 670 7800
670 671 7800
671 672 7800
672 673 7800
673 674 7800
674 675 7800
675 676 7800
676 677 7800
677 678 7800
678 679 7800
679 680 7800
680 681 7800
681 682 7800
682 683 7800
683 684 7800
684 685 7800
685 686 7800
686 687 7800
687 688 7800
688 689 7800
689 690 7800
690 691 7800
691 692 7800
692 693 7800
693 694 7800
694 695 7800
695 696 7800
696 697 7800
697 698 7800
698 699 7800
699 700 7800
700 701 7800
701 702 7800
702 703 7800
703 704 7800
704 705 7800
705 706 7800
706 707 7800
707 708 7800
708 709 7800
709 710 7800
710 711 7800
711 712 7800
712 713 7800
713 714 7800
714 715 7800
715 716 7800
716 717 7800
717 718 7800
718 719 7800
719 720 7800
720 721 7800
721 722 7800
722 723 7800
723 724 7800
724 725 7800
725 726 7800
726 727 7800
727 728 7800
728 729 7800
729 730 7800
730 731 7800
731 732 7800
732 733 7800
733 734 7800
734 735 7800
735 736 7800
736 737 7800
737 738 7800
738 739 7800
739 740 7800
740 741 7800
741 742 7800
742 743 7800
743 744 7800
744 745 7800
745 746 7800
746 747 7800
747 748 7800
748 749 7800
749 750 7800
750 751 7800
751 752 7800
752 753 7800
753 754 7800
754 755 7800
755 756 7800
756 757 7800
757 758 7800
758 759 7800
759 760 7800
760 761 7800
761 762 7800
762 763 7800
763 764 7800
764 765 7800
765 766 7800
766 767 7800
767 768 7800
768 769 7800
769 770 7800
770 771 7800
771 772 7800
772 773 7800
773 774 7800
774 775 7800
775 776 7800
776 777 7800
777 778 7800
778 779 7800
280 517 7800
67 235 7800
142 215 7800
77 547 7800
327 334 7800
158 567 7800
242 388 7800
43 522 7800
259 312 7800
143 446 7800
52 581 7800
239 376 7800
124 304 7800
281 364 7800
101 487 7800
374 632 7800
286 549 7800
343 696 7800
375 529 7800
266 311 7800
83 267 7800
270 286 7800
141 606 7800
24 640 7800
322 477 7800
171 394 7800
293 346 7800
239 487 7800
128 355 7800
131 294 7800
332 340 7800
312 352 7800
302 431 7800
131 617 7800
207 337 7800
356 517 7800
248 682 7800
260 539 7800
225 286 7800
203 236 7800
11 743 7800
91 446 7800
184 236 7800
241 284 7800
124 184 7800
72 79 7800
160 296 7800
341 552 7800
356 628 7800
44 700 7800
0 259 7800
259 773 7800
12 167 7800
81 86 7800
258 646 7800
302 661 7800
17 764 7800
79 456 7800
37 302 7800
343 523 7800
80 256 7800
308 584 7800
111 487 7800
301 405 7800
105 123 7800
214 257 7800
213 620 7800
187 661 7800
134 630 7800
101 533 7800
57 699 7800
372 527 7800
47 537 7800
111 575 7800
28 760 7800
96 463 7800
106 577 7800
79 287 7800
1 93 7800
287 631 7800
363 528 7800
227 567 7800
76 775 7800
159 463 7800
297 408 7800
212 435 7800
123 471 7800
155 331 7800
314 469 7800
164 400 7800
244 567 7800
347 653 7800
2 549 7800
123 684 7800
125 774 7800
70 247 7800
125 747 7800
98 239 7800
161 368 7800
294 507 7800
224 287 7800
93 608 7800
54 649 7800
9 424 7800
278 322 7800
193 200 7800
164 691 7800
337 349 7800
222 423 7800
75 240 7800
166 645 7800
383 418 7800
244 459 7800
155 173 7800
280 330 7800
44 289 7800
167 173 7800
194 300 7800
346 607 7800
162 219 7800
135 159 7800
242 450 7800
355 755 7800
176 236 7800
164 285 7800
61 309 7800
387 465 7800
279 618 7800
269 424 7800
242 578 7800
69 181 7800
53 181 7800
97 229 7800
383 614 7800
266 436 7800
321 494 7800
71 316 7800
256 468 7800
58 557 7800
314 566 7800
229 646 7800
26 134 7800
170 674 7800
198 674 7800
80 180 7800
77 653 7800
158 442 7800
260 650 7800
170 634 7800
25 384 7800
1 73 7800
348 779 7800
203 432 7800
77 405 7800
350 694 7800
202 457 7800
198 532 7800
253 471 7800
184 493 7800
384 772 7800
232 648 7800
120 370 7800
26 177 7800
261 779 7800
14 352 7800
364 684 7800
220 540 7800
345 383 7800
118 302 7800
384 611 7800
38 82 7800
21 728 7800
60 342 7800
381 673 7800
375 705 7800
191 232 7800
203 700 7800
85 507 7800
232 620 7800
221 300 7800
35 237 7800
147 422 7800
27 58 7800
295 659 7800
69 736 7800
133 755 7800
104 332 7800
124 239 7800
14 241 7800
235 628 7800
160 323 7800
48 705 7800
256 275 7800
321 351 7800
140 362 7800
199 574 7800
16 614 7800
71 328 7800
244 500 7800
137 157 7800
60 432 7800
2 662 7800
168 395 7800
376 588 7800
43 601 7800
240 736 7800
20 405 7800
233 668 7800
264 609 7800
23 108 7800
136 247 7800
12 402 7800
271 352 7800
287 483 7800
8 192 7800
131 422 7800
116 183 7800
125 438 7800
2 346 7800
33 474 7800
49 119 7800
101 765 7800
114 322 7800
334 464 7800
276 448 7800
295 408 7800
62 297 7800
163 741 7800
243 665 7800
202 564 7800
45 751 7800
380 483 7800
54 474 7800
298 769 7800
363 406 7800
210 215 7800
150 716 7800
134 184 7800
182 504 7800
358 608 7800
353 722 7800
376 648 7800
75 503 7800
32 156 7800
291 391 7800
91 779 7800
361 372 7800
147 771 7800
176 197 7800
16 278 7800
8 297 7800
198 530 7800
309 662 7800
253 675 7800
207 733 7800
293 647 7800
233 698 7800
165 516 7800
155 620 7800
178 401 7800
218 729 7800
109 420 7800
351 672 7800
112 592 7800
48 367 7800
248 435 7800
63 503 7800
310 772 7800
55 70 7800
358 368 7800
256 261 7800
157 767 7800
383 734 7800
282 717 7800
217 248 7800
209 408 7800
363 766 7800
239 421 7800
120 248 7800
204 410 7800
29 465 7800
344 401 7800
390 650 7800
99 244 7800
3 309 7800
17 386 7800
120 738 7800
34 544 7800
325 338 7800
72 534 7800
334 436 7800
120 556 7800
81 134 7800
73 243 7800
36 559 7800
187 734 7800
225 351 7800
279 749 7800
253 404 7800
300 625 7800
20 42 7800
3 262 7800
6 571 7800
209 350 7800
224 757 7800
141 658 7800
277 709 7800
68 225 7800
174 426 7800
296 766 7800
304 544 7800
168 658 7800
190 284 7800
60 407 7800
366 538 7800
205 289 7800
78 691 7800
348 501 7800
95 299 7800
175 723 7800
190 275 7800
205 576 7800
349 578 7800
289 699 7800
79 551 7800
143 708 7800
233 423 7800
334 661 7800
246 570 7800
282 370 7800
322 549 7800
309 414 7800
245 730 7800
342 367 7800
350 502 7800
118 561 7800
201 484 7800
269 506 7800
329 500 7800
286 696 7800
17 719 7800
164 734 7800
366 739 7800
312 648 7800
111 174 7800
229 404 7800
130 436 7800
98 721 7800
325 574 7800
321 476 7800
162 631 7800
61 359 7800
240 567 7800
21 148 7800
173 303 7800
302 513 7800
378 768 7800
282 428 7800
329 468 7800
51 592 7800
212 388 7800
27 342 7800
162 446 7800
163 217 7800
307 528 7800
328 566 7800
363 374 7800
87 169 7800
317 572 7800
76 619 7800
374 455 7800
377 772 7800
340 350 7800
322 746 7800
36 116 7800
314 548 7800
229 725 7800
364 491 7800
365 507 7800
128 430 7800
264 562 7800
285 463 7800
304 687 7800
145 575 7800
306 683 7800
169 532 7800
283 312 7800
232 647 7800
369 659 7800
386 733 7800
332 358 7800
320 716 7800
118 435 7800
366 628 7800
304 677 7800
125 633 7800
286 550 7800
44 294 7800
209 431 7800
243 415 7800
65 285 7800
244 564 7800
274 686 7800
332 394 7800
126 202 7800
175 509 7800
184 420 7800
38 543 7800
40 292 7800
275 661 7800
19 500 7800
362 640 7800
147 695 7800
90 349 7800
234 288 7800
94 628 7800
26 193 7800
271 590 7800
27 592 7800
15 283 7800
202 652 7800
10 630 7800
343 429 7800
305 514 7800
227 579 7800
79 185 7800
41 221 7800
61 208 7800
175 213 7800
211 268 7800
177 728 7800
323 564 7800
157 514 7800
156 282 7800
99 264 7800
187 489 7800
136 627 7800
164 603 7800
121 758 7800
180 573 7800
328 763 7800
70 295 7800
79 443 7800
209 728 7800
71 478 7800
336 772 7800
10 744 7800
179 315 7800
355 610 7800
280 652 7800
226 549 7800
15 389 7800
353 758 7800
299 671 7800
49 521 7800
211 715 7800
47 713 7800
211 279 7800
296 663 7800
341 380 7800
243 579 7800
352 756 7800
105 445 7800
8 441 7800
287 598 7800
24 152 7800
17 168 7800
65 614 7800
259 280 7800
53 285 7800
150 440 7800
308 678 7800
197 301 7800
134 572 7800
87 151 7800
316 369 7800
172 588 7800
24 729 7800
51 771 7800
210 653 7800
207 440 7800
55 336 7800
87 424 7800
221 445 7800
224 235 7800
330 736 7800
340 434 7800
100 424 7800
76 653 7800
330 665 7800
327 655 7800
212 392 7800
305 443 7800
237 731 7800
81 437 7800
275 395 7800
45 265 7800
255 461 7800
308 389 7800
38 627 7800
84 114 7800
325 713 7800
238 474 7800
273 294 7800
272 390 7800
54 328 7800
232 618 7800
269 320 7800
37 229 7800
46 134 7800
215 602 7800
186 208 7800
285 369 7800
126 437 7800
194 429 7800
5 75 7800
140 750 7800
187 376 7800
388 684 7800
282 758 7800
370 601 7800
211 655 7800
300 527 7800
174 256 7800
8 151 7800
218 249 7800
361 723 7800
17 228 7800
23 505 7800
127 312 7800
115 334 7800
196 470 7800
370 743 7800
55 108 7800
104 612 7800
352 663 7800
275 470 7800
21 625 7800
205 429 7800
118 584 7800
264 330 7800
232 433 7800
72 420 7800
378 626 7800
82 594 7800
248 269 7800
367 558 7800
312 690 7800
173 529 7800
351 529 7800
220 347 7800
90 546 7800
200 223 7800
178 513 7800
375 589 7800
357 767 7800
330 483 7800
238 287 7800
255 528 7800
386 625 7800
304 462 7800
12 693 7800
212 324 7800
188 687 7800
355 691 7800
301 725 7800
136 531 7800
259 625 7800
145 461 7800
329 640 7800
347 497 7800
71 466 7800
318 570 7800
236 639 7800
103 415 7800
251 605 7800
139 145 7800
241 511 7800
379 638 7800
324 653 7800
274 290 7800
375 745 7800
206 319 7800
290 421 7800
164 557 7800
11 687 7800
345 599 7800
233 373 7800
89 490 7800
311 635 7800
117 582 7800
213 602 7800
97 383 7800
243 708 7800
83 445 7800
237 740 7800
189 745 7800
198 302 7800
363 737 7800
103 325 7800
157 210 7800
386 476 7800
228 495 7800
161 630 7800
112 198 7800
181 215 7800
383 749 7800
252 362 7800
375 480 7800
286 340 7800
198 714 7800
135 566 7800
361 699 7800
131 166 7800
123 551 7800
343 545 7800
387 772 7800
318 595 7800
331 447 7800
110 770 7800
45 468 7800
271 440 7800
313 660 7800
241 715 7800
75 770 7800
77 681 7800
62 438 7800
52 651 7800
44 623 7800
223 365 7800
65 478 7800
65 106 7800
367 719 7800
85 430 7800
238 597 7800
267 747 7800
184 749 7800
163 277 7800
200 747 7800
249 482 7800
331 733 7800
0 114 7800
389 740 7800
145 171 7800
209 745 7800
41 541 7800
133 428 7800
206 300 7800
84 464 7800
228 390 7800
145 745 7800
233 327 7800
367 775 7800
354 412 7800
179 649 7800
41 259 7800
63 108 7800
5 87 7800
283 346 7800
80 247 7800
248 706 7800
39 164 7800
181 436 7800
323 474 7800
334 778 7800
348 430 7800
199 717 7800
234 457 7800
263 387 7800
113 359 7800
314 595 7800
29 91 7800
345 697 7800
143 686 7800
59 117 7800
13 523 7800
44 599 7800
247 253 7800
251 716 7800
353 739 7800
173 289 7800
40 630 7800
363 511 7800
245 366 7800
366 530 7800
64 309 7800
54 591 7800
100 699 7800
327 412 7800
328 649 7800
124 630 7800
134 443 7800
65 132 7800
26 111 7800
123 477 7800
5 233 7800
82 735 7800
256 722 7800
353 499 7800
148 588 7800
162 675 7800
166 379 7800
256 778 7800
26 585 7800
22 384 7800
122 261 7800
156 240 7800
126 172 7800
88 396 7800
232 284 7800
299 635 7800
49 715 7800
12 207 7800
260 665 7800
246 628 7800
345 682 7800
45 304 7800
319 505 7800
80 222 7800
231 283 7800
93 345 7800
233 248 7800
59 386 7800
1 745 7800
201 744 7800
31 723 7800
380 594 7800
240 644 7800
151 187 7800
254 358 7800
83 406 7800
137 323 7800
40 118 7800
89 419 7800
13 36 7800
61 230 7800
348 488 7800
334 692 7800
341 583 7800
256 448 7800
8 713 7800
277 597 7800
337 506 7800
21 327 7800
345 389 7800
354 523 7800
291 712 7800
49 597 7800
100 455 7800
124 520 7800
19 313 7800
122 306 7800
150 546 7800
255 411 7800
244 734 7800
342 649 7800
103 415 7800
156 227 7800
124 711 7800
52 639 7800
0 212 7800
230 673 7800
245 555 7800
376 477 7800
348 669 7800
334 728 7800
359 383 7800
18 121 7800
59 299 7800
239 359 7800
6 525 7800
154 703 7800
220 418 7800
358 729 7800
20 418 7800
124 571 7800
244 642 7800
