0 1 7840
1 2 7840
2 3 7840
3 4 7840
4 5 7840
5 6 7840
6 7 7840
7 8 7840
8 9 7840
9 10 7840
10 11 7840
11 12 7840
12 13 7840
13 14 7840
14 15 7840
15 16 7840
16 17 7840
17 18 7840
18 19 7840
19 20 7840
20 21 7840
21 22 7840
22 23 7840
23 24 7840
24 25 7840
25 26 7840
26 27 7840
27 28 7840
28 29 7840
29 30 7840
30 31 7840
31 32 7840
32 33 7840
33 34 7840
34 35 7840
35 36 7840
36 37 7840
37 38 7840
38 39 7840
39 40 7840
40 41 7840
41 42 7840
42 43 7840
43 44 7840
44 45 7840
45 46 7840
46 47 7840
47 48 7840
48 49 7840
49 50 7840
50 51 7840
51 52 7840
52 53 7840
53 54 7840
54 55 7840
55 56 7840
56 57 7840
57 58 7840
58 59 7840
59 60 7840
60 61 7840
61 62 7840
62 63 7840
63 64 7840
64 65 7840
65 66 7840
66 67 7840
67 68 7840
68 69 7840
69 70 7840
70 71 7840
71 72 7840
72 73 7840
73 74 7840
74 75 7840
75 76 7840
76 77 7840
77 78 7840
78 79 7840
79 80 7840
80 81 7840
81 82 7840
82 83 7840
83 84 7840
84 85 7840
85 86 7840
86 87 7840
87 88 7840
88 89 7840
89 90 7840
90 91 7840
91 92 7840
92 93 7840
93 94 7840
94 95 7840
95 96 7840
96 97 7840
97 98 7840
98 99 7840
99 100 7840
100 101 7840
101 102 7840
102 103 7840
103 104 7840
104 105 7840
105 106 7840
106 107 7840
107 108 7840
108 109 7840
109 110 7840
110 111 7840
111 112 7840
112 113 7840
113 114 7840
114 115 7840
115 116 7840
116 117 7840
117 118 7840
118 119 7840
119 120 7840
120 121 7840
121 122 7840
122 123 7840
123 124 7840
124 125 7840
125 126 7840
126 127 7840
127 128 7840
128 129 7840
129 130 7840
130 131 7840
131 132 7840
132 133 7840
133 134 7840
134 135 7840
135 136 7840
136 137 7840
137 138 7840
138 139 7840
139 140 7840
140 141 7840
141 142 7840
142 143 7840
143 144 7840
144 145 7840
145 146 7840
146 147 7840
147 148 7840
148 149 7840
149 150 7840
150 151 7840
151 152 7840
152 153 7840
153 154 7840
154 155 7840
155 156 7840
156 157 7840
157 158 7840
158 159 7840
159 160 7840
160 161 7840
161 162 7840
162 163 7840
163 164 7840
164 165 7840
165 166 7840
166 167 7840
167 168 7840
168 169 7840
169 170 7840
170 171 7840
171 172 7840
172 173 7840
173 174 7840
174 175 7840
175 176 7840
176 177 7840
177 178 7840
178 179 7840
179 180 7840
180 181 7840
181 182 7840
182 183 7840
183 184 7840
184 185 7840
185 186 7840
186 187 7840
187 188 7840
188 189 7840
189 190 7840
190 191 7840
191 192 7840
192 193 7840
193 194 7840
194 195 7840
195 196 7840
196 197 7840
197 198 7840
198 199 7840
199 200 7840
200 201 7840
201 202 7840
202 203 7840
203 204 7840
204 205 7840
205 206 7840
206 207 7840
207 208 7840
208 209 7840
209 210 7840
210 211 7840
211 212 7840
212 213 7840
213 214 7840
214 215 7840
215 216 7840
216 217 7840
217 218 7840
218 219 7840
219 220 7840
220 221 7840
221 222 7840
222 223 7840
223 224 7840
224 225 7840
225 226 7840
226 227 7840
227 228 7840
228 229 7840
229 230 7840
230 231 7840
231 232 7840
232 233 7840
233 234 7840
234 235 7840
235 236 7840
236 237 7840
237 238 7840
238 239 7840
239 240 7840
240 241 7840
241 242 7840
242 243 7840
243 244 7840
244 245 7840
245 246 7840
246 247 7840
247 248 7840
248 249 7840
249 250 7840
250 251 7840
251 252 7840
252 253 7840
253 254 7840
254 255 7840
255 256 7840
256 257 7840
257 258 7840
258 259 7840
259 260 7840
260 261 7840
261 262 7840
262 263 7840
263 264 7840
264 265 7840
265 266 7840
266 267 7840
267 268 7840
268 269 7840
269 270 7840
270 271 7840
271 272 7840
272 273 7840
273 274 7840
274 275 7840
275 276 7840
276 277 7840
277 278 7840
278 279 7840
279 280 7840
280 281 7840
281 282 7840
282 283 7840
283 284 7840
284 285 7840
285 286 7840
286 287 7840
287 288 7840
288 289 7840
289 290 7840
290 291 7840
291 292 7840
292 293 7840
293 294 7840
294 295 7840
295 296 7840
296 297 7840
297 298 7840
298 299 7840
299 300 7840
300 301 7840
301 302 7840
302 303 7840
303 304 7840
304 305 7840
305 306 7840
306 307 7840
307 308 7840
308 309 7840
309 310 7840
310 311 7840
311 312 7840
312 313 7840
313 314 7840
314 315 7840
315 316 7840
316 317 7840
317 318 7840
318 319 7840
319 320 7840
320 321 7840
321 322 7840
322 323 7840
323 324 7840
324 325 7840
325 326 7840
326 327 7840
327 328 7840
328 329 7840
329 330 7840
330 331 7840
331 332 7840
332 333 7840
333 334 7840
334 335 7840
335 336 7840
336 337 7840
337 338 7840
338 339 7840
339 340 7840
340 341 7840
341 342 7840
342 343 7840
343 344 7840
344 345 7840
345 346 7840
346 347 7840
347 348 7840
348 349 7840
349 350 7840
350 351 7840
351 352 7840
352 353 7840
353 354 7840
354 355 7840
355 356 7840
356 357 7840
357 358 7840
358 359 7840
359 360 7840
360 361 7840
361 362 7840
362 363 7840
363 364 7840
364 365 7840
365 366 7840
366 367 7840
367 368 7840
368 369 7840
369 370 7840
370 371 7840
371 372 7840
372 373 7840
373 374 7840
374 375 7840
375 376 7840
376 377 7840
377 378 7840
378 379 7840
379 380 7840
380 381 7840
381 382 7840
382 383 7840
383 384 7840
384 385 7840
385 386 7840
386 387 7840
387 388 7840
388 389 7840
389 390 7840
390 391 7840
391 392 7840
392 393 7840
393 394 7840
394 395 7840
395 396 7840
396 397 7840
397 398 7840
398 399 7840
399 400 7840
400 401 7840
401 402 7840
402 403 7840
403 404 7840
404 405 7840
405 406 7840
406 407 7840
407 408 7840
408 409 7840
409 410 7840
410 411 7840
411 412 7840
412 413 7840
413 414 7840
414 415 7840
415 416 7840
416 417 7840
417 418 7840
418 419 7840
419 420 7840
420 421 7840
421 422 7840
422 423 7840
423 424 7840
424 425 7840
425 426 7840
426 427 7840
427 428 7840
428 429 7840
429 430 7840
430 431 7840
431 432 7840
432 433 7840
433 434 7840
434 435 7840
435 436 7840
436 437 7840
437 438 7840
438 439 7840
439 440 7840
440 441 7840
441 442 7840
442 443 7840
443 444 7840
444 445 7840
445 446 7840
446 447 7840
447 448 7840
448 449 7840
449 450 7840
450 451 7840
451 452 7840
452 453 7840
453 454 7840
454 455 7840
455 456 7840
456 457 7840
457 458 7840
458 459 7840
459 460 7840
460 461 7840
461 462 7840
462 463 7840
463 464 7840
464 465 7840
465 466 7840
466 467 7840
467 468 7840
468 469 7840
469 470 7840
470 471 7840
471 472 7840
472 473 7840
473 474 7840
474 475 7840
475 476 7840
476 477 7840
477 478 7840
478 479 7840
479 480 7840
480 481 7840
481 482 7840
482 483 7840
483 484 7840
484 485 7840
485 486 7840
486 487 7840
487 488 7840
488 489 7840
489 490 7840
490 491 7840
491 492 7840
492 493 7840
493 494 7840
494 495 7840
495 496 7840
496 497 7840
497 498 7840
498 499 7840
499 500 7840
500 501 7840
501 502 7840
502 503 7840
503 504 7840
504 505 7840
505 506 7840
506 507 7840
507 508 7840
508 509 7840
509 510 7840
510 511 7840
511 512 7840
512 513 7840
513 514 7840
514 515 7840
515 516 7840
516 517 7840
517 518 7840
518 519 7840
519 520 7840
520 521 7840
521 522 7840
522 523 7840
523 524 7840
524 525 7840
525 526 7840
526 527 7840
527 528 7840
528 529 7840
529 530 7840
530 531 7840
531 532 7840
532 533 7840
533 534 7840
534 535 7840
535 536 7840
536 537 7840
537 538 7840
538 539 7840
539 540 7840
540 541 7840
541 542 7840
542 543 7840
543 544 7840
544 545 7840
545 546 7840
546 547 7840
547 548 7840
548 549 7840
549 550 7840
550 551 7840
551 552 7840
552 553 7840
553 554 7840
554 555 7840
555 556 7840
556 557 7840
557 558 7840
558 559 7840
559 560 7840
560 561 7840
561 562 7840
562 563 7840
563 564 7840
564 565 7840
565 566 7840
566 567 7840
567 568 7840
568 569 7840
569 570 7840
570 571 7840
571 572 7840
572 573 7840
573 574 7840
574 575 7840
575 576 7840
576 577 7840
577 578 7840
578 579 7840
579 580 7840
580 581 7840
581 582 7840
582 583 7840
583 584 7840
584 585 7840
585 586 7840
586 587 7840
587 588 7840
588 589 7840
589 590 7840
590 591 7840
591 592 7840
592 593 7840
593 594 7840
594 595 7840
595 596 7840
596 597 7840
597 598 7840
598 599 7840
599 600 7840
600 601 7840
601 602 7840
602 603 7840
603 604 7840
604 605 7840
605 606 7840
606 607 7840
607 608 7840
608 609 7840
609 610 7840
610 611 7840
611 612 7840
612 613 7840
613 614 7840
614 615 7840
615 616 7840
616 617 7840
617 618 7840
618 619 7840
619 620 7840
620 621 7840
621 622 7840
622 623 7840
623 624 7840
624 625 7840
625 626 7840
626 627 7840
627 628 7840
628 629 7840
629 630 7840
630 631 7840
631 632 7840
632 633 7840
633 634 7840
634 635 7840
635 636 7840
636 637 7840
637 638 7840
638 639 7840
639 640 7840
640 641 7840
641 642 7840
642 643 7840
643 644 7840
644 645 7840
645 646 7840
646 647 7840
647 648 7840
648 649 7840
649 650 7840
650 651 7840
651 652 7840
652 653 7840
653 654 7840
654 655 7840
655 656 7840
656 657 7840
657 658 7840
658 659 7840
659 660 7840
660 661 7840
661 662 7840
662 663 7840
663 664 7840
664 665 7840
665 666 7840
666 667 7840
667 668 7840
668 669 7840
669 670 7840
670 671 7840
671 672 7840
672 673 7840
673 674 7840
674 675 7840
675 676 7840
676 677 7840
677 678 7840
678 679 7840
679 680 7840
680 681 7840
681 682 7840
682 683 7840
683 684 7840
684 685 7840
685 686 7840
686 687 7840
687 688 7840
688 689 7840
689 690 7840
690 691 7840
691 692 7840
692 693 7840
693 694 7840
694 695 7840
695 696 7840
696 697 7840
697 698 7840
698 699 7840
699 700 7840
700 701 7840
701 702 7840
702 703 7840
703 704 7840
704 705 7840
705 706 7840
706 707 7840
707 708 7840
708 709 7840
709 710 7840
710 711 7840
711 712 7840
712 713 7840
713 714 7840
714 715 7840
715 716 7840
716 717 7840
717 718 7840
718 719 7840
719 720 7840
720 721 7840
721 722 7840
722 723 7840
723 724 7840
724 725 7840
725 726 7840
726 727 7840
727 728 7840
728 729 7840
729 730 7840
730 731 7840
731 732 7840
732 733 7840
733 734 7840
734 735 7840
735 736 7840
736 737 7840
737 738 7840
738 739 7840
739 740 7840
740 741 7840
741 742 7840
742 743 7840
743 744 7840
744 745 7840
745 746 7840
746 747 7840
747 748 7840
748 749 7840
749 750 7840
750 751 7840
751 752 7840
752 753 7840
753 754 7840
754 755 7840
755 756 7840
756 757 7840
757 758 7840
758 759 7840
759 760 7840
760 761 7840
761 762 7840
762 763 7840
763 764 7840
764 765 7840
765 766 7840
766 767 7840
767 768 7840
768 769 7840
769 770 7840
770 771 7840
771 772 7840
772 773 7840
773 774 7840
774 775 7840
775 776 7840
776 777 7840
777 778 7840
778 779 7840
779 780 7840
780 781 7840
781 782 7840
782 783 7840
30 549 7840
355 450 7840
285 688 7840
71 720 7840
20 66 7840
98 691 7840
368 616 7840
291 756 7840
44 111 7840
315 419 7840
385 644 7840
183 534 7840
139 444 7840
327 341 7840
182 297 7840
366 374 7840
319 755 7840
325 723 7840
66 684 7840
200 456 7840
256 493 7840
232 432 7840
250 731 7840
48 298 7840
63 571 7840
326 581 7840
328 381 7840
43 77 7840
6 205 7840
146 703 7840
285 350 7840
241 346 7840
284 286 7840
108 145 7840
166 721 7840
57 259 7840
293 715 7840
179 337 7840
68 681 7840
213 734 7840
230 284 7840
174 782 7840
382 545 7840
229 765 7840
359 776 7840
350 607 7840
338 706 7840
113 695 7840
141 675 7840
181 742 7840
259 378 7840
292 642 7840
329 551 7840
139 567 7840
46 656 7840
209 282 7840
357 670 7840
184 752 7840
59 395 7840
111 338 7840
371 460 7840
304 434 7840
231 764 7840
382 414 7840
368 464 7840
105 481 7840
190 783 7840
114 588 7840
238 499 7840
364 646 7840
233 640 7840
45 496 7840
4 75 7840
100 345 7840
120 595 7840
47 633 7840
197 579 7840
135 529 7840
270 456 7840
29 41 7840
31 540 7840
186 601 7840
359 407 7840
0 655 7840
197 344 7840
5 475 7840
191 681 7840
105 779 7840
220 600 7840
121 724 7840
91 279 7840
193 344 7840
180 437 7840
79 461 7840
254 739 7840
174 307 7840
373 624 7840
175 589 7840
179 759 7840
352 557 7840
66 98 7840
182 258 7840
8 77 7840
387 413 7840
81 681 7840
124 147 7840
154 216 7840
385 638 7840
28 334 7840
328 394 7840
199 479 7840
1 667 7840
189 552 7840
379 662 7840
387 570 7840
244 267 7840
38 201 7840
94 333 7840
327 351 7840
115 766 7840
135 320 7840
171 682 7840
52 531 7840
188 552 7840
297 367 7840
364 706 7840
192 551 7840
262 511 7840
187 456 7840
217 376 7840
86 724 7840
96 465 7840
133 236 7840
148 298 7840
160 479 7840
247 482 7840
49 749 7840
138 565 7840
291 646 7840
350 580 7840
37 754 7840
40 353 7840
11 529 7840
133 254 7840
351 471 7840
69 483 7840
127 306 7840
339 521 7840
93 315 7840
218 352 7840
63 424 7840
180 563 7840
371 424 7840
163 675 7840
48 65 7840
364 461 7840
273 698 7840
24 542 7840
36 773 7840
12 603 7840
199 500 7840
57 550 7840
95 277 7840
196 611 7840
210 280 7840
386 759 7840
391 691 7840
370 694 7840
301 411 7840
52 84 7840
16 673 7840
134 253 7840
167 502 7840
164 179 7840
180 661 7840
362 773 7840
21 148 7840
267 503 7840
268 697 7840
214 462 7840
97 263 7840
383 775 7840
190 332 7840
55 253 7840
113 460 7840
243 301 7840
45 221 7840
140 766 7840
164 419 7840
35 586 7840
64 633 7840
210 755 7840
209 266 7840
202 430 7840
126 461 7840
13 398 7840
255 415 7840
66 184 7840
87 335 7840
2 442 7840
334 519 7840
6 193 7840
335 725 7840
43 305 7840
45 655 7840
47 762 7840
327 456 7840
287 369 7840
49 539 7840
133 224 7840
151 764 7840
325 559 7840
17 249 7840
170 535 7840
157 653 7840
350 707 7840
177 286 7840
230 610 7840
276 334 7840
277 596 7840
25 681 7840
154 671 7840
158 286 7840
88 767 7840
379 653 7840
93 402 7840
347 752 7840
121 355 7840
264 721 7840
123 503 7840
291 334 7840
127 648 7840
306 782 7840
348 607 7840
347 354 7840
232 696 7840
42 220 7840
17 779 7840
58 742 7840
260 583 7840
358 637 7840
129 751 7840
300 367 7840
76 633 7840
95 400 7840
361 638 7840
4 336 7840
154 518 7840
325 517 7840
109 766 7840
301 688 7840
28 465 7840
353 636 7840
41 498 7840
70 193 7840
285 408 7840
210 533 7840
356 653 7840
118 586 7840
297 711 7840
220 592 7840
171 406 7840
344 472 7840
113 365 7840
71 108 7840
256 518 7840
273 653 7840
319 586 7840
54 290 7840
303 589 7840
167 311 7840
0 531 7840
128 436 7840
216 374 7840
43 238 7840
161 407 7840
15 704 7840
38 668 7840
57 103 7840
110 453 7840
244 588 7840
174 771 7840
222 636 7840
313 684 7840
368 680 7840
64 181 7840
334 735 7840
242 424 7840
214 366 7840
53 632 7840
366 401 7840
350 639 7840
45 359 7840
331 642 7840
149 280 7840
196 491 7840
375 480 7840
228 666 7840
139 642 7840
234 503 7840
350 432 7840
373 442 7840
392 624 7840
59 98 7840
111 126 7840
372 657 7840
241 590 7840
270 659 7840
227 675 7840
8 752 7840
79 195 7840
19 207 7840
111 718 7840
46 59 7840
67 183 7840
306 497 7840
272 489 7840
35 149 7840
203 456 7840
36 440 7840
328 562 7840
63 778 7840
185 773 7840
165 773 7840
34 102 7840
250 556 7840
11 600 7840
154 650 7840
347 705 7840
373 395 7840
360 554 7840
356 382 7840
20 182 7840
84 163 7840
223 408 7840
70 471 7840
357 757 7840
246 297 7840
138 704 7840
112 256 7840
84 701 7840
120 415 7840
13 572 7840
91 153 7840
195 248 7840
365 599 7840
296 323 7840
242 612 7840
359 376 7840
311 592 7840
143 208 7840
275 566 7840
315 608 7840
49 185 7840
13 33 7840
127 359 7840
312 433 7840
167 460 7840
199 381 7840
382 477 7840
14 405 7840
18 189 7840
172 437 7840
267 288 7840
295 659 7840
102 604 7840
37 270 7840
299 538 7840
107 338 7840
356 397 7840
375 731 7840
375 421 7840
56 244 7840
33 458 7840
26 314 7840
324 332 7840
342 594 7840
30 341 7840
122 237 7840
231 286 7840
373 637 7840
99 405 7840
286 396 7840
387 615 7840
63 73 7840
50 181 7840
226 237 7840
220 521 7840
123 310 7840
300 669 7840
51 720 7840
315 439 7840
64 535 7840
369 719 7840
17 622 7840
211 695 7840
77 435 7840
330 514 7840
240 497 7840
197 422 7840
332 542 7840
258 736 7840
358 419 7840
13 129 7840
232 376 7840
359 584 7840
66 614 7840
229 440 7840
96 605 7840
209 495 7840
114 518 7840
23 90 7840
304 571 7840
189 205 7840
10 536 7840
96 597 7840
112 333 7840
377 620 7840
188 734 7840
370 566 7840
288 343 7840
180 340 7840
244 390 7840
345 494 7840
233 548 7840
4 782 7840
146 185 7840
3 668 7840
115 729 7840
174 240 7840
186 776 7840
116 756 7840
282 654 7840
134 153 7840
199 778 7840
24 499 7840
135 765 7840
188 296 7840
230 681 7840
298 599 7840
289 552 7840
93 233 7840
40 744 7840
121 534 7840
321 458 7840
282 576 7840
203 701 7840
0 527 7840
31 280 7840
380 727 7840
256 496 7840
261 308 7840
388 675 7840
83 641 7840
209 263 7840
15 207 7840
388 445 7840
287 524 7840
304 662 7840
370 619 7840
110 517 7840
233 703 7840
135 465 7840
71 726 7840
89 476 7840
275 548 7840
386 520 7840
276 507 7840
243 714 7840
312 649 7840
295 731 7840
162 461 7840
183 420 7840
54 129 7840
337 474 7840
232 427 7840
63 388 7840
306 422 7840
287 750 7840
306 375 7840
318 366 7840
4 186 7840
162 364 7840
165 248 7840
362 637 7840
101 281 7840
76 448 7840
101 165 7840
156 447 7840
258 354 7840
246 775 7840
193 299 7840
277 729 7840
262 556 7840
366 391 7840
122 630 7840
9 233 7840
171 698 7840
60 683 7840
102 364 7840
178 752 7840
196 417 7840
215 466 7840
56 481 7840
386 581 7840
88 744 7840
125 300 7840
79 142 7840
319 629 7840
346 510 7840
122 753 7840
371 383 7840
67 666 7840
226 617 7840
278 470 7840
316 489 7840
239 298 7840
337 369 7840
89 509 7840
135 416 7840
82 386 7840
375 462 7840
112 731 7840
257 741 7840
126 488 7840
114 392 7840
109 475 7840
162 252 7840
199 430 7840
127 265 7840
50 577 7840
31 373 7840
166 777 7840
245 500 7840
111 129 7840
67 701 7840
9 764 7840
197 387 7840
11 210 7840
6 315 7840
82 264 7840
104 777 7840
77 596 7840
269 643 7840
9 624 7840
237 709 7840
182 362 7840
195 335 7840
155 168 7840
214 605 7840
266 575 7840
7 418 7840
307 714 7840
98 432 7840
326 740 7840
27 58 7840
124 685 7840
168 446 7840
194 320 7840
259 530 7840
286 291 7840
156 200 7840
185 516 7840
12 669 7840
206 543 7840
68 323 7840
68 709 7840
188 213 7840
125 773 7840
147 239 7840
31 120 7840
105 642 7840
157 633 7840
189 680 7840
46 396 7840
32 186 7840
391 404 7840
184 354 7840
111 737 7840
386 630 7840
41 567 7840
286 622 7840
55 103 7840
196 752 7840
362 684 7840
386 479 7840
84 629 7840
354 615 7840
117 255 7840
109 273 7840
231 249 7840
269 351 7840
123 456 7840
32 386 7840
257 354 7840
16 702 7840
301 520 7840
258 740 7840
386 591 7840
390 515 7840
204 228 7840
261 389 7840
34 474 7840
174 634 7840
107 636 7840
153 242 7840
161 697 7840
246 723 7840
329 555 7840
290 780 7840
341 427 7840
328 625 7840
197 418 7840
274 317 7840
176 624 7840
366 392 7840
388 657 7840
341 663 7840
237 563 7840
78 594 7840
272 338 7840
19 28 7840
158 255 7840
167 730 7840
329 629 7840
69 782 7840
11 370 7840
129 673 7840
236 577 7840
216 584 7840
44 637 7840
159 372 7840
202 374 7840
140 412 7840
354 629 7840
302 783 7840
145 320 7840
37 333 7840
98 197 7840
364 615 7840
293 345 7840
225 700 7840
161 476 7840
297 462 7840
203 703 7840
134 608 7840
371 667 7840
354 665 7840
296 554 7840
108 248 7840
136 482 7840
66 700 7840
105 163 7840
186 212 7840
109 143 7840
380 431 7840
91 660 7840
4 60 7840
53 580 7840
245 516 7840
143 310 7840
224 709 7840
179 530 7840
245 386 7840
84 196 7840
13 415 7840
377 402 7840
354 610 7840
57 125 7840
126 673 7840
333 638 7840
370 781 7840
341 701 7840
280 350 7840
9 487 7840
150 732 7840
192 331 7840
333 358 7840
308 393 7840
2 186 7840
362 530 7840
88 570 7840
18 562 7840
351 568 7840
54 627 7840
36 271 7840
126 386 7840
144 314 7840
348 503 7840
362 583 7840
177 195 7840
198 407 7840
158 489 7840
41 699 7840
334 343 7840
12 682 7840
104 760 7840
164 429 7840
100 104 7840
316 696 7840
88 245 7840
5 32 7840
183 535 7840
205 233 7840
101 623 7840
292 477 7840
263 464 7840
47 131 7840
154 313 7840
264 393 7840
232 237 7840
344 612 7840
271 336 7840
258 485 7840
122 435 7840
96 662 7840
244 535 7840
213 476 7840
33 747 7840
357 601 7840
9 258 7840
297 425 7840
359 471 7840
150 578 7840
233 570 7840
33 544 7840
243 604 7840
386 575 7840
187 263 7840
271 671 7840
186 780 7840
349 561 7840
243 634 7840
328 541 7840
255 600 7840
327 342 7840
342 363 7840
370 727 7840
192 692 7840
45 379 7840
136 775 7840
345 648 7840
363 492 7840
21 681 7840
169 733 7840
54 266 7840
59 594 7840
115 140 7840
261 288 7840
232 538 7840
137 518 7840
223 439 7840
384 526 7840
97 498 7840
283 645 7840
149 568 7840
55 694 7840
18 300 7840
108 548 7840
370 624 7840
78 736 7840
351 721 7840
187 649 7840
8 224 7840
181 443 7840
72 690 7840
283 612 7840
193 418 7840
131 370 7840
218 574 7840
13 51 7840
260 490 7840
111 394 7840
196 204 7840
5 151 7840
119 295 7840
211 274 7840
13 184 7840
159 169 7840
253 564 7840
12 626 7840
114 453 7840
