0 1 7880
1 2 7880
2 3 7880
3 4 7880
4 5 7880
5 6 7880
6 7 7880
7 8 7880
8 9 7880
9 10 7880
10 11 7880
11 12 7880
12 13 7880
13 14 7880
14 15 7880
15 16 7880
16 17 7880
17 18 7880
18 19 7880
19 20 7880
20 21 7880
21 22 7880
22 23 7880
23 24 7880
24 25 7880
25 26 7880
26 27 7880
27 28 7880
28 29 7880
29 30 7880
30 31 7880
31 32 7880
32 33 7880
33 34 7880
34 35 7880
35 36 7880
36 37 7880
37 38 7880
38 39 7880
39 40 7880
40 41 7880
41 42 7880
42 43 7880
43 44 7880
44 45 7880
45 46 7880
46 47 7880
47 48 7880
48 49 7880
49 50 7880
50 51 7880
51 52 7880
52 53 7880
53 54 7880
54 55 7880
55 56 7880
56 57 7880
57 58 7880
58 59 7880
59 60 7880
60 61 7880
61 62 7880
62 63 7880
63 64 7880
64 65 7880
65 66 7880
66 67 7880
67 68 7880
68 69 7880
69 70 7880
70 71 7880
71 72 7880
72 73 7880
73 74 7880
74 75 7880
75 76 7880
76 77 7880
77 78 7880
78 79 7880
79 80 7880
80 81 7880
81 82 7880
82 83 7880
83 84 7880
84 85 7880
85 86 7880
86 87 7880
87 88 7880
88 89 7880
89 90 7880
90 91 7880
91 92 7880
92 93 7880
93 94 7880
94 95 7880
95 96 7880
96 97 7880
97 98 7880
98 99 7880
99 100 7880
100 101 7880
101 102 7880
102 103 7880
103 104 7880
104 105 7880
105 106 7880
106 107 7880
107 108 7880
108 109 7880
109 110 7880
110 111 7880
111 112 7880
112 113 7880
113 114 7880
114 115 7880
115 116 7880
116 117 7880
117 118 7880
118 119 7880
119 120 7880
120 121 7880
121 122 7880
122 123 7880
123 124 7880
124 125 7880
125 126 7880
126 127 7880
127 128 7880
128 129 7880
129 130 7880
130 131 7880
131 132 7880
132 133 7880
133 134 7880
134 135 7880
135 136 7880
136 137 7880
137 138 7880
138 139 7880
139 140 7880
140 141 7880
141 142 7880
142 143 7880
143 144 7880
144 145 7880
145 146 7880
146 147 7880
147 148 7880
148 149 7880
149 150 7880
150 151 7880
151 152 7880
152 153 7880
153 154 7880
154 155 7880
155 156 7880
156 157 7880
157 158 7880
158 159 7880
159 160 7880
160 161 7880
161 162 7880
162 163 7880
163 164 7880
164 165 7880
165 166 7880
166 167 7880
167 168 7880
168 169 7880
169 170 7880
170 171 7880
171 172 7880
172 173 7880
173 174 7880
174 175 7880
175 176 7880
176 177 7880
177 178 7880
178 179 7880
179 180 7880
180 181 7880
181 182 7880
182 183 7880
183 184 7880
184 185 7880
185 186 7880
186 187 7880
187 188 7880
188 189 7880
189 190 7880
190 191 7880
191 192 7880
192 193 7880
193 194 7880
194 195 7880
195 196 7880
196 197 7880
197 198 7880
198 199 7880
199 200 7880
200 201 7880
201 202 7880
202 203 7880
203 204 7880
204 205 7880
205 206 7880
206 207 7880
207 208 7880
208 209 7880
209 210 7880
210 211 7880
211 212 7880
212 213 7880
213 214 7880
214 215 7880
215 216 7880
216 217 7880
217 218 7880
218 219 7880
219 220 7880
220 221 7880
221 222 7880
222 223 7880
223 224 7880
224 225 7880
225 226 7880
226 227 7880
227 228 7880
228 229 7880
229 230 7880
230 231 7880
231 232 7880
232 233 7880
233 234 7880
234 235 7880
235 236 7880
236 237 7880
237 238 7880
238 239 7880
239 240 7880
240 241 7880
241 242 7880
242 243 7880
243 244 7880
244 245 7880
245 246 7880
246 247 7880
247 248 7880
248 249 7880
249 250 7880
250 251 7880
251 252 7880
252 253 7880
253 254 7880
254 255 7880
255 256 7880
256 257 7880
257 258 7880
258 259 7880
259 260 7880
260 261 7880
261 262 7880
262 263 7880
263 264 7880
264 265 7880
265 266 7880
266 267 7880
267 268 7880
268 269 7880
269 270 7880
270 271 7880
271 272 7880
272 273 7880
273 274 7880
274 275 7880
275 276 7880
276 277 7880
277 278 7880
278 279 7880
279 280 7880
280 281 7880
281 282 7880
282 283 7880
283 284 7880
284 285 7880
285 286 7880
286 287 7880
287 288 7880
288 289 7880
289 290 7880
290 291 7880
291 292 7880
292 293 7880
293 294 7880
294 295 7880
295 296 7880
296 297 7880
297 298 7880
298 299 7880
299 300 7880
300 301 7880
301 302 7880
302 303 7880
303 304 7880
304 305 7880
305 306 7880
306 307 7880
307 308 7880
308 309 7880
309 310 7880
310 311 7880
311 312 7880
312 313 7880
313 314 7880
314 315 7880
315 316 7880
316 317 7880
317 318 7880
318 319 7880
319 320 7880
320 321 7880
321 322 7880
322 323 7880
323 324 7880
324 325 7880
325 326 7880
326 327 7880
327 328 7880
328 329 7880
329 330 7880
330 331 7880
331 332 7880
332 333 7880
333 334 7880
334 335 7880
335 336 7880
336 337 7880
337 338 7880
338 339 7880
339 340 7880
340 341 7880
341 342 7880
342 343 7880
343 344 7880
344 345 7880
345 346 7880
346 347 7880
347 348 7880
348 349 7880
349 350 7880
350 351 7880
351 352 7880
352 353 7880
353 354 7880
354 355 7880
355 356 7880
356 357 7880
357 358 7880
358 359 7880
359 360 7880
360 361 7880
361 362 7880
362 363 7880
363 364 7880
364 365 7880
365 366 7880
366 367 7880
367 368 7880
368 369 7880
369 370 7880
370 371 7880
371 372 7880
372 373 7880
373 374 7880
374 375 7880
375 376 7880
376 377 7880
377 378 7880
378 379 7880
379 380 7880
380 381 7880
381 382 7880
382 383 7880
383 384 7880
384 385 7880
385 386 7880
386 387 7880
387 388 7880
388 389 7880
389 390 7880
390 391 7880
391 392 7880
392 393 7880
393 394 7880
394 395 7880
395 396 7880
396 397 7880
397 398 7880
398 399 7880
399 400 7880
400 401 7880
401 402 7880
402 403 7880
403 404 7880
404 405 7880
405 406 7880
406 407 7880
407 408 7880
408 409 7880
409 410 7880
410 411 7880
411 412 7880
412 413 7880
413 414 7880
414 415 7880
415 416 7880
416 417 7880
417 418 7880
418 419 7880
419 420 7880
420 421 7880
421 422 7880
422 423 7880
423 424 7880
424 425 7880
425 426 7880
426 427 7880
427 428 7880
428 429 7880
429 430 7880
430 431 7880
431 432 7880
432 433 7880
433 434 7880
434 435 7880
435 436 7880
436 437 7880
437 438 7880
438 439 7880
439 440 7880
440 441 7880
441 442 7880
442 443 7880
443 444 7880
444 445 7880
445 446 7880
446 447 7880
447 448 7880
448 449 7880
449 450 7880
450 451 7880
451 452 7880
452 453 7880
453 454 7880
454 455 7880
455 456 7880
456 457 7880
457 458 7880
458 459 7880
459 460 7880
460 461 7880
461 462 7880
462 463 7880
463 464 7880
464 465 7880
465 466 7880
466 467 7880
467 468 7880
468 469 7880
469 470 7880
470 471 7880
471 472 7880
472 473 7880
473 474 7880
474 475 7880
475 476 7880
476 477 7880
477 478 7880
478 479 7880
479 480 7880
480 481 7880
481 482 7880
482 483 7880
483 484 7880
484 485 7880
485 486 7880
486 487 7880
487 488 7880
488 489 7880
489 490 7880
490 491 7880
491 492 7880
492 493 7880
493 494 7880
494 495 7880
495 496 7880
496 497 7880
497 498 7880
498 499 7880
499 500 7880
500 501 7880
501 502 7880
502 503 7880
503 504 7880
504 505 7880
505 506 7880
506 507 7880
507 508 7880
508 509 7880
509 510 7880
510 511 7880
511 512 7880
512 513 7880
513 514 7880
514 515 7880
515 516 7880
516 517 7880
517 518 7880
518 519 7880
519 520 7880
520 521 7880
521 522 7880
522 523 7880
523 524 7880
524 525 7880
525 526 7880
526 527 7880
527 528 7880
528 529 7880
529 530 7880
530 531 7880
531 532 7880
532 533 7880
533 534 7880
534 535 7880
535 536 7880
536 537 7880
537 538 7880
538 539 7880
539 540 7880
540 541 7880
541 542 7880
542 543 7880
543 544 7880
544 545 7880
545 546 7880
546 547 7880
547 548 7880
548 549 7880
549 550 7880
550 551 7880
551 552 7880
552 553 7880
553 554 7880
554 555 7880
555 556 7880
556 557 7880
557 558 7880
558 559 7880
559 560 7880
560 561 7880
561 562 7880
562 563 7880
563 564 7880
564 565 7880
565 566 7880
566 567 7880
567 568 7880
568 569 7880
569 570 7880
570 571 7880
571 572 7880
572 573 7880
573 574 7880
574 575 7880
575 576 7880
576 577 7880
577 578 7880
578 579 7880
579 580 7880
580 581 7880
581 582 7880
582 583 7880
583 584 7880
584 585 7880
585 586 7880
586 587 7880
587 588 7880
588 589 7880
589 590 7880
590 591 7880
591 592 7880
592 593 7880
593 594 7880
594 595 7880
595 596 7880
596 597 7880
597 598 7880
598 599 7880
599 600 7880
600 601 7880
601 602 7880
602 603 7880
603 604 7880
604 605 7880
605 606 7880
606 607 7880
607 608 7880
608 609 7880
609 610 7880
610 611 7880
611 612 7880
612 613 7880
613 614 7880
614 615 7880
615 616 7880
616 617 7880
617 618 7880
618 619 7880
619 620 7880
620 621 7880
621 622 7880
622 623 7880
623 624 7880
624 625 7880
625 626 7880
626 627 7880
627 628 7880
628 629 7880
629 630 7880
630 631 7880
631 632 7880
632 633 7880
633 634 7880
634 635 7880
635 636 7880
636 637 7880
637 638 7880
638 639 7880
639 640 7880
640 641 7880
641 642 7880
642 643 7880
643 644 7880
644 645 7880
645 646 7880
646 647 7880
647 648 7880
648 649 7880
649 650 7880
650 651 7880
651 652 7880
652 653 7880
653 654 7880
654 655 7880
655 656 7880
656 657 7880
657 658 7880
658 659 7880
659 660 7880
660 661 7880
661 662 7880
662 663 7880
663 664 7880
664 665 7880
665 666 7880
666 667 7880
667 668 7880
668 669 7880
669 670 7880
670 671 7880
671 672 7880
672 673 7880
673 674 7880
674 675 7880
675 676 7880
676 677 7880
677 678 7880
678 679 7880
679 680 7880
680 681 7880
681 682 7880
682 683 7880
683 684 7880
684 685 7880
685 686 7880
686 687 7880
687 688 7880
688 689 7880
689 690 7880
690 691 7880
691 692 7880
692 693 7880
693 694 7880
694 695 7880
695 696 7880
696 697 7880
697 698 7880
698 699 7880
699 700 7880
700 701 7880
701 702 7880
702 703 7880
703 704 7880
704 705 7880
705 706 7880
706 707 7880
707 708 7880
708 709 7880
709 710 7880
710 711 7880
711 712 7880
712 713 7880
713 714 7880
714 715 7880
715 716 7880
716 717 7880
717 718 7880
718 719 7880
719 720 7880
720 721 7880
721 722 7880
722 723 7880
723 724 7880
724 725 7880
725 726 7880
726 727 7880
727 728 7880
728 729 7880
729 730 7880
730 731 7880
731 732 7880
732 733 7880
733 734 7880
734 735 7880
735 736 7880
736 737 7880
737 738 7880
738 739 7880
739 740 7880
740 741 7880
741 742 7880
742 743 7880
743 744 7880
744 745 7880
745 746 7880
746 747 7880
747 748 7880
748 749 7880
749 750 7880
750 751 7880
751 752 7880
752 753 7880
753 754 7880
754 755 7880
755 756 7880
756 757 7880
757 758 7880
758 759 7880
759 760 7880
760 761 7880
761 762 7880
762 763 7880
763 764 7880
764 765 7880
765 766 7880
766 767 7880
767 768 7880
768 769 7880
769 770 7880
770 771 7880
771 772 7880
772 773 7880
773 774 7880
774 775 7880
775 776 7880
776 777 7880
777 778 7880
778 779 7880
779 780 7880
780 781 7880
781 782 7880
782 783 7880
783 784 7880
784 785 7880
785 786 7880
786 787 7880
128 688 7880
14 569 7880
160 531 7880
292 480 7880
100 576 7880
179 486 7880
186 199 7880
292 344 7880
353 413 7880
25 264 7880
33 61 7880
325 670 7880
198 734 7880
76 583 7880
160 759 7880
15 315 7880
174 432 7880
203 446 7880
7 172 7880
15 233 7880
365 448 7880
183 327 7880
61 379 7880
339 584 7880
168 250 7880
96 309 7880
46 239 7880
207 500 7880
39 555 7880
320 637 7880
240 767 7880
241 625 7880
290 533 7880
189 460 7880
120 511 7880
13 235 7880
298 610 7880
10 351 7880
151 477 7880
153 777 7880
195 339 7880
280 692 7880
103 563 7880
329 775 7880
127 719 7880
392 632 7880
168 321 7880
359 445 7880
116 488 7880
9 21 7880
173 622 7880
142 285 7880
343 429 7880
57 786 7880
57 353 7880
37 787 7880
282 375 7880
30 156 7880
16 50 7880
115 454 7880
115 775 7880
244 679 7880
170 232 7880
324 744 7880
228 752 7880
169 653 7880
100 104 7880
150 434 7880
301 719 7880
121 147 7880
29 475 7880
386 753 7880
193 760 7880
315 453 7880
372 692 7880
90 301 7880
251 424 7880
83 405 7880
243 367 7880
8 389 7880
332 504 7880
35 315 7880
300 483 7880
41 563 7880
211 663 7880
105 167 7880
178 299 7880
357 593 7880
327 360 7880
181 359 7880
323 373 7880
301 380 7880
159 501 7880
150 550 7880
323 582 7880
366 713 7880
319 348 7880
189 423 7880
48 443 7880
1 780 7880
230 491 7880
99 356 7880
207 352 7880
370 375 7880
39 710 7880
379 595 7880
366 649 7880
38 687 7880
66 555 7880
99 690 7880
332 457 7880
357 632 7880
352 729 7880
209 707 7880
264 531 7880
7 189 7880
330 363 7880
292 441 7880
286 638 7880
80 673 7880
18 198 7880
79 621 7880
170 648 7880
236 358 7880
362 697 7880
69 388 7880
287 768 7880
66 234 7880
26 193 7880
381 417 7880
374 627 7880
339 523 7880
73 477 7880
81 134 7880
162 712 7880
294 315 7880
376 638 7880
18 676 7880
213 310 7880
333 411 7880
114 334 7880
120 163 7880
248 744 7880
235 269 7880
264 442 7880
364 758 7880
155 340 7880
313 369 7880
388 588 7880
228 488 7880
96 134 7880
353 511 7880
147 274 7880
14 446 7880
165 613 7880
249 619 7880
56 768 7880
188 406 7880
179 464 7880
157 644 7880
0 479 7880
16 112 7880
281 380 7880
374 517 7880
200 739 7880
329 663 7880
79 558 7880
192 351 7880
93 545 7880
154 643 7880
374 722 7880
183 233 7880
232 573 7880
1 137 7880
39 244 7880
59 210 7880
123 494 7880
95 289 7880
221 582 7880
390 649 7880
306 779 7880
290 639 7880
357 645 7880
330 547 7880
36 256 7880
22 500 7880
72 355 7880
209 732 7880
268 316 7880
156 349 7880
188 343 7880
270 462 7880
264 550 7880
206 481 7880
225 346 7880
85 335 7880
177 518 7880
294 736 7880
119 365 7880
344 732 7880
370 555 7880
274 361 7880
10 60 7880
53 167 7880
373 575 7880
244 660 7880
171 320 7880
202 656 7880
362 444 7880
39 286 7880
233 404 7880
388 643 7880
26 287 7880
297 607 7880
177 562 7880
194 785 7880
206 710 7880
320 394 7880
83 125 7880
164 598 7880
372 666 7880
119 255 7880
109 127 7880
313 761 7880
307 608 7880
363 747 7880
95 164 7880
251 322 7880
7 483 7880
264 747 7880
32 774 7880
155 608 7880
393 725 7880
127 190 7880
287 747 7880
311 392 7880
7 97 7880
348 739 7880
242 566 7880
379 471 7880
6 217 7880
193 662 7880
279 720 7880
140 345 7880
336 457 7880
42 79 7880
119 749 7880
250 608 7880
4 203 7880
364 563 7880
16 734 7880
353 432 7880
179 725 7880
212 724 7880
50 609 7880
94 436 7880
232 271 7880
129 339 7880
339 679 7880
288 590 7880
85 411 7880
292 555 7880
223 535 7880
143 455 7880
192 433 7880
55 311 7880
379 461 7880
339 684 7880
278 757 7880
226 720 7880
283 641 7880
49 783 7880
154 577 7880
326 741 7880
294 441 7880
392 495 7880
134 726 7880
383 781 7880
352 493 7880
132 222 7880
205 432 7880
4 340 7880
241 730 7880
85 487 7880
5 372 7880
134 205 7880
33 594 7880
45 624 7880
373 558 7880
293 774 7880
307 675 7880
362 574 7880
348 548 7880
394 401 7880
250 443 7880
375 490 7880
326 663 7880
339 660 7880
204 530 7880
341 772 7880
389 566 7880
100 542 7880
152 529 7880
104 769 7880
114 591 7880
107 649 7880
127 713 7880
353 744 7880
188 695 7880
238 462 7880
253 511 7880
77 451 7880
160 377 7880
232 637 7880
66 131 7880
252 354 7880
28 726 7880
373 708 7880
9 137 7880
181 437 7880
228 318 7880
15 695 7880
26 760 7880
2 591 7880
390 427 7880
224 708 7880
15 67 7880
369 514 7880
265 747 7880
245 278 7880
287 561 7880
115 635 7880
6 493 7880
34 340 7880
198 533 7880
275 364 7880
146 263 7880
394 464 7880
162 642 7880
175 288 7880
214 615 7880
92 665 7880
296 654 7880
258 640 7880
110 306 7880
324 619 7880
191 760 7880
18 776 7880
391 603 7880
121 712 7880
155 403 7880
67 762 7880
155 448 7880
187 265 7880
30 533 7880
337 693 7880
247 557 7880
66 695 7880
217 505 7880
260 770 7880
301 486 7880
227 293 7880
226 632 7880
27 279 7880
143 585 7880
386 622 7880
61 73 7880
26 189 7880
37 460 7880
200 306 7880
278 676 7880
29 212 7880
47 452 7880
32 507 7880
95 264 7880
87 507 7880
115 368 7880
136 460 7880
372 475 7880
329 693 7880
246 466 7880
104 155 7880
228 324 7880
36 380 7880
382 786 7880
364 548 7880
60 416 7880
60 373 7880
193 535 7880
352 597 7880
56 547 7880
243 787 7880
333 544 7880
33 110 7880
275 318 7880
177 346 7880
5 28 7880
220 267 7880
78 774 7880
272 433 7880
92 662 7880
246 632 7880
179 653 7880
347 450 7880
98 117 7880
101 203 7880
362 762 7880
322 476 7880
113 544 7880
306 666 7880
310 393 7880
137 637 7880
376 652 7880
332 425 7880
335 576 7880
233 633 7880
240 646 7880
159 354 7880
233 521 7880
36 727 7880
258 557 7880
54 775 7880
40 91 7880
92 765 7880
5 281 7880
57 530 7880
346 682 7880
129 511 7880
115 221 7880
11 358 7880
98 235 7880
338 658 7880
236 271 7880
55 187 7880
339 613 7880
19 650 7880
71 597 7880
307 437 7880
320 648 7880
232 535 7880
342 422 7880
49 615 7880
144 569 7880
48 148 7880
211 556 7880
217 283 7880
213 241 7880
230 459 7880
7 284 7880
391 637 7880
75 617 7880
59 512 7880
144 705 7880
104 542 7880
125 693 7880
284 438 7880
270 693 7880
71 430 7880
310 636 7880
31 657 7880
155 653 7880
53 259 7880
146 544 7880
288 753 7880
255 664 7880
176 341 7880
103 485 7880
239 708 7880
383 406 7880
319 634 7880
283 531 7880
377 594 7880
241 657 7880
236 321 7880
265 694 7880
88 528 7880
309 776 7880
37 695 7880
151 334 7880
39 216 7880
291 615 7880
86 248 7880
355 706 7880
65 443 7880
279 425 7880
157 426 7880
4 638 7880
280 734 7880
159 178 7880
221 248 7880
22 400 7880
237 243 7880
354 617 7880
24 768 7880
344 554 7880
182 286 7880
63 770 7880
96 216 7880
147 563 7880
35 145 7880
14 204 7880
290 390 7880
201 243 7880
170 645 7880
302 660 7880
345 707 7880
146 243 7880
381 714 7880
143 520 7880
271 498 7880
231 434 7880
220 722 7880
6 621 7880
7 488 7880
184 301 7880
256 572 7880
61 77 7880
222 762 7880
32 707 7880
241 542 7880
180 189 7880
294 741 7880
83 771 7880
178 357 7880
179 686 7880
23 605 7880
244 618 7880
331 400 7880
310 782 7880
28 384 7880
234 751 7880
362 575 7880
153 336 7880
335 459 7880
240 494 7880
101 185 7880
9 559 7880
205 722 7880
172 202 7880
82 272 7880
344 566 7880
188 681 7880
244 781 7880
345 500 7880
219 581 7880
338 417 7880
77 335 7880
298 740 7880
298 703 7880
326 606 7880
4 17 7880
262 474 7880
227 300 7880
382 460 7880
248 550 7880
88 444 7880
142 176 7880
377 442 7880
157 302 7880
74 471 7880
20 352 7880
379 658 7880
56 175 7880
66 343 7880
222 367 7880
176 479 7880
199 584 7880
141 433 7880
309 338 7880
180 674 7880
362 560 7880
389 697 7880
374 631 7880
235 766 7880
258 391 7880
180 586 7880
220 740 7880
269 622 7880
66 507 7880
165 576 7880
265 484 7880
174 420 7880
392 717 7880
267 782 7880
370 779 7880
363 597 7880
186 535 7880
14 297 7880
57 161 7880
149 244 7880
17 210 7880
102 334 7880
274 647 7880
67 143 7880
259 606 7880
263 529 7880
91 458 7880
210 547 7880
86 674 7880
47 459 7880
92 346 7880
93 449 7880
214 297 7880
107 309 7880
41 210 7880
153 760 7880
273 429 7880
66 741 7880
369 393 7880
198 726 7880
0 579 7880
123 392 7880
177 408 7880
2 321 7880
68 655 7880
180 286 7880
320 423 7880
221 711 7880
261 665 7880
151 787 7880
86 416 7880
165 227 7880
146 479 7880
227 498 7880
296 544 7880
38 750 7880
131 451 7880
198 300 7880
246 706 7880
134 436 7880
360 501 7880
200 646 7880
186 760 7880
138 527 7880
207 602 7880
93 332 7880
238 556 7880
207 401 7880
211 564 7880
354 491 7880
13 621 7880
168 233 7880
16 585 7880
107 500 7880
146 194 7880
150 547 7880
372 625 7880
90 317 7880
259 674 7880
188 241 7880
50 528 7880
275 297 7880
304 319 7880
219 235 7880
247 362 7880
257 562 7880
108 455 7880
317 750 7880
273 450 7880
314 668 7880
193 645 7880
117 276 7880
24 526 7880
144 186 7880
362 782 7880
386 700 7880
97 201 7880
333 604 7880
365 777 7880
291 706 7880
16 448 7880
327 662 7880
198 224 7880
161 759 7880
179 188 7880
131 373 7880
219 380 7880
88 147 7880
20 478 7880
88 228 7880
304 554 7880
33 269 7880
339 744 7880
387 651 7880
144 704 7880
109 589 7880
14 729 7880
99 291 7880
106 312 7880
35 517 7880
288 787 7880
120 415 7880
350 729 7880
342 603 7880
263 570 7880
70 518 7880
343 641 7880
343 360 7880
310 519 7880
21 603 7880
186 638 7880
311 484 7880
9 385 7880
123 404 7880
270 641 7880
319 626 7880
209 519 7880
345 746 7880
8 88 7880
6 669 7880
230 597 7880
390 774 7880
202 593 7880
211 497 7880
202 533 7880
231 419 7880
271 463 7880
35 510 7880
378 518 7880
35 447 7880
24 138 7880
110 396 7880
173 759 7880
99 661 7880
139 341 7880
132 265 7880
95 120 7880
325 583 7880
26 339 7880
280 621 7880
146 265 7880
280 756 7880
279 404 7880
170 420 7880
234 784 7880
200 559 7880
319 630 7880
41 675 7880
177 432 7880
291 508 7880
378 673 7880
322 324 7880
241 261 7880
143 229 7880
220 349 7880
210 716 7880
331 521 7880
175 706 7880
214 613 7880
123 770 7880
347 386 7880
26 301 7880
90 555 7880
39 381 7880
241 492 7880
381 710 7880
146 664 7880
39 273 7880
249 661 7880
297 355 7880
149 722 7880
89 361 7880
166 671 7880
72 111 7880
350 522 7880
37 512 7880
113 354 7880
16 255 7880
262 417 7880
27 626 7880
229 325 7880
171 527 7880
104 750 7880
339 712 7880
392 411 7880
36 764 7880
95 186 7880
268 331 7880
194 760 7880
19 178 7880
79 616 7880
292 320 7880
58 120 7880
20 171 7880
