0 1 7920
1 2 7920
2 3 7920
3 4 7920
4 5 7920
5 6 7920
6 7 7920
7 8 7920
8 9 7920
9 10 7920
10 11 7920
11 12 7920
12 13 7920
13 14 7920
14 15 7920
15 16 7920
16 17 7920
17 18 7920
18 19 7920
19 20 7920
20 21 7920
21 22 7920
22 23 7920
23 24 7920
24 25 7920
25 26 7920
26 27 7920
27 28 7920
28 29 7920
29 30 7920
30 31 7920
31 32 7920
32 33 7920
33 34 7920
34 35 7920
35 36 7920
36 37 7920
37 38 7920
38 39 7920
39 40 7920
40 41 7920
41 42 7920
42 43 7920
43 44 7920
44 45 7920
45 46 7920
46 47 7920
47 48 7920
48 49 7920
49 50 7920
50 51 7920
51 52 7920
52 53 7920
53 54 7920
54 55 7920
55 56 7920
56 57 7920
57 58 7920
58 59 7920
59 60 7920
60 61 7920
61 62 7920
62 63 7920
63 64 7920
64 65 7920
65 66 7920
66 67 7920
67 68 7920
68 69 7920
69 70 7920
70 71 7920
71 72 7920
72 73 7920
73 74 7920
74 75 7920
75 76 7920
76 77 7920
77 78 7920
78 79 7920
79 80 7920
80 81 7920
81 82 7920
82 83 7920
83 84 7920
84 85 7920
85 86 7920
86 87 7920
87 88 7920
88 89 7920
89 90 7920
90 91 7920
91 92 7920
92 93 7920
93 94 7920
94 95 7920
95 96 7920
96 97 7920
97 98 7920
98 99 7920
99 100 7920
100 101 7920
101 102 7920
102 103 7920
103 104 7920
104 105 7920
105 106 7920
106 107 7920
107 108 7920
108 109 7920
109 110 7920
110 111 7920
111 112 7920
112 113 7920
113 114 7920
114 115 7920
115 116 7920
116 117 7920
117 118 7920
118 119 7920
119 120 7920
120 121 7920
121 122 7920
122 123 7920
123 124 7920
124 125 7920
125 126 7920
126 127 7920
127 128 7920
128 129 7920
129 130 7920
130 131 7920
131 132 7920
132 133 7920
133 134 7920
134 135 7920
135 136 7920
136 137 7920
137 138 7920
138 139 7920
139 140 7920
140 141 7920
141 142 7920
142 143 7920
143 144 7920
144 145 7920
145 146 7920
146 147 7920
147 148 7920
148 149 7920
149 150 7920
150 151 7920
151 152 7920
152 153 7920
153 154 7920
154 155 7920
155 156 7920
156 157 7920
157 158 7920
158 159 7920
159 160 7920
160 161 7920
161 162 7920
162 163 7920
163 164 7920
164 165 7920
165 166 7920
166 167 7920
167 168 7920
168 169 7920
169 170 7920
170 171 7920
171 172 7920
172 173 7920
173 174 7920
174 175 7920
175 176 7920
176 177 7920
177 178 7920
178 179 7920
179 180 7920
180 181 7920
181 182 7920
182 183 7920
183 184 7920
184 185 7920
185 186 7920
186 187 7920
187 188 7920
188 189 7920
189 190 7920
190 191 7920
191 192 7920
192 193 7920
193 194 7920
194 195 7920
195 196 7920
196 197 7920
197 198 7920
198 199 7920
199 200 7920
200 201 7920
201 202 7920
202 203 7920
203 204 7920
204 205 7920
205 206 7920
206 207 7920
207 208 7920
208 209 7920
209 210 7920
210 211 7920
211 212 7920
212 213 7920
213 214 7920
214 215 7920
215 216 7920
216 217 7920
217 218 7920
218 219 7920
219 220 7920
220 221 7920
221 222 7920
222 223 7920
223 224 7920
224 225 7920
225 226 7920
226 227 7920
227 228 7920
228 229 7920
229 230 7920
230 231 7920
231 232 7920
232 233 7920
233 234 7920
234 235 7920
235 236 7920
236 237 7920
237 238 7920
238 239 7920
239 240 7920
240 241 7920
241 242 7920
242 243 7920
243 244 7920
244 245 7920
245 246 7920
246 247 7920
247 248 7920
248 249 7920
249 250 7920
250 251 7920
251 252 7920
252 253 7920
253 254 7920
254 255 7920
255 256 7920
256 257 7920
257 258 7920
258 259 7920
259 260 7920
260 261 7920
261 262 7920
262 263 7920
263 264 7920
264 265 7920
265 266 7920
266 267 7920
267 268 7920
268 269 7920
269 270 7920
270 271 7920
271 272 7920
272 273 7920
273 274 7920
274 275 7920
275 276 7920
276 277 7920
277 278 7920
278 279 7920
279 280 7920
280 281 7920
281 282 7920
282 283 7920
283 284 7920
284 285 7920
285 286 7920
286 287 7920
287 288 7920
288 289 7920
289 290 7920
290 291 7920
291 292 7920
292 293 7920
293 294 7920
294 295 7920
295 296 7920
296 297 7920
297 298 7920
298 299 7920
299 300 7920
300 301 7920
301 302 7920
302 303 7920
303 304 7920
304 305 7920
305 306 7920
306 307 7920
307 308 7920
308 309 7920
309 310 7920
310 311 7920
311 312 7920
312 313 7920
313 314 7920
314 315 7920
315 316 7920
316 317 7920
317 318 7920
318 319 7920
319 320 7920
320 321 7920
321 322 7920
322 323 7920
323 324 7920
324 325 7920
325 326 7920
326 327 7920
327 328 7920
328 329 7920
329 330 7920
330 331 7920
331 332 7920
332 333 7920
333 334 7920
334 335 7920
335 336 7920
336 337 7920
337 338 7920
338 339 7920
339 340 7920
340 341 7920
341 342 7920
342 343 7920
343 344 7920
344 345 7920
345 346 7920
346 347 7920
347 348 7920
348 349 7920
349 350 7920
350 351 7920
351 352 7920
352 353 7920
353 354 7920
354 355 7920
355 356 7920
356 357 7920
357 358 7920
358 359 7920
359 360 7920
360 361 7920
361 362 7920
362 363 7920
363 364 7920
364 365 7920
365 366 7920
366 367 7920
367 368 7920
368 369 7920
369 370 7920
370 371 7920
371 372 7920
372 373 7920
373 374 7920
374 375 7920
375 376 7920
376 377 7920
377 378 7920
378 379 7920
379 380 7920
380 381 7920
381 382 7920
382 383 7920
383 384 7920
384 385 7920
385 386 7920
386 387 7920
387 388 7920
388 389 7920
389 390 7920
390 391 7920
391 392 7920
392 393 7920
393 394 7920
394 395 7920
395 396 7920
396 397 7920
397 398 7920
398 399 7920
399 400 7920
400 401 7920
401 402 7920
402 403 7920
403 404 7920
404 405 7920
405 406 7920
406 407 7920
407 408 7920
408 409 7920
409 410 7920
410 411 7920
411 412 7920
412 413 7920
413 414 7920
414 415 7920
415 416 7920
416 417 7920
417 418 7920
418 419 7920
419 420 7920
420 421 7920
421 422 7920
422 423 7920
423 424 7920
424 425 7920
425 426 7920
426 427 7920
427 428 7920
428 429 7920
429 430 7920
430 431 7920
431 432 7920
432 433 7920
433 434 7920
434 435 7920
435 436 7920
436 437 7920
437 438 7920
438 439 7920
439 440 7920
440 441 7920
441 442 7920
442 443 7920
443 444 7920
444 445 7920
445 446 7920
446 447 7920
447 448 7920
448 449 7920
449 450 7920
450 451 7920
451 452 7920
452 453 7920
453 454 7920
454 455 7920
455 456 7920
456 457 7920
457 458 7920
458 459 7920
459 460 7920
460 461 7920
461 462 7920
462 463 7920
463 464 7920
464 465 7920
465 466 7920
466 467 7920
467 468 7920
468 469 7920
469 470 7920
470 471 7920
471 472 7920
472 473 7920
473 474 7920
474 475 7920
475 476 7920
476 477 7920
477 478 7920
478 479 7920
479 480 7920
480 481 7920
481 482 7920
482 483 7920
483 484 7920
484 485 7920
485 486 7920
486 487 7920
487 488 7920
488 489 7920
489 490 7920
490 491 7920
491 492 7920
492 493 7920
493 494 7920
494 495 7920
495 496 7920
496 497 7920
497 498 7920
498 499 7920
499 500 7920
500 501 7920
501 502 7920
502 503 7920
503 504 7920
504 505 7920
505 506 7920
506 507 7920
507 508 7920
508 509 7920
509 510 7920
510 511 7920
511 512 7920
512 513 7920
513 514 7920
514 515 7920
515 516 7920
516 517 7920
517 518 7920
518 519 7920
519 520 7920
520 521 7920
521 522 7920
522 523 7920
523 524 7920
524 525 7920
525 526 7920
526 527 7920
527 528 7920
528 529 7920
529 530 7920
530 531 7920
531 532 7920
532 533 7920
533 534 7920
534 535 7920
535 536 7920
536 537 7920
537 538 7920
538 539 7920
539 540 7920
540 541 7920
541 542 7920
542 543 7920
543 544 7920
544 545 7920
545 546 7920
546 547 7920
547 548 7920
548 549 7920
549 550 7920
550 551 7920
551 552 7920
552 553 7920
553 554 7920
554 555 7920
555 556 7920
556 557 7920
557 558 7920
558 559 7920
559 560 7920
560 561 7920
561 562 7920
562 563 7920
563 564 7920
564 565 7920
565 566 7920
566 567 7920
567 568 7920
568 569 7920
569 570 7920
570 571 7920
571 572 7920
572 573 7920
573 574 7920
574 575 7920
575 576 7920
576 577 7920
577 578 7920
578 579 7920
579 580 7920
580 581 7920
581 582 7920
582 583 7920
583 584 7920
584 585 7920
585 586 7920
586 587 7920
587 588 7920
588 589 7920
589 590 7920
590 591 7920
591 592 7920
592 593 7920
593 594 7920
594 595 7920
595 596 7920
596 597 7920
597 598 7920
598 599 7920
599 600 7920
600 601 7920
601 602 7920
602 603 7920
603 604 7920
604 605 7920
605 606 7920
606 607 7920
607 608 7920
608 609 7920
609 610 7920
610 611 7920
611 612 7920
612 613 7920
613 614 7920
614 615 7920
615 616 7920
616 617 7920
617 618 7920
618 619 7920
619 620 7920
620 621 7920
621 622 7920
622 623 7920
623 624 7920
624 625 7920
625 626 7920
626 627 7920
627 628 7920
628 629 7920
629 630 7920
630 631 7920
631 632 7920
632 633 7920
633 634 7920
634 635 7920
635 636 7920
636 637 7920
637 638 7920
638 639 7920
639 640 7920
640 641 7920
641 642 7920
642 643 7920
643 644 7920
644 645 7920
645 646 7920
646 647 7920
647 648 7920
648 649 7920
649 650 7920
650 651 7920
651 652 7920
652 653 7920
653 654 7920
654 655 7920
655 656 7920
656 657 7920
657 658 7920
658 659 7920
659 660 7920
660 661 7920
661 662 7920
662 663 7920
663 664 7920
664 665 7920
665 666 7920
666 667 7920
667 668 7920
668 669 7920
669 670 7920
670 671 7920
671 672 7920
672 673 7920
673 674 7920
674 675 7920
675 676 7920
676 677 7920
677 678 7920
678 679 7920
679 680 7920
680 681 7920
681 682 7920
682 683 7920
683 684 7920
684 685 7920
685 686 7920
686 687 7920
687 688 7920
688 689 7920
689 690 7920
690 691 7920
691 692 7920
692 693 7920
693 694 7920
694 695 7920
695 696 7920
696 697 7920
697 698 7920
698 699 7920
699 700 7920
700 701 7920
701 702 7920
702 703 7920
703 704 7920
704 705 7920
705 706 7920
706 707 7920
707 708 7920
708 709 7920
709 710 7920
710 711 7920
711 712 7920
712 713 7920
713 714 7920
714 715 7920
715 716 7920
716 717 7920
717 718 7920
718 719 7920
719 720 7920
720 721 7920
721 722 7920
722 723 7920
723 724 7920
724 725 7920
725 726 7920
726 727 7920
727 728 7920
728 729 7920
729 730 7920
730 731 7920
731 732 7920
732 733 7920
733 734 7920
734 735 7920
735 736 7920
736 737 7920
737 738 7920
738 739 7920
739 740 7920
740 741 7920
741 742 7920
742 743 7920
743 744 7920
744 745 7920
745 746 7920
746 747 7920
747 748 7920
748 749 7920
749 750 7920
750 751 7920
751 752 7920
752 753 7920
753 754 7920
754 755 7920
755 756 7920
756 757 7920
757 758 7920
758 759 7920
759 760 7920
760 761 7920
761 762 7920
762 763 7920
763 764 7920
764 765 7920
765 766 7920
766 767 7920
767 768 7920
768 769 7920
769 770 7920
770 771 7920
771 772 7920
772 773 7920
773 774 7920
774 775 7920
775 776 7920
776 777 7920
777 778 7920
778 779 7920
779 780 7920
780 781 7920
781 782 7920
782 783 7920
783 784 7920
784 785 7920
785 786 7920
786 787 7920
787 788 7920
788 789 7920
789 790 7920
790 791 7920
106 630 7920
156 281 7920
74 329 7920
295 513 7920
211 464 7920
41 632 7920
53 263 7920
224 665 7920
74 790 7920
333 392 7920
279 365 7920
222 544 7920
116 127 7920
235 354 7920
360 374 7920
256 489 7920
203 767 7920
129 265 7920
6 268 7920
71 395 7920
167 362 7920
349 631 7920
147 407 7920
38 583 7920
166 601 7920
343 447 7920
278 443 7920
215 278 7920
151 262 7920
329 623 7920
202 708 7920
128 292 7920
248 516 7920
306 725 7920
304 471 7920
181 385 7920
361 523 7920
224 445 7920
330 340 7920
24 714 7920
68 291 7920
91 270 7920
168 537 7920
113 535 7920
162 649 7920
121 630 7920
81 706 7920
259 484 7920
297 630 7920
91 445 7920
288 411 7920
67 100 7920
169 264 7920
248 359 7920
269 777 7920
76 82 7920
13 486 7920
317 625 7920
181 225 7920
324 783 7920
168 354 7920
302 636 7920
126 556 7920
338 478 7920
169 293 7920
381 516 7920
147 486 7920
242 415 7920
293 675 7920
160 219 7920
132 696 7920
158 715 7920
175 645 7920
13 179 7920
366 552 7920
101 695 7920
208 406 7920
54 531 7920
284 772 7920
332 414 7920
181 398 7920
371 772 7920
50 661 7920
317 594 7920
225 290 7920
384 490 7920
166 655 7920
289 575 7920
120 601 7920
53 720 7920
385 404 7920
200 578 7920
62 220 7920
12 262 7920
114 433 7920
148 445 7920
149 690 7920
73 651 7920
116 166 7920
122 468 7920
7 289 7920
238 333 7920
358 500 7920
60 451 7920
274 278 7920
55 276 7920
206 475 7920
95 653 7920
144 742 7920
226 463 7920
347 632 7920
19 279 7920
369 635 7920
310 712 7920
304 457 7920
294 577 7920
279 392 7920
367 733 7920
144 304 7920
47 672 7920
158 374 7920
374 629 7920
132 612 7920
239 449 7920
239 405 7920
225 672 7920
329 573 7920
52 685 7920
259 525 7920
235 509 7920
120 653 7920
140 248 7920
81 424 7920
387 621 7920
200 575 7920
371 595 7920
232 726 7920
193 480 7920
223 757 7920
328 423 7920
267 751 7920
359 407 7920
241 559 7920
202 300 7920
264 356 7920
242 357 7920
244 262 7920
227 674 7920
272 770 7920
144 166 7920
8 667 7920
152 191 7920
17 359 7920
234 275 7920
58 537 7920
208 660 7920
6 261 7920
112 413 7920
72 126 7920
101 660 7920
190 700 7920
212 758 7920
62 759 7920
260 378 7920
347 753 7920
347 432 7920
247 440 7920
5 773 7920
7 701 7920
99 480 7920
386 524 7920
103 564 7920
139 347 7920
195 244 7920
179 387 7920
331 472 7920
123 622 7920
196 471 7920
199 712 7920
107 697 7920
169 307 7920
180 575 7920
187 447 7920
117 313 7920
149 366 7920
172 176 7920
355 547 7920
252 432 7920
10 243 7920
156 505 7920
288 384 7920
62 674 7920
308 540 7920
193 339 7920
171 195 7920
353 426 7920
203 386 7920
111 622 7920
357 707 7920
31 68 7920
108 180 7920
200 710 7920
266 522 7920
151 575 7920
89 143 7920
173 786 7920
293 706 7920
344 519 7920
117 365 7920
263 713 7920
14 295 7920
105 150 7920
380 604 7920
71 568 7920
84 234 7920
212 268 7920
197 619 7920
296 622 7920
272 618 7920
170 496 7920
216 392 7920
124 138 7920
68 323 7920
157 441 7920
85 175 7920
203 580 7920
378 545 7920
266 343 7920
44 213 7920
355 476 7920
316 382 7920
45 356 7920
88 347 7920
159 280 7920
100 491 7920
60 324 7920
214 506 7920
17 189 7920
366 495 7920
3 730 7920
335 537 7920
289 483 7920
109 413 7920
103 377 7920
375 626 7920
232 617 7920
71 502 7920
283 394 7920
22 80 7920
38 244 7920
384 676 7920
233 352 7920
354 750 7920
377 683 7920
279 297 7920
77 498 7920
109 498 7920
219 359 7920
205 294 7920
108 694 7920
145 307 7920
156 723 7920
165 514 7920
255 601 7920
49 620 7920
86 725 7920
233 252 7920
70 201 7920
179 738 7920
342 576 7920
78 646 7920
106 382 7920
250 359 7920
55 672 7920
201 758 7920
134 487 7920
255 382 7920
393 528 7920
333 335 7920
109 679 7920
301 623 7920
248 719 7920
238 312 7920
203 537 7920
309 377 7920
114 486 7920
221 563 7920
334 732 7920
92 109 7920
1 337 7920
270 474 7920
244 535 7920
17 631 7920
349 742 7920
282 333 7920
202 613 7920
372 765 7920
232 729 7920
387 737 7920
255 466 7920
135 735 7920
93 404 7920
202 453 7920
41 197 7920
391 543 7920
324 497 7920
268 775 7920
29 399 7920
36 192 7920
105 608 7920
344 401 7920
107 259 7920
1 493 7920
319 705 7920
278 784 7920
210 366 7920
245 428 7920
125 595 7920
297 332 7920
69 174 7920
72 169 7920
223 462 7920
76 203 7920
277 346 7920
183 354 7920
161 396 7920
137 144 7920
90 516 7920
27 677 7920
36 366 7920
218 601 7920
217 349 7920
329 703 7920
383 446 7920
174 749 7920
30 405 7920
13 545 7920
240 763 7920
320 617 7920
128 275 7920
228 312 7920
371 475 7920
149 474 7920
132 649 7920
125 163 7920
298 543 7920
126 669 7920
280 757 7920
146 514 7920
95 259 7920
128 660 7920
274 317 7920
362 698 7920
131 594 7920
273 477 7920
216 488 7920
71 693 7920
25 28 7920
97 512 7920
128 643 7920
203 227 7920
299 518 7920
361 514 7920
222 497 7920
293 717 7920
391 399 7920
22 431 7920
67 567 7920
5 64 7920
0 455 7920
336 377 7920
222 666 7920
300 429 7920
25 643 7920
150 513 7920
18 194 7920
214 291 7920
28 85 7920
20 111 7920
239 585 7920
102 605 7920
342 717 7920
2 231 7920
271 575 7920
176 373 7920
306 652 7920
221 752 7920
209 298 7920
227 256 7920
284 610 7920
194 575 7920
310 569 7920
69 701 7920
189 440 7920
121 670 7920
41 172 7920
327 525 7920
40 184 7920
149 472 7920
254 332 7920
74 115 7920
270 508 7920
105 113 7920
109 222 7920
150 553 7920
82 334 7920
229 548 7920
121 518 7920
67 82 7920
1 421 7920
370 587 7920
121 590 7920
99 664 7920
165 487 7920
248 378 7920
303 791 7920
148 329 7920
378 610 7920
39 495 7920
359 709 7920
321 648 7920
133 479 7920
262 306 7920
264 423 7920
381 399 7920
35 125 7920
276 290 7920
274 638 7920
49 363 7920
308 742 7920
271 370 7920
364 384 7920
244 704 7920
215 490 7920
214 505 7920
371 634 7920
53 114 7920
389 428 7920
202 368 7920
264 588 7920
243 386 7920
40 200 7920
125 584 7920
32 583 7920
137 158 7920
329 499 7920
90 273 7920
72 549 7920
312 618 7920
321 543 7920
71 248 7920
176 218 7920
126 651 7920
7 461 7920
378 614 7920
285 654 7920
235 632 7920
132 618 7920
126 588 7920
239 673 7920
232 653 7920
306 571 7920
118 282 7920
197 716 7920
176 389 7920
246 498 7920
344 766 7920
310 473 7920
153 561 7920
128 551 7920
108 222 7920
234 622 7920
389 559 7920
378 701 7920
366 470 7920
197 409 7920
70 403 7920
254 676 7920
335 478 7920
368 423 7920
221 586 7920
335 374 7920
24 82 7920
142 183 7920
344 421 7920
319 583 7920
90 470 7920
314 573 7920
236 548 7920
291 638 7920
26 44 7920
111 671 7920
330 462 7920
287 669 7920
237 564 7920
148 314 7920
132 584 7920
92 400 7920
252 783 7920
329 628 7920
381 755 7920
385 614 7920
162 311 7920
359 618 7920
62 193 7920
182 399 7920
0 334 7920
21 468 7920
352 564 7920
386 502 7920
375 446 7920
258 679 7920
71 297 7920
71 190 7920
306 522 7920
266 710 7920
365 516 7920
239 330 7920
125 552 7920
262 565 7920
264 343 7920
339 693 7920
186 774 7920
302 612 7920
332 476 7920
35 258 7920
204 508 7920
354 380 7920
219 634 7920
287 743 7920
191 347 7920
72 471 7920
119 569 7920
326 731 7920
354 528 7920
90 668 7920
92 747 7920
50 394 7920
252 491 7920
241 317 7920
215 250 7920
105 324 7920
290 608 7920
288 644 7920
329 331 7920
151 759 7920
286 476 7920
386 676 7920
299 552 7920
28 144 7920
187 624 7920
202 227 7920
161 438 7920
132 309 7920
3 643 7920
271 769 7920
69 85 7920
39 377 7920
200 665 7920
347 400 7920
93 274 7920
363 453 7920
269 596 7920
356 425 7920
179 316 7920
23 506 7920
365 612 7920
178 643 7920
323 405 7920
30 632 7920
217 673 7920
233 634 7920
301 424 7920
125 612 7920
382 721 7920
63 272 7920
238 758 7920
377 499 7920
255 368 7920
40 222 7920
95 122 7920
153 737 7920
117 420 7920
305 756 7920
127 711 7920
137 742 7920
234 447 7920
257 651 7920
342 561 7920
385 393 7920
234 699 7920
60 672 7920
118 453 7920
57 416 7920
138 453 7920
379 737 7920
247 747 7920
330 612 7920
385 558 7920
142 623 7920
395 441 7920
362 454 7920
332 478 7920
347 412 7920
261 321 7920
149 446 7920
324 525 7920
236 611 7920
280 501 7920
81 630 7920
104 312 7920
346 529 7920
315 375 7920
151 572 7920
63 764 7920
192 485 7920
24 87 7920
249 294 7920
109 327 7920
150 607 7920
7 173 7920
355 729 7920
376 420 7920
341 742 7920
187 588 7920
5 683 7920
13 699 7920
41 307 7920
323 340 7920
68 82 7920
335 362 7920
288 475 7920
239 578 7920
347 667 7920
111 643 7920
128 278 7920
13 140 7920
377 636 7920
255 276 7920
258 708 7920
286 556 7920
369 789 7920
143 300 7920
270 537 7920
162 401 7920
72 337 7920
295 434 7920
326 744 7920
330 466 7920
81 451 7920
13 15 7920
183 384 7920
3 93 7920
388 612 7920
371 737 7920
142 556 7920
74 561 7920
378 734 7920
214 416 7920
393 615 7920
175 216 7920
18 470 7920
211 774 7920
246 703 7920
1 147 7920
379 390 7920
108 329 7920
136 764 7920
332 422 7920
167 261 7920
126 389 7920
326 521 7920
378 469 7920
202 238 7920
127 289 7920
393 398 7920
60 488 7920
294 689 7920
348 516 7920
35 786 7920
98 471 7920
349 517 7920
369 727 7920
192 572 7920
28 747 7920
19 254 7920
78 743 7920
227 312 7920
36 87 7920
202 533 7920
174 275 7920
250 571 7920
211 380 7920
333 783 7920
88 208 7920
355 595 7920
313 601 7920
333 735 7920
24 290 7920
183 617 7920
390 431 7920
196 590 7920
341 412 7920
262 551 7920
362 695 7920
146 422 7920
98 289 7920
264 725 7920
98 322 7920
234 345 7920
155 752 7920
242 519 7920
266 728 7920
268 443 7920
360 507 7920
113 233 7920
152 278 7920
37 613 7920
101 470 7920
348 676 7920
98 489 7920
14 671 7920
183 192 7920
274 784 7920
107 381 7920
98 605 7920
375 618 7920
184 392 7920
147 619 7920
159 236 7920
187 570 7920
16 682 7920
68 306 7920
24 76 7920
292 604 7920
374 509 7920
145 706 7920
175 280 7920
387 712 7920
340 761 7920
329 611 7920
225 323 7920
264 739 7920
321 453 7920
44 257 7920
255 589 7920
199 535 7920
226 720 7920
147 325 7920
299 527 7920
41 424 7920
360 418 7920
227 574 7920
278 367 7920
8 231 7920
150 563 7920
17 430 7920
253 493 7920
89 519 7920
171 251 7920
332 674 7920
197 728 7920
164 188 7920
343 764 7920
396 760 7920
386 668 7920
197 705 7920
250 534 7920
101 609 7920
285 491 7920
30 600 7920
140 240 7920
109 159 7920
184 679 7920
393 427 7920
380 544 7920
217 363 7920
381 564 7920
388 593 7920
366 672 7920
165 744 7920
317 481 7920
305 668 7920
42 124 7920
153 358 7920
152 514 7920
362 544 7920
349 621 7920
114 418 7920
