0 1 7960
1 2 7960
2 3 7960
3 4 7960
4 5 7960
5 6 7960
6 7 7960
7 8 7960
8 9 7960
9 10 7960
10 11 7960
11 12 7960
12 13 7960
13 14 7960
14 15 7960
15 16 7960
16 17 7960
17 18 7960
18 19 7960
19 20 7960
20 21 7960
21 22 7960
22 23 7960
23 24 7960
24 25 7960
25 26 7960
26 27 7960
27 28 7960
28 29 7960
29 30 7960
30 31 7960
31 32 7960
32 33 7960
33 34 7960
34 35 7960
35 36 7960
36 37 7960
37 38 7960
38 39 7960
39 40 7960
40 41 7960
41 42 7960
42 43 7960
43 44 7960
44 45 7960
45 46 7960
46 47 7960
47 48 7960
48 49 7960
49 50 7960
50 51 7960
51 52 7960
52 53 7960
53 54 7960
54 55 7960
55 56 7960
56 57 7960
57 58 7960
58 59 7960
59 60 7960
60 61 7960
61 62 7960
62 63 7960
63 64 7960
64 65 7960
65 66 7960
66 67 7960
67 68 7960
68 69 7960
69 70 7960
70 71 7960
71 72 7960
72 73 7960
73 74 7960
74 75 7960
75 76 7960
76 77 7960
77 78 7960
78 79 7960
79 80 7960
80 81 7960
81 82 7960
82 83 7960
83 84 7960
84 85 7960
85 86 7960
86 87 7960
87 88 7960
88 89 7960
89 90 7960
90 91 7960
91 92 7960
92 93 7960
93 94 7960
94 95 7960
95 96 7960
96 97 7960
97 98 7960
98 99 7960
99 100 7960
100 101 7960
101 102 7960
102 103 7960
103 104 7960
104 105 7960
105 106 7960
106 107 7960
107 108 7960
108 109 7960
109 110 7960
110 111 7960
111 112 7960
112 113 7960
113 114 7960
114 115 7960
115 116 7960
116 117 7960
117 118 7960
118 119 7960
119 120 7960
120 121 7960
121 122 7960
122 123 7960
123 124 7960
124 125 7960
125 126 7960
126 127 7960
127 128 7960
128 129 7960
129 130 7960
130 131 7960
131 132 7960
132 133 7960
133 134 7960
134 135 7960
135 136 7960
136 137 7960
137 138 7960
138 139 7960
139 140 7960
140 141 7960
141 142 7960
142 143 7960
143 144 7960
144 145 7960
145 146 7960
146 147 7960
147 148 7960
148 149 7960
149 150 7960
150 151 7960
151 152 7960
152 153 7960
153 154 7960
154 155 7960
155 156 7960
156 157 7960
157 158 7960
158 159 7960
159 160 7960
160 161 7960
161 162 7960
162 163 7960
163 164 7960
164 165 7960
165 166 7960
166 167 7960
167 168 7960
168 169 7960
169 170 7960
170 171 7960
171 172 7960
172 173 7960
173 174 7960
174 175 7960
175 176 7960
176 177 7960
177 178 7960
178 179 7960
179 180 7960
180 181 7960
181 182 7960
182 183 7960
183 184 7960
184 185 7960
185 186 7960
186 187 7960
187 188 7960
188 189 7960
189 190 7960
190 191 7960
191 192 7960
192 193 7960
193 194 7960
194 195 7960
195 196 7960
196 197 7960
197 198 7960
198 199 7960
199 200 7960
200 201 7960
201 202 7960
202 203 7960
203 204 7960
204 205 7960
205 206 7960
206 207 7960
207 208 7960
208 209 7960
209 210 7960
210 211 7960
211 212 7960
212 213 7960
213 214 7960
214 215 7960
215 216 7960
216 217 7960
217 218 7960
218 219 7960
219 220 7960
220 221 7960
221 222 7960
222 223 7960
223 224 7960
224 225 7960
225 226 7960
226 227 7960
227 228 7960
228 229 7960
229 230 7960
230 231 7960
231 232 7960
232 233 7960
233 234 7960
234 235 7960
235 236 7960
236 237 7960
237 238 7960
238 239 7960
239 240 7960
240 241 7960
241 242 7960
242 243 7960
243 244 7960
244 245 7960
245 246 7960
246 247 7960
247 248 7960
248 249 7960
249 250 7960
250 251 7960
251 252 7960
252 253 7960
253 254 7960
254 255 7960
255 256 7960
256 257 7960
257 258 7960
258 259 7960
259 260 7960
260 261 7960
261 262 7960
262 263 7960
263 264 7960
264 265 7960
265 266 7960
266 267 7960
267 268 7960
268 269 7960
269 270 7960
270 271 7960
271 272 7960
272 273 7960
273 274 7960
274 275 7960
275 276 7960
276 277 7960
277 278 7960
278 279 7960
279 280 7960
280 281 7960
281 282 7960
282 283 7960
283 284 7960
284 285 7960
285 286 7960
286 287 7960
287 288 7960
288 289 7960
289 290 7960
290 291 7960
291 292 7960
292 293 7960
293 294 7960
294 295 7960
295 296 7960
296 297 7960
297 298 7960
298 299 7960
299 300 7960
300 301 7960
301 302 7960
302 303 7960
303 304 7960
304 305 7960
305 306 7960
306 307 7960
307 308 7960
308 309 7960
309 310 7960
310 311 7960
311 312 7960
312 313 7960
313 314 7960
314 315 7960
315 316 7960
316 317 7960
317 318 7960
318 319 7960
319 320 7960
320 321 7960
321 322 7960
322 323 7960
323 324 7960
324 325 7960
325 326 7960
326 327 7960
327 328 7960
328 329 7960
329 330 7960
330 331 7960
331 332 7960
332 333 7960
333 334 7960
334 335 7960
335 336 7960
336 337 7960
337 338 7960
338 339 7960
339 340 7960
340 341 7960
341 342 7960
342 343 7960
343 344 7960
344 345 7960
345 346 7960
346 347 7960
347 348 7960
348 349 7960
349 350 7960
350 351 7960
351 352 7960
352 353 7960
353 354 7960
354 355 7960
355 356 7960
356 357 7960
357 358 7960
358 359 7960
359 360 7960
360 361 7960
361 362 7960
362 363 7960
363 364 7960
364 365 7960
365 366 7960
366 367 7960
367 368 7960
368 369 7960
369 370 7960
370 371 7960
371 372 7960
372 373 7960
373 374 7960
374 375 7960
375 376 7960
376 377 7960
377 378 7960
378 379 7960
379 380 7960
380 381 7960
381 382 7960
382 383 7960
383 384 7960
384 385 7960
385 386 7960
386 387 7960
387 388 7960
388 389 7960
389 390 7960
390 391 7960
391 392 7960
392 393 7960
393 394 7960
394 395 7960
395 396 7960
396 397 7960
397 398 7960
398 399 7960
399 400 7960
400 401 7960
401 402 7960
402 403 7960
403 404 7960
404 405 7960
405 406 7960
406 407 7960
407 408 7960
408 409 7960
409 410 7960
410 411 7960
411 412 7960
412 413 7960
413 414 7960
414 415 7960
415 416 7960
416 417 7960
417 418 7960
418 419 7960
419 420 7960
420 421 7960
421 422 7960
422 423 7960
423 424 7960
424 425 7960
425 426 7960
426 427 7960
427 428 7960
428 429 7960
429 430 7960
430 431 7960
431 432 7960
432 433 7960
433 434 7960
434 435 7960
435 436 7960
436 437 7960
437 438 7960
438 439 7960
439 440 7960
440 441 7960
441 442 7960
442 443 7960
443 444 7960
444 445 7960
445 446 7960
446 447 7960
447 448 7960
448 449 7960
449 450 7960
450 451 7960
451 452 7960
452 453 7960
453 454 7960
454 455 7960
455 456 7960
456 457 7960
457 458 7960
458 459 7960
459 460 7960
460 461 7960
461 462 7960
462 463 7960
463 464 7960
464 465 7960
465 466 7960
466 467 7960
467 468 7960
468 469 7960
469 470 7960
470 471 7960
471 472 7960
472 473 7960
473 474 7960
474 475 7960
475 476 7960
476 477 7960
477 478 7960
478 479 7960
479 480 7960
480 481 7960
481 482 7960
482 483 7960
483 484 7960
484 485 7960
485 486 7960
486 487 7960
487 488 7960
488 489 7960
489 490 7960
490 491 7960
491 492 7960
492 493 7960
493 494 7960
494 495 7960
495 496 7960
496 497 7960
497 498 7960
498 499 7960
499 500 7960
500 501 7960
501 502 7960
502 503 7960
503 504 7960
504 505 7960
505 506 7960
506 507 7960
507 508 7960
508 509 7960
509 510 7960
510 511 7960
511 512 7960
512 513 7960
513 514 7960
514 515 7960
515 516 7960
516 517 7960
517 518 7960
518 519 7960
519 520 7960
520 521 7960
521 522 7960
522 523 7960
523 524 7960
524 525 7960
525 526 7960
526 527 7960
527 528 7960
528 529 7960
529 530 7960
530 531 7960
531 532 7960
532 533 7960
533 534 7960
534 535 7960
535 536 7960
536 537 7960
537 538 7960
538 539 7960
539 540 7960
540 541 7960
541 542 7960
542 543 7960
543 544 7960
544 545 7960
545 546 7960
546 547 7960
547 548 7960
548 549 7960
549 550 7960
550 551 7960
551 552 7960
552 553 7960
553 554 7960
554 555 7960
555 556 7960
556 557 7960
557 558 7960
558 559 7960
559 560 7960
560 561 7960
561 562 7960
562 563 7960
563 564 7960
564 565 7960
565 566 7960
566 567 7960
567 568 7960
568 569 7960
569 570 7960
570 571 7960
571 572 7960
572 573 7960
573 574 7960
574 575 7960
575 576 7960
576 577 7960
577 578 7960
578 579 7960
579 580 7960
580 581 7960
581 582 7960
582 583 7960
583 584 7960
584 585 7960
585 586 7960
586 587 7960
587 588 7960
588 589 7960
589 590 7960
590 591 7960
591 592 7960
592 593 7960
593 594 7960
594 595 7960
595 596 7960
596 597 7960
597 598 7960
598 599 7960
599 600 7960
600 601 7960
601 602 7960
602 603 7960
603 604 7960
604 605 7960
605 606 7960
606 607 7960
607 608 7960
608 609 7960
609 610 7960
610 611 7960
611 612 7960
612 613 7960
613 614 7960
614 615 7960
615 616 7960
616 617 7960
617 618 7960
618 619 7960
619 620 7960
620 621 7960
621 622 7960
622 623 7960
623 624 7960
624 625 7960
625 626 7960
626 627 7960
627 628 7960
628 629 7960
629 630 7960
630 631 7960
631 632 7960
632 633 7960
633 634 7960
634 635 7960
635 636 7960
636 637 7960
637 638 7960
638 639 7960
639 640 7960
640 641 7960
641 642 7960
642 643 7960
643 644 7960
644 645 7960
645 646 7960
646 647 7960
647 648 7960
648 649 7960
649 650 7960
650 651 7960
651 652 7960
652 653 7960
653 654 7960
654 655 7960
655 656 7960
656 657 7960
657 658 7960
658 659 7960
659 660 7960
660 661 7960
661 662 7960
662 663 7960
663 664 7960
664 665 7960
665 666 7960
666 667 7960
667 668 7960
668 669 7960
669 670 7960
670 671 7960
671 672 7960
672 673 7960
673 674 7960
674 675 7960
675 676 7960
676 677 7960
677 678 7960
678 679 7960
679 680 7960
680 681 7960
681 682 7960
682 683 7960
683 684 7960
684 685 7960
685 686 7960
686 687 7960
687 688 7960
688 689 7960
689 690 7960
690 691 7960
691 692 7960
692 693 7960
693 694 7960
694 695 7960
695 696 7960
696 697 7960
697 698 7960
698 699 7960
699 700 7960
700 701 7960
701 702 7960
702 703 7960
703 704 7960
704 705 7960
705 706 7960
706 707 7960
707 708 7960
708 709 7960
709 710 7960
710 711 7960
711 712 7960
712 713 7960
713 714 7960
714 715 7960
715 716 7960
716 717 7960
717 718 7960
718 719 7960
719 720 7960
720 721 7960
721 722 7960
722 723 7960
723 724 7960
724 725 7960
725 726 7960
726 727 7960
727 728 7960
728 729 7960
729 730 7960
730 731 7960
731 732 7960
732 733 7960
733 734 7960
734 735 7960
735 736 7960
736 737 7960
737 738 7960
738 739 7960
739 740 7960
740 741 7960
741 742 7960
742 743 7960
743 744 7960
744 745 7960
745 746 7960
746 747 7960
747 748 7960
748 749 7960
749 750 7960
750 751 7960
751 752 7960
752 753 7960
753 754 7960
754 755 7960
755 756 7960
756 757 7960
757 758 7960
758 759 7960
759 760 7960
760 761 7960
761 762 7960
762 763 7960
763 764 7960
764 765 7960
765 766 7960
766 767 7960
767 768 7960
768 769 7960
769 770 7960
770 771 7960
771 772 7960
772 773 7960
773 774 7960
774 775 7960
775 776 7960
776 777 7960
777 778 7960
778 779 7960
779 780 7960
780 781 7960
781 782 7960
782 783 7960
783 784 7960
784 785 7960
785 786 7960
786 787 7960
787 788 7960
788 789 7960
789 790 7960
790 791 7960
791 792 7960
792 793 7960
793 794 7960
794 795 7960
77 594 7960
3 413 7960
314 630 7960
105 108 7960
100 134 7960
99 516 7960
184 596 7960
192 428 7960
370 583 7960
129 765 7960
140 705 7960
14 250 7960
295 464 7960
95 560 7960
13 342 7960
369 392 7960
171 203 7960
282 323 7960
166 231 7960
389 723 7960
220 497 7960
25 775 7960
122 476 7960
128 320 7960
171 509 7960
58 681 7960
134 716 7960
127 617 7960
295 376 7960
27 493 7960
262 792 7960
150 641 7960
160 244 7960
211 251 7960
362 390 7960
306 683 7960
346 486 7960
347 456 7960
206 319 7960
76 587 7960
45 645 7960
230 623 7960
374 782 7960
268 324 7960
183 293 7960
345 710 7960
366 472 7960
122 482 7960
96 597 7960
11 303 7960
200 411 7960
347 647 7960
221 330 7960
301 523 7960
322 552 7960
6 505 7960
118 751 7960
76 164 7960
313 590 7960
297 663 7960
208 707 7960
288 695 7960
397 750 7960
103 106 7960
0 65 7960
286 738 7960
8 543 7960
255 666 7960
15 537 7960
130 740 7960
287 424 7960
179 444 7960
300 716 7960
256 290 7960
398 755 7960
181 640 7960
214 558 7960
194 770 7960
47 592 7960
17 519 7960
107 419 7960
51 235 7960
54 442 7960
109 702 7960
40 660 7960
58 681 7960
341 353 7960
298 344 7960
67 713 7960
257 449 7960
22 620 7960
125 200 7960
1 580 7960
220 753 7960
264 353 7960
216 310 7960
190 417 7960
183 442 7960
393 715 7960
304 661 7960
3 306 7960
17 598 7960
214 664 7960
116 391 7960
364 402 7960
62 489 7960
217 312 7960
373 492 7960
336 484 7960
81 533 7960
352 531 7960
34 409 7960
10 722 7960
18 277 7960
268 490 7960
264 426 7960
383 672 7960
194 679 7960
374 545 7960
33 636 7960
370 631 7960
163 588 7960
194 674 7960
392 441 7960
215 481 7960
287 621 7960
77 336 7960
28 455 7960
321 729 7960
18 783 7960
396 588 7960
364 550 7960
11 395 7960
148 392 7960
313 553 7960
391 757 7960
136 217 7960
50 629 7960
208 304 7960
359 593 7960
216 281 7960
221 606 7960
158 630 7960
73 443 7960
4 92 7960
119 226 7960
153 560 7960
279 504 7960
108 745 7960
61 538 7960
35 104 7960
158 652 7960
200 435 7960
203 689 7960
120 730 7960
223 480 7960
102 530 7960
256 369 7960
246 576 7960
200 492 7960
186 382 7960
271 315 7960
283 654 7960
95 476 7960
229 395 7960
304 337 7960
83 540 7960
55 554 7960
366 699 7960
155 216 7960
205 216 7960
137 369 7960
386 442 7960
2 358 7960
147 260 7960
171 649 7960
344 602 7960
318 688 7960
195 667 7960
81 221 7960
315 790 7960
260 443 7960
327 638 7960
57 487 7960
8 615 7960
394 492 7960
100 346 7960
69 546 7960
362 662 7960
189 485 7960
180 276 7960
233 390 7960
240 421 7960
350 398 7960
323 530 7960
100 189 7960
159 353 7960
219 642 7960
109 526 7960
311 448 7960
353 787 7960
296 698 7960
313 594 7960
61 278 7960
195 523 7960
73 576 7960
346 614 7960
52 88 7960
289 695 7960
314 420 7960
124 155 7960
254 500 7960
83 371 7960
344 693 7960
27 230 7960
231 338 7960
151 457 7960
42 149 7960
392 763 7960
117 193 7960
125 155 7960
95 350 7960
257 349 7960
305 658 7960
95 302 7960
282 321 7960
78 753 7960
36 725 7960
49 104 7960
315 356 7960
52 381 7960
384 683 7960
332 680 7960
21 660 7960
336 557 7960
217 536 7960
389 751 7960
344 702 7960
3 170 7960
349 795 7960
331 608 7960
281 291 7960
46 192 7960
345 520 7960
253 291 7960
61 674 7960
190 423 7960
312 604 7960
239 454 7960
51 359 7960
170 550 7960
93 287 7960
6 564 7960
66 110 7960
148 706 7960
156 490 7960
305 382 7960
330 377 7960
344 507 7960
352 517 7960
306 567 7960
57 779 7960
353 745 7960
370 436 7960
305 644 7960
125 265 7960
265 678 7960
118 170 7960
223 337 7960
74 179 7960
312 703 7960
170 790 7960
48 365 7960
3 672 7960
69 624 7960
214 293 7960
379 590 7960
64 352 7960
311 776 7960
157 719 7960
118 628 7960
309 454 7960
202 214 7960
252 668 7960
12 737 7960
189 241 7960
52 190 7960
207 672 7960
250 623 7960
186 668 7960
344 452 7960
60 78 7960
171 567 7960
172 342 7960
106 195 7960
123 146 7960
321 778 7960
327 476 7960
306 414 7960
40 480 7960
114 485 7960
117 154 7960
238 588 7960
61 622 7960
159 453 7960
254 616 7960
98 329 7960
365 640 7960
367 643 7960
295 558 7960
35 100 7960
354 579 7960
75 772 7960
249 732 7960
55 779 7960
243 549 7960
243 603 7960
209 534 7960
109 652 7960
314 596 7960
186 574 7960
299 787 7960
229 697 7960
30 657 7960
265 498 7960
21 770 7960
99 262 7960
71 783 7960
71 146 7960
55 754 7960
167 403 7960
253 403 7960
179 570 7960
116 325 7960
363 538 7960
69 557 7960
62 702 7960
83 603 7960
2 52 7960
21 142 7960
144 276 7960
144 589 7960
56 364 7960
103 315 7960
133 596 7960
86 224 7960
267 291 7960
40 367 7960
358 457 7960
226 507 7960
259 592 7960
256 724 7960
330 627 7960
171 457 7960
258 733 7960
48 146 7960
266 643 7960
189 478 7960
293 792 7960
389 651 7960
183 520 7960
182 467 7960
149 333 7960
120 741 7960
148 772 7960
228 375 7960
302 506 7960
320 511 7960
227 635 7960
124 413 7960
25 517 7960
222 633 7960
35 771 7960
0 471 7960
242 518 7960
30 688 7960
386 433 7960
176 708 7960
214 771 7960
40 552 7960
163 246 7960
320 367 7960
319 712 7960
42 786 7960
130 496 7960
267 637 7960
290 473 7960
288 357 7960
323 615 7960
268 671 7960
93 284 7960
125 381 7960
75 356 7960
11 408 7960
10 114 7960
46 361 7960
190 659 7960
111 666 7960
230 547 7960
387 593 7960
210 749 7960
181 680 7960
349 626 7960
19 455 7960
344 716 7960
346 587 7960
211 791 7960
243 589 7960
268 540 7960
258 649 7960
89 387 7960
391 750 7960
273 640 7960
267 385 7960
114 492 7960
25 105 7960
332 536 7960
136 281 7960
48 411 7960
137 687 7960
138 511 7960
295 398 7960
289 704 7960
202 601 7960
170 211 7960
21 684 7960
242 528 7960
256 591 7960
213 600 7960
275 409 7960
214 329 7960
359 702 7960
147 648 7960
154 555 7960
84 470 7960
75 715 7960
39 793 7960
326 609 7960
250 478 7960
395 643 7960
155 621 7960
370 577 7960
303 385 7960
197 372 7960
0 776 7960
396 773 7960
185 783 7960
284 616 7960
149 776 7960
144 248 7960
103 541 7960
60 306 7960
98 400 7960
197 579 7960
293 738 7960
206 390 7960
16 314 7960
160 259 7960
148 647 7960
277 541 7960
202 511 7960
266 347 7960
59 613 7960
133 136 7960
300 590 7960
19 98 7960
320 327 7960
306 620 7960
306 439 7960
118 266 7960
371 695 7960
256 559 7960
173 397 7960
20 224 7960
325 607 7960
150 489 7960
300 433 7960
314 381 7960
80 694 7960
252 275 7960
41 380 7960
397 412 7960
124 484 7960
52 335 7960
96 720 7960
116 529 7960
188 649 7960
180 501 7960
171 699 7960
58 423 7960
246 718 7960
150 226 7960
365 376 7960
126 616 7960
80 273 7960
352 529 7960
98 426 7960
297 710 7960
308 327 7960
17 395 7960
113 674 7960
378 616 7960
160 364 7960
115 277 7960
264 370 7960
273 740 7960
227 304 7960
212 674 7960
13 496 7960
22 253 7960
380 766 7960
115 443 7960
134 537 7960
365 612 7960
152 573 7960
175 243 7960
356 735 7960
110 512 7960
1 661 7960
171 761 7960
85 675 7960
88 673 7960
303 672 7960
120 457 7960
50 152 7960
293 629 7960
235 414 7960
260 709 7960
178 780 7960
326 563 7960
322 757 7960
79 589 7960
76 501 7960
136 531 7960
264 732 7960
321 744 7960
192 488 7960
43 291 7960
192 788 7960
96 123 7960
122 605 7960
275 381 7960
164 606 7960
247 319 7960
2 188 7960
45 533 7960
103 548 7960
95 162 7960
93 228 7960
393 410 7960
378 488 7960
43 283 7960
172 439 7960
245 612 7960
173 584 7960
323 370 7960
352 647 7960
261 575 7960
6 728 7960
178 322 7960
12 750 7960
71 228 7960
230 311 7960
78 182 7960
230 381 7960
394 558 7960
101 734 7960
125 215 7960
248 574 7960
258 719 7960
309 463 7960
40 481 7960
15 210 7960
214 260 7960
117 527 7960
360 687 7960
289 499 7960
228 518 7960
278 473 7960
52 680 7960
298 575 7960
350 755 7960
381 452 7960
3 136 7960
0 498 7960
136 248 7960
105 527 7960
234 775 7960
285 558 7960
298 768 7960
45 716 7960
329 679 7960
325 713 7960
280 556 7960
332 777 7960
52 625 7960
307 354 7960
334 402 7960
338 733 7960
158 509 7960
28 458 7960
188 385 7960
247 380 7960
344 661 7960
242 482 7960
210 551 7960
196 496 7960
165 697 7960
187 281 7960
228 313 7960
28 752 7960
266 585 7960
216 446 7960
318 664 7960
258 283 7960
235 296 7960
389 663 7960
302 346 7960
5 129 7960
320 715 7960
354 691 7960
272 714 7960
337 547 7960
236 337 7960
307 763 7960
58 441 7960
383 782 7960
78 578 7960
335 722 7960
292 737 7960
137 316 7960
342 758 7960
386 411 7960
150 226 7960
294 337 7960
167 511 7960
121 583 7960
142 508 7960
108 699 7960
76 150 7960
139 270 7960
158 376 7960
303 766 7960
112 606 7960
74 482 7960
67 320 7960
134 694 7960
218 605 7960
236 617 7960
121 289 7960
164 429 7960
98 344 7960
106 546 7960
343 679 7960
8 534 7960
27 484 7960
396 547 7960
265 674 7960
13 593 7960
199 459 7960
261 788 7960
306 538 7960
232 499 7960
202 552 7960
259 760 7960
20 292 7960
381 600 7960
310 698 7960
259 377 7960
77 304 7960
138 594 7960
215 495 7960
40 307 7960
295 467 7960
89 741 7960
331 558 7960
233 314 7960
394 477 7960
122 199 7960
65 657 7960
79 722 7960
54 572 7960
17 316 7960
261 462 7960
316 759 7960
314 463 7960
318 684 7960
267 639 7960
248 573 7960
35 85 7960
71 407 7960
314 502 7960
74 185 7960
124 777 7960
314 470 7960
297 402 7960
20 593 7960
166 196 7960
390 396 7960
79 447 7960
367 750 7960
345 573 7960
309 633 7960
268 772 7960
232 468 7960
385 607 7960
141 354 7960
33 713 7960
34 226 7960
106 546 7960
222 660 7960
394 549 7960
302 776 7960
212 789 7960
38 335 7960
311 698 7960
23 143 7960
306 726 7960
51 761 7960
169 701 7960
365 407 7960
44 728 7960
304 771 7960
292 444 7960
55 583 7960
219 483 7960
74 762 7960
189 769 7960
101 298 7960
76 279 7960
248 466 7960
83 388 7960
367 776 7960
68 593 7960
160 500 7960
364 372 7960
57 401 7960
182 524 7960
386 608 7960
373 480 7960
363 498 7960
389 649 7960
27 638 7960
279 563 7960
295 513 7960
65 209 7960
307 369 7960
386 566 7960
160 638 7960
327 585 7960
368 471 7960
137 379 7960
280 519 7960
135 580 7960
45 466 7960
72 599 7960
133 535 7960
27 416 7960
93 592 7960
383 592 7960
60 763 7960
371 723 7960
104 382 7960
360 652 7960
46 197 7960
72 233 7960
369 728 7960
74 331 7960
355 437 7960
14 735 7960
108 622 7960
362 378 7960
3 410 7960
358 500 7960
87 590 7960
199 614 7960
247 771 7960
129 235 7960
25 322 7960
389 773 7960
120 251 7960
319 322 7960
97 555 7960
11 134 7960
189 483 7960
66 663 7960
352 527 7960
343 445 7960
52 669 7960
251 746 7960
98 110 7960
307 448 7960
379 385 7960
385 574 7960
