0 1 8000
1 2 8000
2 3 8000
3 4 8000
4 5 8000
5 6 8000
6 7 8000
7 8 8000
8 9 8000
9 10 8000
10 11 8000
11 12 8000
12 13 8000
13 14 8000
14 15 8000
15 16 8000
16 17 8000
17 18 8000
18 19 8000
19 20 8000
20 21 8000
21 22 8000
22 23 8000
23 24 8000
24 25 8000
25 26 8000
26 27 8000
27 28 8000
28 29 8000
29 30 8000
30 31 8000
31 32 8000
32 33 8000
33 34 8000
34 35 8000
35 36 8000
36 37 8000
37 38 8000
38 39 8000
39 40 8000
40 41 8000
41 42 8000
42 43 8000
43 44 8000
44 45 8000
45 46 8000
46 47 8000
47 48 8000
48 49 8000
49 50 8000
50 51 8000
51 52 8000
52 53 8000
53 54 8000
54 55 8000
55 56 8000
56 57 8000
57 58 8000
58 59 8000
59 60 8000
60 61 8000
61 62 8000
62 63 8000
63 64 8000
64 65 8000
65 66 8000
66 67 8000
67 68 8000
68 69 8000
69 70 8000
70 71 8000
71 72 8000
72 73 8000
73 74 8000
74 75 8000
75 76 8000
76 77 8000
77 78 8000
78 79 8000
79 80 8000
80 81 8000
81 82 8000
82 83 8000
83 84 8000
84 85 8000
85 86 8000
86 87 8000
87 88 8000
88 89 8000
89 90 8000
90 91 8000
91 92 8000
92 93 8000
93 94 8000
94 95 8000
95 96 8000
96 97 8000
97 98 8000
98 99 8000
99 100 8000
100 101 8000
101 102 8000
102 103 8000
103 104 8000
104 105 8000
105 106 8000
106 107 8000
107 108 8000
108 109 8000
109 110 8000
110 111 8000
111 112 8000
112 113 8000
113 114 8000
114 115 8000
115 116 8000
116 117 8000
117 118 8000
118 119 8000
119 120 8000
120 121 8000
121 122 8000
122 123 8000
123 124 8000
124 125 8000
125 126 8000
126 127 8000
127 128 8000
128 129 8000
129 130 8000
130 131 8000
131 132 8000
132 133 8000
133 134 8000
134 135 8000
135 136 8000
136 137 8000
137 138 8000
138 139 8000
139 140 8000
140 141 8000
141 142 8000
142 143 8000
143 144 8000
144 145 8000
145 146 8000
146 147 8000
147 148 8000
148 149 8000
149 150 8000
150 151 8000
151 152 8000
152 153 8000
153 154 8000
154 155 8000
155 156 8000
156 157 8000
157 158 8000
158 159 8000
159 160 8000
160 161 8000
161 162 8000
162 163 8000
163 164 8000
164 165 8000
165 166 8000
166 167 8000
167 168 8000
168 169 8000
169 170 8000
170 171 8000
171 172 8000
172 173 8000
173 174 8000
174 175 8000
175 176 8000
176 177 8000
177 178 8000
178 179 8000
179 180 8000
180 181 8000
181 182 8000
182 183 8000
183 184 8000
184 185 8000
185 186 8000
186 187 8000
187 188 8000
188 189 8000
189 190 8000
190 191 8000
191 192 8000
192 193 8000
193 194 8000
194 195 8000
195 196 8000
196 197 8000
197 198 8000
198 199 8000
199 200 8000
200 201 8000
201 202 8000
202 203 8000
203 204 8000
204 205 8000
205 206 8000
206 207 8000
207 208 8000
208 209 8000
209 210 8000
210 211 8000
211 212 8000
212 213 8000
213 214 8000
214 215 8000
215 216 8000
216 217 8000
217 218 8000
218 219 8000
219 220 8000
220 221 8000
221 222 8000
222 223 8000
223 224 8000
224 225 8000
225 226 8000
226 227 8000
227 228 8000
228 229 8000
229 230 8000
230 231 8000
231 232 8000
232 233 8000
233 234 8000
234 235 8000
235 236 8000
236 237 8000
237 238 8000
238 239 8000
239 240 8000
240 241 8000
241 242 8000
242 243 8000
243 244 8000
244 245 8000
245 246 8000
246 247 8000
247 248 8000
248 249 8000
249 250 8000
250 251 8000
251 252 8000
252 253 8000
253 254 8000
254 255 8000
255 256 8000
256 257 8000
257 258 8000
258 259 8000
259 260 8000
260 261 8000
261 262 8000
262 263 8000
263 264 8000
264 265 8000
265 266 8000
266 267 8000
267 268 8000
268 269 8000
269 270 8000
270 271 8000
271 272 8000
272 273 8000
273 274 8000
274 275 8000
275 276 8000
276 277 8000
277 278 8000
278 279 8000
279 280 8000
280 281 8000
281 282 8000
282 283 8000
283 284 8000
284 285 8000
285 286 8000
286 287 8000
287 288 8000
288 289 8000
289 290 8000
290 291 8000
291 292 8000
292 293 8000
293 294 8000
294 295 8000
295 296 8000
296 297 8000
297 298 8000
298 299 8000
299 300 8000
300 301 8000
301 302 8000
302 303 8000
303 304 8000
304 305 8000
305 306 8000
306 307 8000
307 308 8000
308 309 8000
309 310 8000
310 311 8000
311 312 8000
312 313 8000
313 314 8000
314 315 8000
315 316 8000
316 317 8000
317 318 8000
318 319 8000
319 320 8000
320 321 8000
321 322 8000
322 323 8000
323 324 8000
324 325 8000
325 326 8000
326 327 8000
327 328 8000
328 329 8000
329 330 8000
330 331 8000
331 332 8000
332 333 8000
333 334 8000
334 335 8000
335 336 8000
336 337 8000
337 338 8000
338 339 8000
339 340 8000
340 341 8000
341 342 8000
342 343 8000
343 344 8000
344 345 8000
345 346 8000
346 347 8000
347 348 8000
348 349 8000
349 350 8000
350 351 8000
351 352 8000
352 353 8000
353 354 8000
354 355 8000
355 356 8000
356 357 8000
357 358 8000
358 359 8000
359 360 8000
360 361 8000
361 362 8000
362 363 8000
363 364 8000
364 365 8000
365 366 8000
366 367 8000
367 368 8000
368 369 8000
369 370 8000
370 371 8000
371 372 8000
372 373 8000
373 374 8000
374 375 8000
375 376 8000
376 377 8000
377 378 8000
378 379 8000
379 380 8000
380 381 8000
381 382 8000
382 383 8000
383 384 8000
384 385 8000
385 386 8000
386 387 8000
387 388 8000
388 389 8000
389 390 8000
390 391 8000
391 392 8000
392 393 8000
393 394 8000
394 395 8000
395 396 8000
396 397 8000
397 398 8000
398 399 8000
399 400 8000
400 401 8000
401 402 8000
402 403 8000
403 404 8000
404 405 8000
405 406 8000
406 407 8000
407 408 8000
408 409 8000
409 410 8000
410 411 8000
411 412 8000
412 413 8000
413 414 8000
414 415 8000
415 416 8000
416 417 8000
417 418 8000
418 419 8000
419 420 8000
420 421 8000
421 422 8000
422 423 8000
423 424 8000
424 425 8000
425 426 8000
426 427 8000
427 428 8000
428 429 8000
429 430 8000
430 431 8000
431 432 8000
432 433 8000
433 434 8000
434 435 8000
435 436 8000
436 437 8000
437 438 8000
438 439 8000
439 440 8000
440 441 8000
441 442 8000
442 443 8000
443 444 8000
444 445 8000
445 446 8000
446 447 8000
447 448 8000
448 449 8000
449 450 8000
450 451 8000
451 452 8000
452 453 8000
453 454 8000
454 455 8000
455 456 8000
456 457 8000
457 458 8000
458 459 8000
459 460 8000
460 461 8000
461 462 8000
462 463 8000
463 464 8000
464 465 8000
465 466 8000
466 467 8000
467 468 8000
468 469 8000
469 470 8000
470 471 8000
471 472 8000
472 473 8000
473 474 8000
474 475 8000
475 476 8000
476 477 8000
477 478 8000
478 479 8000
479 480 8000
480 481 8000
481 482 8000
482 483 8000
483 484 8000
484 485 8000
485 486 8000
486 487 8000
487 488 8000
488 489 8000
489 490 8000
490 491 8000
491 492 8000
492 493 8000
493 494 8000
494 495 8000
495 496 8000
496 497 8000
497 498 8000
498 499 8000
499 500 8000
500 501 8000
501 502 8000
502 503 8000
503 504 8000
504 505 8000
505 506 8000
506 507 8000
507 508 8000
508 509 8000
509 510 8000
510 511 8000
511 512 8000
512 513 8000
513 514 8000
514 515 8000
515 516 8000
516 517 8000
517 518 8000
518 519 8000
519 520 8000
520 521 8000
521 522 8000
522 523 8000
523 524 8000
524 525 8000
525 526 8000
526 527 8000
527 528 8000
528 529 8000
529 530 8000
530 531 8000
531 532 8000
532 533 8000
533 534 8000
534 535 8000
535 536 8000
536 537 8000
537 538 8000
538 539 8000
539 540 8000
540 541 8000
541 542 8000
542 543 8000
543 544 8000
544 545 8000
545 546 8000
546 547 8000
547 548 8000
548 549 8000
549 550 8000
550 551 8000
551 552 8000
552 553 8000
553 554 8000
554 555 8000
555 556 8000
556 557 8000
557 558 8000
558 559 8000
559 560 8000
560 561 8000
561 562 8000
562 563 8000
563 564 8000
564 565 8000
565 566 8000
566 567 8000
567 568 8000
568 569 8000
569 570 8000
570 571 8000
571 572 8000
572 573 8000
573 574 8000
574 575 8000
575 576 8000
576 577 8000
577 578 8000
578 579 8000
579 580 8000
580 581 8000
581 582 8000
582 583 8000
583 584 8000
584 585 8000
585 586 8000
586 587 8000
587 588 8000
588 589 8000
589 590 8000
590 591 8000
591 592 8000
592 593 8000
593 594 8000
594 595 8000
595 596 8000
596 597 8000
597 598 8000
598 599 8000
599 600 8000
600 601 8000
601 602 8000
602 603 8000
603 604 8000
604 605 8000
605 606 8000
606 607 8000
607 608 8000
608 609 8000
609 610 8000
610 611 8000
611 612 8000
612 613 8000
613 614 8000
614 615 8000
615 616 8000
616 617 8000
617 618 8000
618 619 8000
619 620 8000
620 621 8000
621 622 8000
622 623 8000
623 624 8000
624 625 8000
625 626 8000
626 627 8000
627 628 8000
628 629 8000
629 630 8000
630 631 8000
631 632 8000
632 633 8000
633 634 8000
634 635 8000
635 636 8000
636 637 8000
637 638 8000
638 639 8000
639 640 8000
640 641 8000
641 642 8000
642 643 8000
643 644 8000
644 645 8000
645 646 8000
646 647 8000
647 648 8000
648 649 8000
649 650 8000
650 651 8000
651 652 8000
652 653 8000
653 654 8000
654 655 8000
655 656 8000
656 657 8000
657 658 8000
658 659 8000
659 660 8000
660 661 8000
661 662 8000
662 663 8000
663 664 8000
664 665 8000
665 666 8000
666 667 8000
667 668 8000
668 669 8000
669 670 8000
670 671 8000
671 672 8000
672 673 8000
673 674 8000
674 675 8000
675 676 8000
676 677 8000
677 678 8000
678 679 8000
679 680 8000
680 681 8000
681 682 8000
682 683 8000
683 684 8000
684 685 8000
685 686 8000
686 687 8000
687 688 8000
688 689 8000
689 690 8000
690 691 8000
691 692 8000
692 693 8000
693 694 8000
694 695 8000
695 696 8000
696 697 8000
697 698 8000
698 699 8000
699 700 8000
700 701 8000
701 702 8000
702 703 8000
703 704 8000
704 705 8000
705 706 8000
706 707 8000
707 708 8000
708 709 8000
709 710 8000
710 711 8000
711 712 8000
712 713 8000
713 714 8000
714 715 8000
715 716 8000
716 717 8000
717 718 8000
718 719 8000
719 720 8000
720 721 8000
721 722 8000
722 723 8000
723 724 8000
724 725 8000
725 726 8000
726 727 8000
727 728 8000
728 729 8000
729 730 8000
730 731 8000
731 732 8000
732 733 8000
733 734 8000
734 735 8000
735 736 8000
736 737 8000
737 738 8000
738 739 8000
739 740 8000
740 741 8000
741 742 8000
742 743 8000
743 744 8000
744 745 8000
745 746 8000
746 747 8000
747 748 8000
748 749 8000
749 750 8000
750 751 8000
751 752 8000
752 753 8000
753 754 8000
754 755 8000
755 756 8000
756 757 8000
757 758 8000
758 759 8000
759 760 8000
760 761 8000
761 762 8000
762 763 8000
763 764 8000
764 765 8000
765 766 8000
766 767 8000
767 768 8000
768 769 8000
769 770 8000
770 771 8000
771 772 8000
772 773 8000
773 774 8000
774 775 8000
775 776 8000
776 777 8000
777 778 8000
778 779 8000
779 780 8000
780 781 8000
781 782 8000
782 783 8000
783 784 8000
784 785 8000
785 786 8000
786 787 8000
787 788 8000
788 789 8000
789 790 8000
790 791 8000
791 792 8000
792 793 8000
793 794 8000
794 795 8000
795 796 8000
796 797 8000
797 798 8000
798 799 8000
316 737 8000
343 758 8000
234 580 8000
330 527 8000
319 340 8000
202 258 8000
150 463 8000
296 598 8000
341 423 8000
267 396 8000
7 21 8000
132 695 8000
90 547 8000
327 596 8000
353 605 8000
267 446 8000
24 385 8000
156 298 8000
397 786 8000
55 218 8000
160 189 8000
35 466 8000
264 463 8000
109 730 8000
367 457 8000
322 658 8000
50 480 8000
63 553 8000
130 317 8000
140 234 8000
380 464 8000
365 470 8000
46 533 8000
70 190 8000
353 474 8000
133 148 8000
289 581 8000
207 543 8000
43 425 8000
41 693 8000
245 689 8000
49 285 8000
109 252 8000
390 629 8000
316 625 8000
51 653 8000
172 672 8000
363 451 8000
239 522 8000
85 219 8000
83 589 8000
306 634 8000
277 625 8000
193 722 8000
277 353 8000
1 353 8000
360 445 8000
303 665 8000
57 601 8000
11 483 8000
302 416 8000
275 455 8000
249 360 8000
277 327 8000
344 518 8000
50 69 8000
70 441 8000
106 695 8000
360 515 8000
31 52 8000
342 474 8000
137 671 8000
27 242 8000
324 755 8000
220 281 8000
307 331 8000
201 333 8000
90 289 8000
246 266 8000
246 369 8000
242 627 8000
255 628 8000
174 385 8000
47 636 8000
15 786 8000
299 405 8000
81 557 8000
122 414 8000
314 771 8000
381 695 8000
168 473 8000
225 246 8000
270 719 8000
202 631 8000
138 327 8000
257 505 8000
183 337 8000
304 746 8000
101 323 8000
79 89 8000
189 410 8000
142 418 8000
351 591 8000
273 351 8000
348 766 8000
154 767 8000
147 455 8000
229 296 8000
66 480 8000
76 101 8000
47 50 8000
40 205 8000
95 323 8000
151 271 8000
243 541 8000
204 573 8000
148 668 8000
167 354 8000
55 708 8000
193 387 8000
177 309 8000
31 562 8000
397 402 8000
61 437 8000
359 462 8000
187 248 8000
172 510 8000
300 351 8000
71 250 8000
244 309 8000
263 367 8000
112 741 8000
161 606 8000
11 62 8000
297 396 8000
394 646 8000
86 465 8000
37 318 8000
50 271 8000
341 591 8000
46 613 8000
385 503 8000
152 729 8000
46 335 8000
176 302 8000
202 401 8000
180 418 8000
291 485 8000
325 426 8000
226 532 8000
15 670 8000
324 563 8000
36 576 8000
396 773 8000
10 465 8000
51 646 8000
257 351 8000
50 371 8000
312 459 8000
246 465 8000
354 570 8000
296 416 8000
93 582 8000
257 336 8000
314 417 8000
246 353 8000
42 428 8000
286 343 8000
325 628 8000
352 498 8000
2 112 8000
79 637 8000
233 366 8000
132 785 8000
49 157 8000
321 496 8000
131 625 8000
364 691 8000
388 456 8000
390 457 8000
185 620 8000
385 447 8000
341 767 8000
119 540 8000
104 115 8000
256 574 8000
212 456 8000
140 520 8000
141 517 8000
276 652 8000
164 241 8000
343 797 8000
274 725 8000
143 792 8000
305 467 8000
264 495 8000
249 532 8000
151 324 8000
287 377 8000
248 678 8000
18 282 8000
190 395 8000
310 587 8000
133 357 8000
177 320 8000
245 580 8000
366 631 8000
77 384 8000
104 365 8000
338 741 8000
235 285 8000
80 284 8000
186 617 8000
161 518 8000
325 403 8000
255 695 8000
42 325 8000
216 616 8000
31 69 8000
47 66 8000
356 549 8000
289 770 8000
74 431 8000
318 397 8000
85 251 8000
338 650 8000
314 558 8000
308 497 8000
192 650 8000
72 442 8000
396 734 8000
197 411 8000
105 578 8000
90 741 8000
49 259 8000
336 479 8000
333 583 8000
350 744 8000
143 470 8000
333 632 8000
56 555 8000
224 533 8000
396 705 8000
232 782 8000
337 660 8000
250 556 8000
63 384 8000
235 289 8000
318 603 8000
170 196 8000
252 604 8000
379 637 8000
339 681 8000
378 457 8000
159 216 8000
44 407 8000
223 623 8000
386 715 8000
177 361 8000
212 371 8000
136 183 8000
279 597 8000
99 635 8000
219 274 8000
334 524 8000
232 600 8000
73 598 8000
294 746 8000
327 794 8000
40 240 8000
226 275 8000
327 632 8000
3 746 8000
390 432 8000
134 259 8000
299 685 8000
35 398 8000
115 229 8000
282 675 8000
366 437 8000
10 347 8000
103 273 8000
328 411 8000
278 649 8000
397 428 8000
373 655 8000
95 185 8000
231 647 8000
11 452 8000
21 762 8000
4 545 8000
183 340 8000
212 560 8000
69 666 8000
6 132 8000
255 292 8000
95 325 8000
105 653 8000
359 785 8000
111 782 8000
339 367 8000
268 529 8000
62 228 8000
189 752 8000
6 566 8000
284 606 8000
154 180 8000
175 617 8000
235 631 8000
257 542 8000
147 251 8000
54 384 8000
299 781 8000
295 662 8000
336 470 8000
101 421 8000
307 614 8000
138 733 8000
272 749 8000
385 451 8000
33 106 8000
33 317 8000
138 782 8000
247 353 8000
124 798 8000
341 655 8000
398 759 8000
379 442 8000
319 622 8000
117 312 8000
276 474 8000
299 514 8000
380 718 8000
23 560 8000
186 519 8000
167 586 8000
43 64 8000
292 351 8000
280 681 8000
392 502 8000
319 592 8000
345 751 8000
149 619 8000
333 521 8000
300 667 8000
253 600 8000
235 640 8000
79 160 8000
299 660 8000
179 351 8000
195 311 8000
278 367 8000
396 484 8000
296 478 8000
57 461 8000
387 773 8000
332 485 8000
54 469 8000
12 570 8000
61 111 8000
333 730 8000
161 267 8000
312 591 8000
224 662 8000
27 408 8000
209 521 8000
302 684 8000
349 639 8000
87 598 8000
300 595 8000
284 325 8000
325 388 8000
112 247 8000
81 300 8000
101 453 8000
58 210 8000
96 324 8000
3 278 8000
235 708 8000
288 694 8000
295 732 8000
302 752 8000
125 776 8000
301 473 8000
260 303 8000
113 608 8000
181 612 8000
248 260 8000
282 308 8000
366 462 8000
373 650 8000
330 363 8000
320 731 8000
20 50 8000
330 673 8000
64 531 8000
343 754 8000
387 409 8000
79 312 8000
249 258 8000
184 770 8000
235 445 8000
350 693 8000
17 488 8000
370 757 8000
154 767 8000
80 639 8000
28 392 8000
142 261 8000
220 363 8000
360 623 8000
300 748 8000
189 308 8000
245 483 8000
45 799 8000
324 739 8000
114 344 8000
78 320 8000
262 471 8000
282 744 8000
41 434 8000
192 510 8000
287 522 8000
169 432 8000
101 737 8000
173 485 8000
100 583 8000
270 677 8000
98 653 8000
105 664 8000
209 599 8000
238 760 8000
372 617 8000
280 380 8000
194 211 8000
95 724 8000
369 395 8000
385 498 8000
123 434 8000
183 692 8000
89 510 8000
14 441 8000
265 541 8000
130 331 8000
234 677 8000
384 543 8000
259 640 8000
260 627 8000
397 731 8000
283 448 8000
248 268 8000
376 635 8000
189 676 8000
310 778 8000
260 654 8000
170 451 8000
127 754 8000
246 443 8000
250 563 8000
152 564 8000
299 747 8000
324 605 8000
162 411 8000
320 626 8000
258 355 8000
44 742 8000
192 290 8000
74 729 8000
232 248 8000
195 730 8000
87 690 8000
226 670 8000
173 236 8000
67 675 8000
8 662 8000
20 755 8000
299 489 8000
77 198 8000
87 756 8000
358 746 8000
139 305 8000
197 249 8000
263 604 8000
58 117 8000
239 461 8000
5 655 8000
306 328 8000
299 564 8000
85 112 8000
394 764 8000
158 244 8000
362 747 8000
242 583 8000
239 518 8000
278 727 8000
381 566 8000
196 386 8000
222 596 8000
359 617 8000
376 490 8000
377 582 8000
25 435 8000
322 601 8000
358 367 8000
115 273 8000
304 656 8000
242 269 8000
79 92 8000
93 219 8000
369 409 8000
41 434 8000
272 577 8000
90 252 8000
140 402 8000
89 262 8000
59 452 8000
28 102 8000
284 684 8000
32 413 8000
259 447 8000
159 619 8000
129 651 8000
282 619 8000
91 435 8000
8 598 8000
59 500 8000
185 518 8000
194 743 8000
119 461 8000
88 530 8000
134 264 8000
290 777 8000
56 715 8000
262 400 8000
6 109 8000
11 465 8000
234 728 8000
223 547 8000
323 458 8000
172 333 8000
262 728 8000
313 794 8000
97 454 8000
379 600 8000
47 729 8000
266 682 8000
69 119 8000
213 674 8000
294 381 8000
196 279 8000
391 790 8000
174 240 8000
191 590 8000
314 655 8000
281 343 8000
206 410 8000
133 141 8000
179 362 8000
170 638 8000
119 511 8000
1 649 8000
96 466 8000
6 425 8000
238 622 8000
44 465 8000
26 510 8000
132 322 8000
135 437 8000
297 390 8000
171 274 8000
320 429 8000
108 396 8000
132 172 8000
381 663 8000
395 774 8000
246 645 8000
67 174 8000
267 594 8000
324 725 8000
228 680 8000
173 425 8000
331 472 8000
71 148 8000
189 365 8000
199 602 8000
95 432 8000
197 210 8000
121 769 8000
272 658 8000
398 424 8000
391 709 8000
86 757 8000
251 463 8000
330 764 8000
154 543 8000
94 732 8000
225 741 8000
87 610 8000
240 602 8000
120 632 8000
295 459 8000
221 367 8000
22 313 8000
40 792 8000
282 602 8000
343 624 8000
266 530 8000
35 458 8000
153 275 8000
157 546 8000
179 363 8000
378 384 8000
335 703 8000
115 758 8000
32 513 8000
137 621 8000
152 675 8000
148 342 8000
310 477 8000
394 753 8000
400 412 8000
54 274 8000
108 677 8000
169 689 8000
12 82 8000
243 766 8000
315 417 8000
333 768 8000
375 793 8000
256 597 8000
6 510 8000
1 786 8000
172 508 8000
93 382 8000
62 694 8000
298 691 8000
263 787 8000
201 506 8000
9 356 8000
374 739 8000
206 766 8000
88 772 8000
30 56 8000
380 657 8000
29 357 8000
216 478 8000
327 674 8000
310 677 8000
318 454 8000
253 774 8000
320 366 8000
202 629 8000
69 788 8000
248 447 8000
181 525 8000
12 261 8000
225 383 8000
376 611 8000
373 793 8000
318 406 8000
155 610 8000
226 428 8000
365 488 8000
228 605 8000
79 281 8000
188 774 8000
240 317 8000
241 440 8000
52 558 8000
346 783 8000
315 598 8000
216 230 8000
10 521 8000
202 230 8000
165 547 8000
259 532 8000
228 752 8000
186 323 8000
188 636 8000
230 296 8000
0 239 8000
309 577 8000
183 449 8000
180 364 8000
324 528 8000
12 321 8000
265 544 8000
31 390 8000
70 400 8000
304 358 8000
135 338 8000
236 338 8000
97 678 8000
59 179 8000
86 554 8000
329 767 8000
132 576 8000
7 775 8000
209 619 8000
132 236 8000
155 552 8000
144 631 8000
139 278 8000
4 763 8000
155 190 8000
25 509 8000
349 676 8000
222 285 8000
60 785 8000
20 327 8000
334 452 8000
53 662 8000
332 522 8000
316 625 8000
314 794 8000
205 642 8000
31 491 8000
335 762 8000
74 480 8000
100 648 8000
3 626 8000
60 362 8000
164 547 8000
81 450 8000
383 478 8000
355 448 8000
47 690 8000
225 680 8000
343 421 8000
24 64 8000
91 105 8000
228 291 8000
169 558 8000
105 691 8000
160 770 8000
338 479 8000
209 534 8000
237 764 8000
276 289 8000
291 412 8000
81 592 8000
350 406 8000
230 577 8000
46 276 8000
390 594 8000
280 304 8000
171 680 8000
236 454 8000
360 701 8000
50 663 8000
53 296 8000
83 133 8000
121 498 8000
287 476 8000
101 415 8000
366 739 8000
359 482 8000
371 627 8000
38 676 8000
29 740 8000
271 351 8000
353 674 8000
53 665 8000
264 390 8000
47 764 8000
13 105 8000
243 623 8000
164 559 8000
318 549 8000
114 382 8000
10 296 8000
371 548 8000
65 474 8000
389 465 8000
254 679 8000
8 621 8000
199 290 8000
20 764 8000
169 736 8000
187 599 8000
50 643 8000
272 308 8000
397 637 8000
320 492 8000
194 223 8000
65 476 8000
266 321 8000
100 294 8000
157 441 8000
220 614 8000
283 516 8000
3 609 8000
198 564 8000
164 553 8000
36 535 8000
157 783 8000
228 307 8000
