0 1 800
1 2 800
2 3 800
3 4 800
4 5 800
5 6 800
6 7 800
7 8 800
8 9 800
9 10 800
10 11 800
11 12 800
12 13 800
13 14 800
14 15 800
15 16 800
16 17 800
17 18 800
18 19 800
19 20 800
20 21 800
21 22 800
22 23 800
23 24 800
24 25 800
25 26 800
26 27 800
27 28 800
28 29 800
29 30 800
30 31 800
31 32 800
32 33 800
33 34 800
34 35 800
35 36 800
36 37 800
37 38 800
38 39 800
39 40 800
40 41 800
41 42 800
42 43 800
43 44 800
44 45 800
45 46 800
46 47 800
47 48 800
48 49 800
49 50 800
50 51 800
51 52 800
52 53 800
53 54 800
54 55 800
55 56 800
56 57 800
57 58 800
58 59 800
59 60 800
60 61 800
61 62 800
62 63 800
63 64 800
64 65 800
65 66 800
66 67 800
67 68 800
68 69 800
69 70 800
70 71 800
71 72 800
72 73 800
73 74 800
74 75 800
75 76 800
76 77 800
77 78 800
78 79 800
10 29 800
36 52 800
3 30 800
15 59 800
13 69 800
7 76 800
17 62 800
3 20 800
16 49 800
12 68 800
35 67 800
7 33 800
33 58 800
19 38 800
16 73 800
8 11 800
0 56 800
4 61 800
22 49 800
8 72 800
35 53 800
8 77 800
21 49 800
5 23 800
14 74 800
17 24 800
24 72 800
34 56 800
38 70 800
34 55 800
25 36 800
37 66 800
6 63 800
33 49 800
9 19 800
37 45 800
30 78 800
11 78 800
29 72 800
27 39 800
7 30 800
20 46 800
31 64 800
25 56 800
19 67 800
19 71 800
27 52 800
38 42 800
27 44 800
15 51 800
14 55 800
4 56 800
14 57 800
1 66 800
32 37 800
39 43 800
15 38 800
29 62 800
5 19 800
5 58 800
36 74 800
8 36 800
12 51 800
35 51 800
12 55 800
0 21 800
23 76 800
39 51 800
19 65 800
29 32 800
3 16 800
15 72 800
2 65 800
23 32 800
0 17 800
24 45 800
12 72 800
37 67 800
9 39 800
