0 1 840
1 2 840
2 3 840
3 4 840
4 5 840
5 6 840
6 7 840
7 8 840
8 9 840
9 10 840
10 11 840
11 12 840
12 13 840
13 14 840
14 15 840
15 16 840
16 17 840
17 18 840
18 19 840
19 20 840
20 21 840
21 22 840
22 23 840
23 24 840
24 25 840
25 26 840
26 27 840
27 28 840
28 29 840
29 30 840
30 31 840
31 32 840
32 33 840
33 34 840
34 35 840
35 36 840
36 37 840
37 38 840
38 39 840
39 40 840
40 41 840
41 42 840
42 43 840
43 44 840
44 45 840
45 46 840
46 47 840
47 48 840
48 49 840
49 50 840
50 51 840
51 52 840
52 53 840
53 54 840
54 55 840
55 56 840
56 57 840
57 58 840
58 59 840
59 60 840
60 61 840
61 62 840
62 63 840
63 64 840
64 65 840
65 66 840
66 67 840
67 68 840
68 69 840
69 70 840
70 71 840
71 72 840
72 73 840
73 74 840
74 75 840
75 76 840
76 77 840
77 78 840
78 79 840
79 80 840
80 81 840
81 82 840
82 83 840
33 83 840
24 54 840
32 71 840
26 53 840
37 82 840
27 36 840
18 65 840
26 38 840
19 31 840
29 37 840
32 79 840
2 33 840
36 74 840
27 65 840
35 42 840
39 46 840
23 45 840
38 50 840
6 25 840
19 67 840
40 47 840
13 30 840
28 31 840
8 53 840
30 40 840
40 81 840
37 46 840
14 81 840
38 53 840
11 59 840
1 46 840
25 54 840
14 23 840
2 33 840
8 51 840
2 12 840
27 46 840
21 38 840
32 34 840
4 38 840
38 73 840
41 49 840
3 63 840
2 40 840
4 62 840
35 50 840
37 59 840
41 77 840
26 65 840
4 72 840
1 34 840
6 52 840
22 78 840
17 70 840
20 31 840
0 42 840
8 82 840
0 3 840
8 81 840
15 22 840
37 61 840
32 58 840
42 48 840
31 47 840
3 65 840
42 69 840
16 81 840
24 54 840
36 65 840
35 74 840
7 57 840
42 45 840
27 43 840
35 51 840
18 31 840
10 33 840
28 80 840
39 44 840
20 83 840
39 49 840
11 54 840
9 26 840
35 78 840
