0 1 880
1 2 880
2 3 880
3 4 880
4 5 880
5 6 880
6 7 880
7 8 880
8 9 880
9 10 880
10 11 880
11 12 880
12 13 880
13 14 880
14 15 880
15 16 880
16 17 880
17 18 880
18 19 880
19 20 880
20 21 880
21 22 880
22 23 880
23 24 880
24 25 880
25 26 880
26 27 880
27 28 880
28 29 880
29 30 880
30 31 880
31 32 880
32 33 880
33 34 880
34 35 880
35 36 880
36 37 880
37 38 880
38 39 880
39 40 880
40 41 880
41 42 880
42 43 880
43 44 880
44 45 880
45 46 880
46 47 880
47 48 880
48 49 880
49 50 880
50 51 880
51 52 880
52 53 880
53 54 880
54 55 880
55 56 880
56 57 880
57 58 880
58 59 880
59 60 880
60 61 880
61 62 880
62 63 880
63 64 880
64 65 880
65 66 880
66 67 880
67 68 880
68 69 880
69 70 880
70 71 880
71 72 880
72 73 880
73 74 880
74 75 880
75 76 880
76 77 880
77 78 880
78 79 880
79 80 880
80 81 880
81 82 880
82 83 880
83 84 880
84 85 880
85 86 880
86 87 880
18 54 880
36 68 880
39 47 880
36 61 880
20 79 880
44 56 880
31 45 880
22 52 880
30 85 880
18 84 880
12 34 880
33 87 880
44 58 880
12 20 880
31 39 880
36 45 880
17 29 880
12 55 880
35 55 880
44 50 880
19 23 880
7 45 880
2 34 880
4 24 880
14 86 880
37 59 880
43 86 880
8 46 880
1 12 880
22 44 880
11 63 880
39 72 880
22 68 880
41 51 880
12 20 880
34 85 880
30 79 880
27 47 880
42 72 880
36 52 880
38 40 880
8 16 880
26 65 880
0 32 880
5 12 880
39 74 880
39 87 880
20 59 880
14 46 880
2 14 880
15 42 880
25 45 880
9 38 880
10 44 880
30 49 880
35 55 880
17 68 880
40 50 880
40 71 880
6 85 880
11 15 880
33 47 880
12 29 880
20 64 880
44 84 880
15 31 880
5 60 880
23 32 880
13 87 880
0 9 880
41 86 880
35 50 880
25 54 880
19 46 880
19 45 880
43 65 880
38 77 880
29 72 880
9 68 880
2 12 880
9 79 880
11 66 880
7 10 880
10 54 880
