0 1 920
1 2 920
2 3 920
3 4 920
4 5 920
5 6 920
6 7 920
7 8 920
8 9 920
9 10 920
10 11 920
11 12 920
12 13 920
13 14 920
14 15 920
15 16 920
16 17 920
17 18 920
18 19 920
19 20 920
20 21 920
21 22 920
22 23 920
23 24 920
24 25 920
25 26 920
26 27 920
27 28 920
28 29 920
29 30 920
30 31 920
31 32 920
32 33 920
33 34 920
34 35 920
35 36 920
36 37 920
37 38 920
38 39 920
39 40 920
40 41 920
41 42 920
42 43 920
43 44 920
44 45 920
45 46 920
46 47 920
47 48 920
48 49 920
49 50 920
50 51 920
51 52 920
52 53 920
53 54 920
54 55 920
55 56 920
56 57 920
57 58 920
58 59 920
59 60 920
60 61 920
61 62 920
62 63 920
63 64 920
64 65 920
65 66 920
66 67 920
67 68 920
68 69 920
69 70 920
70 71 920
71 72 920
72 73 920
73 74 920
74 75 920
75 76 920
76 77 920
77 78 920
78 79 920
79 80 920
80 81 920
81 82 920
82 83 920
83 84 920
84 85 920
85 86 920
86 87 920
87 88 920
88 89 920
89 90 920
90 91 920
11 17 920
6 85 920
22 46 920
18 34 920
10 58 920
35 54 920
30 51 920
7 19 920
37 78 920
7 36 920
25 31 920
21 87 920
4 86 920
30 39 920
38 49 920
10 72 920
22 66 920
20 76 920
10 88 920
4 40 920
23 80 920
35 53 920
0 45 920
29 77 920
33 86 920
29 85 920
40 58 920
31 42 920
11 78 920
39 68 920
24 55 920
1 70 920
2 82 920
1 19 920
40 70 920
16 37 920
18 35 920
6 41 920
39 48 920
8 32 920
12 50 920
18 69 920
24 71 920
33 50 920
45 81 920
2 75 920
2 69 920
18 27 920
41 65 920
8 40 920
8 32 920
43 58 920
5 37 920
42 80 920
9 41 920
10 35 920
32 38 920
3 50 920
20 70 920
35 72 920
39 48 920
43 62 920
43 50 920
21 47 920
13 52 920
38 88 920
31 66 920
43 57 920
43 45 920
14 35 920
37 68 920
27 84 920
35 78 920
40 52 920
31 79 920
38 46 920
28 45 920
28 76 920
4 28 920
30 83 920
2 43 920
24 56 920
2 67 920
9 29 920
27 50 920
24 49 920
1 81 920
0 56 920
24 67 920
33 70 920
