0 1 960
1 2 960
2 3 960
3 4 960
4 5 960
5 6 960
6 7 960
7 8 960
8 9 960
9 10 960
10 11 960
11 12 960
12 13 960
13 14 960
14 15 960
15 16 960
16 17 960
17 18 960
18 19 960
19 20 960
20 21 960
21 22 960
22 23 960
23 24 960
24 25 960
25 26 960
26 27 960
27 28 960
28 29 960
29 30 960
30 31 960
31 32 960
32 33 960
33 34 960
34 35 960
35 36 960
36 37 960
37 38 960
38 39 960
39 40 960
40 41 960
41 42 960
42 43 960
43 44 960
44 45 960
45 46 960
46 47 960
47 48 960
48 49 960
49 50 960
50 51 960
51 52 960
52 53 960
53 54 960
54 55 960
55 56 960
56 57 960
57 58 960
58 59 960
59 60 960
60 61 960
61 62 960
62 63 960
63 64 960
64 65 960
65 66 960
66 67 960
67 68 960
68 69 960
69 70 960
70 71 960
71 72 960
72 73 960
73 74 960
74 75 960
75 76 960
76 77 960
77 78 960
78 79 960
79 80 960
80 81 960
81 82 960
82 83 960
83 84 960
84 85 960
85 86 960
86 87 960
87 88 960
88 89 960
89 90 960
90 91 960
91 92 960
92 93 960
93 94 960
94 95 960
28 45 960
10 82 960
41 82 960
27 58 960
47 62 960
36 60 960
46 87 960
38 95 960
18 85 960
1 38 960
11 76 960
34 75 960
19 94 960
31 90 960
48 79 960
25 40 960
23 55 960
19 29 960
24 72 960
27 94 960
7 65 960
13 79 960
8 61 960
10 39 960
39 55 960
21 64 960
19 33 960
0 26 960
8 90 960
19 75 960
37 63 960
18 21 960
41 58 960
1 59 960
35 78 960
9 18 960
19 83 960
29 76 960
21 54 960
22 76 960
42 76 960
19 54 960
5 50 960
1 64 960
23 57 960
28 32 960
42 56 960
5 79 960
13 85 960
23 45 960
17 76 960
5 52 960
48 65 960
5 90 960
40 94 960
15 25 960
28 87 960
11 87 960
1 59 960
5 79 960
9 77 960
46 83 960
38 70 960
38 90 960
43 85 960
29 50 960
43 90 960
25 50 960
39 42 960
25 80 960
17 66 960
30 60 960
1 95 960
35 86 960
18 54 960
23 58 960
27 40 960
44 55 960
32 90 960
13 90 960
8 90 960
11 70 960
17 67 960
30 42 960
24 90 960
3 76 960
18 70 960
5 51 960
11 67 960
44 57 960
40 70 960
